0	3.437106
1	5.993339
2	5.766993
3	5.639095
4	5.871491
5	6.249168
6	5.868129
7	3.598026
8	4.806641
9	5.243720
10	5.076937
11	4.786322
12	3.533172
13	5.020068
14	4.334026
15	4.287517
16	4.544021
17	4.817935
18	5.353204
19	4.269262
20	5.142889
21	4.796385
22	5.132028
23	5.402130
24	5.031394
25	5.419713
26	5.045443
27	4.512350
28	4.531383
29	4.282921
30	4.742013
31	4.353872
32	4.928014
33	4.630442
34	4.550022
35	4.628178
36	4.471165
37	4.235623
38	5.015354
39	5.123437
40	3.927585
41	5.073482
42	4.291492
43	4.804891
44	4.220629
45	4.235919
46	4.533367
47	4.750378
48	3.885897
49	4.439224
50	5.055303
51	4.888896
52	4.423132
53	3.901412
54	4.713526
55	4.442082
56	4.690618
57	5.173091
58	4.850580
59	4.937774
60	4.959645
61	4.523142
62	4.954861
63	4.350758
64	5.099581
65	4.766274
66	5.568247
67	4.376529
68	5.136350
69	5.808720
70	3.936407
71	4.181399
72	4.895959
73	5.570809
74	4.082412
75	5.071037
76	3.816099
77	4.683108
78	3.824447
79	4.962337
80	3.662392
81	5.339861
82	4.499820
83	4.798139
84	5.106320
85	4.313341
86	3.988409
87	4.265315
88	5.008762
89	6.147658
90	6.225058
91	5.569397
92	7.115849
93	6.097165
94	5.730741
95	6.123513
96	6.307409
97	6.179597
98	6.348588
99	7.062982
100	5.464960
101	6.380080
102	5.831372
103	5.535848
104	6.198988
105	6.371734
106	5.421216
107	6.508049
108	5.778980
109	5.992714
110	6.129038
111	6.513809
112	5.967259
113	6.207521
114	6.360226
115	6.243019
116	5.757447
117	6.073959
118	6.266115
119	5.869487
120	6.077908
121	5.803250
122	6.102277
123	6.062031
124	5.584094
125	6.032142
126	6.548429
127	6.385687
128	5.531966
129	5.450913
130	6.154460
131	6.336960
132	5.672973
133	6.432010
134	6.158483
135	5.980431
136	5.771802
137	5.646399
138	5.533253
139	5.868638
140	5.911007
141	6.202660
142	6.315764
143	5.668906
144	6.323370
145	6.113807
146	6.173751
147	5.383641
148	5.917910
149	5.669805
150	5.698607
151	6.161965
152	6.064174
153	6.483601
154	5.882638
155	6.345185
156	6.033025
157	5.760953
158	5.808994
159	6.366757
160	6.316122
161	5.541245
162	6.104383
163	5.724832
164	5.714865
165	5.304317
166	5.791934
167	6.550956
168	5.511499
169	5.337882
170	4.470859
171	5.482418
172	5.940892
173	5.935302
174	5.558522
175	5.735816
176	6.211970
177	6.488374
178	6.253597
179	6.308941
180	6.022501
181	5.497664
182	5.644486
183	5.493369
184	6.317034
185	5.748237
186	6.187293
187	5.035641
188	6.043160
189	5.889318
190	5.918678
191	6.024251
192	5.450284
193	5.879203
194	5.627798
195	6.031070
196	5.973842
197	5.810137
198	6.058682
199	5.813542
200	5.973658
201	6.019673
202	6.197984
203	6.219284
204	5.624760
205	5.536599
206	5.481486
207	5.913830
208	5.413342
209	5.998779
210	6.191242
211	5.219272
212	5.829655
213	5.491163
214	5.217982
215	6.171782
216	5.984229
217	5.870828
218	5.739224
219	5.973423
220	5.816364
221	5.779619
222	6.642560
223	5.908037
224	5.824133
225	5.863179
226	6.533462
227	6.274462
228	5.717573
229	5.734815
230	6.373675
231	5.601171
232	6.037526
233	6.064703
234	6.065796
235	5.782749
236	5.758274
237	5.800645
238	5.752332
239	5.705279
240	7.212306
241	5.103460
242	5.519864
243	5.246759
244	5.552557
245	6.466236
246	6.258384
247	5.980712
248	5.556294
249	5.503606
250	5.852562
251	5.979273
252	6.572016
253	5.622275
254	6.147891
255	6.309745
256	5.544780
257	6.448387
258	6.049841
259	5.149857
260	5.428351
261	4.884893
262	6.163739
263	5.970371
264	5.731067
265	5.625709
266	6.636091
267	5.114303
268	5.223009
269	5.380377
270	5.940263
271	5.228893
272	5.915791
273	5.526025
274	5.119982
275	5.373729
276	5.735083
277	5.410825
278	5.911409
279	6.326549
280	4.645428
281	4.599782
282	4.225452
283	3.983416
284	4.397830
285	3.384953
286	4.439066
287	4.099086
288	3.424046
289	3.970721
290	4.845844
291	4.403026
292	5.176235
293	4.559561
294	4.320570
295	4.474921
296	4.139853
297	3.817827
298	4.480557
299	3.997622
300	4.775109
301	3.669472
302	4.286691
303	4.977431
304	3.902435
305	5.912199
306	6.417777
307	6.399331
308	5.311238
309	5.714335
310	5.348404
311	4.784025
312	5.847025
313	5.900595
314	6.060799
315	6.011435
316	6.206882
317	5.427605
318	5.712743
319	5.456630
320	5.808821
321	6.297313
322	5.360426
323	3.995061
324	4.163761
325	4.181172
326	3.973012
327	4.723093
328	4.935522
329	4.776586
330	3.871688
331	3.984604
332	3.171280
333	4.191050
334	5.338288
335	7.018981
336	5.859726
337	5.940279
338	5.198077
339	4.974509
340	5.296885
341	5.865866
342	6.111050
343	5.265166
344	5.440337
345	5.423006
346	5.546296
347	5.513276
348	6.412868
349	5.196742
350	6.075643
351	6.072824
352	5.529820
353	5.917870
354	5.107311
355	5.421156
356	5.562923
357	5.965152
358	5.311631
359	5.801476
360	5.226178
361	5.017380
362	5.517756
363	5.674407
364	5.269425
365	6.255575
366	5.423826
367	5.786781
368	5.687054
369	6.201622
370	5.535276
371	5.541605
372	5.678597
373	5.907832
374	5.925086
375	5.683967
376	6.225924
377	6.195628
378	5.522688
379	6.167310
380	5.361248
381	6.737062
382	5.161998
383	4.832081
384	4.838037
385	4.518387
386	4.339841
387	4.492873
388	6.082944
389	6.101622
390	5.464882
391	4.915576
392	5.991659
393	5.558992
394	5.737291
395	6.282259
396	5.731186
397	5.834261
398	5.750506
399	5.919402
400	6.013484
401	5.678546
402	5.584650
403	5.559334
404	5.730218
405	5.524148
406	4.245952
407	4.227091
408	4.456701
409	4.418937
410	6.142091
411	5.096922
412	5.470145
413	6.259026
414	5.676001
415	6.359980
416	5.631642
417	6.219415
418	4.052063
419	4.717713
420	4.451403
421	4.816815
422	3.359734
423	4.074471
424	4.641183
425	4.348723
426	4.725305
427	4.134789
428	5.017132
429	4.733762
430	4.861871
431	4.428116
432	6.551804
433	4.873580
434	6.271932
435	5.753678
436	5.555267
437	5.533703
438	4.436767
439	5.087919
440	4.333876
441	4.749201
442	4.783503
443	6.219236
444	6.431585
445	5.760633
446	6.260711
447	6.507388
448	6.128376
449	6.662628
450	6.598038
451	5.768624
452	5.278655
453	6.415668
454	6.304014
455	5.973927
456	5.983929
457	4.666937
458	5.804509
459	6.197427
460	5.696113
461	6.095574
462	5.571553
463	6.459055
464	6.153343
465	7.069669
466	5.117851
467	4.407199
468	5.377323
469	5.180050
470	3.988507
471	4.343745
472	4.263238
473	4.631738
474	4.995249
475	4.170239
476	4.643509
477	4.829833
478	4.463384
479	4.244600
480	4.836895
481	5.327480
482	5.588247
483	3.855387
484	3.997151
485	4.466925
486	4.214501
487	4.112773
488	3.214266
489	3.880993
490	4.167325
491	3.954556
492	4.266535
493	4.206851
494	4.851209
495	5.169035
496	4.507072
497	4.929513
498	3.860699
499	4.327527
500	3.963598
501	3.888365
502	4.352171
503	3.491475
504	4.706865
505	3.973525
506	4.901520
507	4.451846
508	4.103341
509	4.106934
510	5.152943
511	4.189584
512	4.650130
513	4.581844
514	4.375627
515	4.586949
516	5.549105
517	5.656474
518	5.575986
519	4.862777
520	6.153258
521	5.788627
522	5.648768
523	5.673186
524	5.753051
525	5.859452
526	5.284042
527	5.794947
528	5.678504
529	5.493311
530	5.873644
531	4.048578
532	3.791526
533	4.096500
534	5.099059
535	4.245961
536	4.293217
537	3.630895
538	3.908577
539	4.728174
540	4.161022
541	4.546086
542	3.798172
543	4.553296
544	4.244740
545	4.813264
546	3.774732
547	3.886824
548	4.416084
549	4.295372
550	4.121576
551	4.593964
552	3.877450
553	4.333832
554	5.438262
555	6.059083
556	5.764190
557	5.867001
558	3.566749
559	5.301039
560	3.326936
561	4.035173
562	4.378994
563	3.991352
564	6.595772
565	5.172588
566	4.192338
567	3.962434
568	5.312557
569	5.915742
570	4.961675
571	5.386815
572	4.282185
573	3.896524
574	5.779283
575	3.859368
576	5.249197
577	5.496562
578	5.076702
579	5.681321
580	5.631926
581	5.330618
582	5.228470
583	5.137403
584	6.099885
585	5.540469
586	5.827127
587	6.010822
588	5.636479
589	6.289841
590	5.488287
591	5.810708
592	5.584729
593	5.279895
594	5.665380
595	3.929925
596	3.874349
597	4.010399
598	4.327228
599	3.554783
600	3.802854
601	5.919004
602	5.859401
603	4.787318
604	4.285066
605	5.916508
606	5.679461
607	6.633861
608	5.609725
609	5.366060
610	5.980309
611	4.175022
612	3.717568
613	5.732670
614	4.259730
615	4.626218
616	5.616459
617	5.336123
618	5.416918
619	4.885273
620	5.268054
621	5.546249
622	4.102793
623	4.514477
624	4.284461
625	3.744905
626	4.633931
627	3.930982
628	3.638584
629	4.305135
630	3.793189
631	4.259037
632	4.176483
633	3.623122
634	4.263050
635	5.096247
636	3.775301
637	3.785314
638	4.625980
639	3.890475
640	6.159950
641	6.030333
642	5.194900
643	4.124777
644	4.244738
645	4.831430
646	4.395543
647	4.915650
648	4.678322
649	4.852773
650	4.395507
651	4.095083
652	4.787172
653	4.499122
654	4.709873
655	4.167793
656	4.753588
657	4.265923
658	4.516259
659	4.646697
660	4.345354
661	4.558606
662	4.962955
663	3.971360
664	4.671565
665	4.378687
666	5.210097
667	6.344746
668	5.134958
669	5.928668
670	5.737090
671	6.227023
672	5.781704
673	5.723373
674	6.433180
675	6.363629
676	5.949427
677	5.891196
678	5.303217
679	5.472213
680	5.023443
681	6.445503
682	5.351813
683	6.369183
684	5.634643
685	5.702848
686	5.466753
687	5.851470
688	5.515369
689	5.620374
690	4.930810
691	5.735851
692	5.436624
693	5.843705
694	6.307631
695	5.618808
696	6.300427
697	6.236392
698	6.232899
699	5.445623
700	5.717464
701	5.741970
702	5.388154
703	5.627310
704	5.511778
705	6.067430
706	5.382946
707	5.552854
708	6.385247
709	5.741097
710	5.526380
711	6.720997
712	6.921351
713	5.684401
714	5.935165
715	6.377067
716	5.332795
717	6.076127
718	5.664822
719	5.621138
720	5.836859
721	5.787718
722	6.112216
723	6.169441
724	6.046594
725	5.801690
726	5.955252
727	6.966212
728	5.928589
729	5.466270
730	5.622696
731	5.989029
732	5.207541
733	5.702218
734	5.441782
735	6.313209
736	5.233814
737	5.319795
738	5.867477
739	5.312832
740	6.312787
741	3.927481
742	3.872959
743	5.087975
744	4.599621
745	4.162958
746	4.266673
747	5.015476
748	4.221729
749	3.864740
750	4.276589
751	4.800541
752	4.054146
753	4.143356
754	5.295848
755	5.136673
756	4.184183
757	4.063667
758	3.920536
759	5.066154
760	4.678901
761	4.541377
762	4.767474
763	5.806683
764	6.043683
765	5.419261
766	5.791253
767	6.516834
768	6.407067
769	5.502679
770	5.547916
771	5.921222
772	7.268018
773	5.880851
774	5.742697
775	5.805936
776	5.784505
777	6.272007
778	6.275109
779	5.560828
780	5.959874
781	5.428259
782	6.433644
783	6.388340
784	5.858608
785	5.526958
786	5.410787
787	6.443336
788	6.878907
789	6.218262
790	6.069645
791	6.504498
792	6.781724
793	6.484396
794	6.872706
795	6.662573
796	6.210780
797	5.972052
798	5.059151
799	5.758558
800	5.600007
801	5.429450
802	5.785275
803	6.383298
804	5.381160
805	5.008493
806	6.063775
807	5.859999
808	5.749559
809	5.526428
810	5.480474
811	5.667898
812	5.319671
813	3.800854
814	3.932365
815	5.010291
816	3.876417
817	4.668588
818	3.581368
819	4.524203
820	4.063716
821	3.837526
822	4.198503
823	6.396790
824	5.190433
825	5.801362
826	5.690361
827	5.019622
828	5.474396
829	5.996142
830	5.318974
831	5.749321
832	5.094732
833	6.245448
834	5.854435
835	5.739175
836	5.592406
837	5.885856
838	5.460145
839	5.350195
840	5.323467
841	5.099206
842	5.447285
843	6.443517
844	5.815788
845	6.122981
846	5.636648
847	5.394293
848	5.501101
849	5.716178
850	5.548936
851	5.508848
852	5.024041
853	5.370193
854	5.540938
855	5.854980
856	6.579134
857	5.654062
858	5.788445
859	5.635832
860	5.531365
861	5.898256
862	5.796626
863	5.472651
864	5.940344
865	5.558203
866	5.790002
867	4.939515
868	5.664821
869	5.325805
870	5.631963
871	5.496817
872	5.494963
873	6.169108
874	6.046975
875	5.665547
876	5.285556
877	5.650044
878	5.360020
879	5.640379
880	5.831785
881	5.249379
882	6.043294
883	6.008934
884	6.003910
885	5.997066
886	6.139851
887	5.781229
888	5.890856
889	5.996546
890	5.631793
891	5.516892
892	5.539989
893	5.579113
894	6.107446
895	4.995901
896	5.857798
897	5.557383
898	5.390967
899	5.225209
900	5.923539
901	5.829236
902	5.224411
903	5.742203
904	5.628943
905	5.404830
906	5.545683
907	5.784608
908	6.087241
909	5.935858
910	5.801018
911	5.829073
912	5.658348
913	5.560631
914	5.291608
915	5.955350
916	5.718097
917	5.579334
918	5.697332
919	5.510882
920	5.320470
921	6.337355
922	6.339700
923	6.259344
924	5.715173
925	5.853069
926	6.405723
927	5.770856
928	5.785646
929	5.767651
930	5.661814
931	5.830843
932	5.400937
933	6.024415
934	5.848231
935	5.472159
936	5.127447
937	5.481321
938	6.074456
939	4.880351
940	6.005247
941	6.143679
942	6.739288
943	6.889411
944	6.535458
945	6.475198
946	5.988496
947	5.986635
948	5.571330
949	5.856460
950	5.662323
951	5.934924
952	5.616102
953	6.100237
954	5.705198
955	5.494635
956	5.980920
957	6.382202
958	5.837516
959	6.178042
960	6.433459
961	6.365045
962	5.702308
963	5.867416
964	6.340951
965	5.795491
966	5.901228
967	6.031657
968	5.705303
969	5.832223
970	5.254418
971	6.548969
972	5.921844
973	6.219138
974	6.199330
975	5.638465
976	6.786082
977	6.509140
978	6.114267
979	5.631642
980	5.912412
981	5.100001
982	5.924903
983	6.145846
984	5.507639
985	5.903271
986	5.433838
987	5.273719
988	6.218079
989	5.704070
990	6.084521
991	5.225190
992	5.932596
993	5.572729
994	5.826772
995	5.408011
996	5.493971
997	5.605739
998	5.278239
999	5.912512
1000	5.266232
1001	6.613386
1002	5.746973
1003	6.074084
1004	5.793694
1005	5.895871
1006	5.502162
1007	5.663851
1008	6.167186
1009	5.266923
1010	5.654469
1011	6.553212
1012	5.814535
1013	5.315320
1014	6.159845
1015	5.774194
1016	5.919645
1017	6.154915
1018	4.113697
1019	3.532973
1020	4.045022
1021	3.453607
1022	3.906674
1023	4.640701
1024	4.660269
1025	4.914712
1026	4.827971
1027	4.077574
1028	3.973826
1029	3.755596
1030	4.635720
1031	3.931273
1032	4.943542
1033	4.342810
1034	4.427619
1035	3.792005
1036	3.946784
1037	5.062550
1038	4.112627
1039	4.733350
1040	4.084911
1041	3.458237
1042	3.115686
1043	4.160924
1044	3.758963
1045	3.997162
1046	3.908363
1047	4.027381
1048	4.474349
1049	3.835492
1050	4.473768
1051	5.613778
1052	6.358978
1053	3.886116
1054	3.655106
1055	3.861619
1056	3.873241
1057	4.422183
1058	4.445492
1059	4.043724
1060	4.759433
1061	4.206875
1062	3.817604
1063	4.358267
1064	3.701865
1065	3.683082
1066	4.436947
1067	4.619967
1068	3.721008
1069	4.900959
1070	3.971523
1071	3.962550
1072	2.464671
1073	3.311616
1074	3.939480
1075	4.517898
1076	3.962184
1077	5.210652
1078	4.231752
1079	4.137975
1080	4.395675
1081	4.398835
1082	4.168561
1083	4.422635
1084	4.627137
1085	4.582729
1086	4.284577
1087	4.532957
1088	4.980742
1089	4.252411
1090	4.323194
1091	3.818325
1092	3.784323
1093	4.451359
1094	4.406961
1095	3.998762
1096	5.157692
1097	4.028015
1098	3.881592
1099	4.363004
1100	4.324674
1101	3.540395
1102	5.000801
1103	4.666518
1104	4.325716
1105	4.665147
1106	3.771023
1107	4.600317
1108	4.476213
1109	4.682499
1110	5.104723
1111	4.889344
1112	4.389432
1113	3.990049
1114	3.401909
1115	4.888731
1116	5.526491
1117	4.191966
1118	3.720674
1119	3.769496
1120	4.677927
1121	4.031538
1122	4.238278
1123	4.319458
1124	4.249293
1125	4.558346
1126	4.779802
1127	4.180979
1128	3.665254
1129	5.382192
1130	4.308146
1131	4.389569
1132	4.054583
1133	5.330147
1134	4.365194
1135	4.205752
1136	4.382454
1137	4.656114
1138	4.394291
1139	4.578929
1140	4.185621
1141	4.779331
1142	4.061797
1143	4.158715
1144	4.217691
1145	3.945164
1146	4.407333
1147	4.771016
1148	3.849960
1149	4.946808
1150	4.359519
1151	4.910479
1152	4.477444
1153	4.542487
1154	4.392951
1155	4.329831
1156	4.524190
1157	4.023643
1158	3.947551
1159	4.675659
1160	4.035668
1161	4.007018
1162	4.827524
1163	4.243546
1164	3.644459
1165	4.163904
1166	4.180252
1167	4.492507
1168	4.041200
1169	4.324468
1170	4.192050
1171	4.450284
1172	3.821661
1173	4.799603
1174	4.572668
1175	4.127592
1176	5.025946
1177	4.400979
1178	4.725135
1179	4.079130
1180	4.358727
1181	4.503400
1182	3.817656
1183	4.243558
1184	4.115444
1185	4.907321
1186	4.452088
1187	4.635365
1188	3.805508
1189	3.660056
1190	4.483180
1191	3.927518
1192	4.206756
1193	4.037451
1194	3.820952
1195	4.930662
1196	4.140783
1197	3.890873
1198	3.717162
1199	4.367849
1200	4.579586
1201	4.830797
1202	5.358788
1203	4.298522
1204	4.703117
1205	4.150997
1206	4.268254
1207	3.760224
1208	5.444337
1209	4.386261
1210	4.644416
1211	4.708842
1212	3.833261
1213	3.747547
1214	3.765528
1215	3.744479
1216	4.663151
1217	4.095827
1218	4.421649
1219	4.215222
1220	4.884125
1221	4.634804
1222	4.914255
1223	3.997662
1224	4.455301
1225	5.903218
1226	6.082572
1227	5.347092
1228	5.984261
1229	6.336007
1230	6.039455
1231	6.229564
1232	6.377353
1233	5.682863
1234	6.031071
1235	6.161398
1236	6.483477
1237	5.325212
1238	5.474396
1239	5.719371
1240	6.072151
1241	5.389155
1242	5.630319
1243	5.955686
1244	5.255259
1245	6.186501
1246	5.757579
1247	6.478459
1248	6.441250
1249	5.461839
1250	5.489206
1251	5.876784
1252	5.905075
1253	5.927588
1254	5.570646
1255	5.980837
1256	6.567389
1257	6.015940
1258	6.177516
1259	5.767313
1260	5.846035
1261	5.538000
1262	4.768227
1263	6.289563
1264	6.642718
1265	5.818507
1266	6.311196
1267	6.293600
1268	5.620399
1269	5.622544
1270	5.632576
1271	5.245274
1272	6.096359
1273	6.223414
1274	5.891963
1275	5.844706
1276	6.193787
1277	5.682685
1278	5.591789
1279	5.908798
1280	5.354203
1281	5.887894
1282	5.824966
1283	5.773925
1284	5.573823
1285	6.320586
1286	5.593909
1287	6.660377
1288	5.882828
1289	6.005159
1290	6.558085
1291	5.436284
1292	6.294911
1293	6.074020
1294	6.324943
1295	5.592611
1296	6.639775
1297	5.869593
1298	6.030263
1299	5.705410
1300	5.671344
1301	6.406545
1302	6.615634
1303	6.700522
1304	6.265987
1305	5.569468
1306	6.554579
1307	5.565049
1308	6.231726
1309	5.258367
1310	5.928271
1311	5.904320
1312	4.499666
1313	3.445199
1314	3.798487
1315	4.432992
1316	3.080160
1317	4.155839
1318	4.056462
1319	4.062525
1320	4.897529
1321	3.928436
1322	5.002860
1323	3.656965
1324	3.878465
1325	5.142784
1326	4.160012
1327	3.381019
1328	3.969597
1329	4.215257
1330	3.807863
1331	4.656016
1332	4.344526
1333	4.002363
1334	4.000638
1335	4.999409
1336	4.347988
1337	4.790178
1338	4.679573
1339	4.423900
1340	4.058004
1341	4.139806
1342	3.827036
1343	3.960709
1344	4.206626
1345	3.721157
1346	3.848195
1347	4.530376
1348	4.775322
1349	3.249953
1350	3.684197
1351	4.876074
1352	3.890129
1353	4.743301
1354	4.642262
1355	4.172158
1356	3.422017
1357	3.895432
1358	3.470577
1359	4.408911
1360	3.740454
1361	4.004372
1362	4.231453
1363	3.096983
1364	3.663072
1365	3.199205
1366	4.153805
1367	3.582094
1368	3.945605
1369	3.805511
1370	4.546219
1371	4.254630
1372	4.294285
1373	4.088363
1374	3.813488
1375	4.600533
1376	4.514752
1377	4.244961
1378	3.783828
1379	4.113723
1380	4.587604
1381	3.309187
1382	6.006975
1383	5.299991
1384	5.799865
1385	5.683176
1386	5.821932
1387	5.686731
1388	5.656439
1389	5.810525
1390	5.638232
1391	6.309295
1392	6.120286
1393	5.850224
1394	5.352216
1395	5.330784
1396	5.749071
1397	4.942408
1398	4.840225
1399	6.051973
1400	6.059281
1401	6.212334
1402	5.539222
1403	5.040178
1404	5.258337
1405	5.676414
1406	5.201997
1407	5.646621
1408	5.462012
1409	6.445301
1410	5.909661
1411	5.878726
1412	5.689456
1413	5.230727
1414	5.907733
1415	5.422231
1416	5.539477
1417	6.198555
1418	6.421820
1419	5.769723
1420	5.253952
1421	5.828464
1422	6.074487
1423	5.514082
1424	6.119567
1425	6.426291
1426	5.878442
1427	5.611301
1428	6.048960
1429	6.150146
1430	5.289782
1431	5.979308
1432	5.872718
1433	6.175929
1434	6.158525
1435	5.643245
1436	5.897169
1437	5.350708
1438	6.639042
1439	5.828912
1440	5.940488
1441	5.680441
1442	5.927468
1443	5.892648
1444	6.148502
1445	5.880135
1446	4.524656
1447	4.685276
1448	4.395497
1449	4.555614
1450	4.441273
1451	4.015396
1452	3.757896
1453	3.532151
1454	4.478940
1455	3.492894
1456	3.211042
1457	4.267178
1458	3.157974
1459	4.522943
1460	4.390147
1461	3.378698
1462	3.880181
1463	4.910707
1464	4.495663
1465	4.797396
1466	4.573774
1467	4.318207
1468	4.493482
1469	3.778782
1470	3.800015
1471	4.264562
1472	3.647300
1473	4.213155
1474	4.419968
1475	3.807938
1476	3.838932
1477	3.954909
1478	4.433272
1479	4.139276
1480	4.272437
1481	4.685306
1482	4.361766
1483	3.406274
1484	4.684656
1485	3.941092
1486	3.798681
1487	3.428720
1488	4.416856
1489	3.204966
1490	3.959874
1491	3.491547
1492	3.583992
1493	3.903908
1494	4.065144
1495	3.591727
1496	3.533001
1497	3.612064
1498	3.995609
1499	3.904025
1500	4.649744
1501	4.036593
1502	4.570286
1503	5.273338
1504	4.082328
1505	4.218128
1506	4.517147
1507	4.543722
1508	4.413002
1509	4.178682
1510	3.659631
1511	4.121652
1512	4.378139
1513	3.628623
1514	5.052505
1515	4.712960
1516	4.164156
1517	4.764925
1518	4.790637
1519	5.173527
1520	3.521519
1521	4.285804
1522	4.994126
1523	4.244221
1524	3.811050
1525	4.531944
1526	3.050344
1527	2.967978
1528	4.219548
1529	4.337338
1530	5.193514
1531	5.425257
1532	3.803208
1533	5.584629
1534	5.388748
1535	6.150189
1536	6.092661
1537	6.540518
1538	4.604567
1539	5.478364
1540	5.535322
1541	5.871282
1542	5.982656
1543	5.560387
1544	5.432753
1545	4.968202
1546	5.533876
1547	5.759537
1548	5.365297
1549	5.666075
1550	6.174440
1551	5.774035
1552	5.934314
1553	5.063243
1554	5.385908
1555	5.658937
1556	5.873015
1557	6.043262
1558	6.292870
1559	6.138380
1560	6.147428
1561	5.379843
1562	5.547765
1563	5.635371
1564	4.994526
1565	5.299594
1566	5.809884
1567	6.058951
1568	6.006022
1569	5.826020
1570	5.672055
1571	5.310772
1572	5.942727
1573	5.616520
1574	6.716198
