0	2.127017
1	2.346507
2	1.896576
3	2.050635
4	1.871469
5	1.674605
6	2.047559
7	2.094875
8	4.514533
9	3.179718
10	2.436881
11	1.810139
12	1.983784
13	2.402397
14	4.355114
15	3.053686
16	6.263434
17	7.150874
18	3.894445
19	2.742042
20	5.714517
21	4.031351
22	5.144116
23	3.926094
24	4.702351
25	4.403156
26	3.764967
27	4.030596
28	4.647636
29	4.085648
30	3.971308
31	5.258699
32	5.516103
33	4.313701
34	4.734490
35	4.477968
36	4.309769
37	4.461040
38	4.304750
39	4.889344
40	3.985335
41	4.149567
42	4.456491
43	4.809670
44	4.951020
45	4.346318
46	4.326154
47	3.610362
48	4.394975
49	3.654065
50	3.899256
51	4.740506
52	4.007068
53	4.601576
54	4.453617
55	4.605475
56	3.976405
57	4.631599
58	4.634102
59	4.667482
60	4.528599
61	4.447223
62	4.561502
63	4.099731
64	3.901615
65	4.311718
66	4.268443
67	3.762168
68	4.494897
69	4.626284
70	5.109303
71	4.033709
72	4.921686
73	4.661040
74	4.413683
75	4.490903
76	5.248598
77	4.203202
78	3.777143
79	4.907719
80	3.785156
81	5.877092
82	4.507618
83	4.465805
84	4.373580
85	4.231004
86	4.682115
87	4.944604
88	5.209252
89	5.206504
90	4.176290
91	4.115604
92	4.530400
93	5.631288
94	5.265985
95	4.934884
96	5.025633
97	5.250763
98	4.231442
99	5.166769
100	5.073598
101	4.190869
102	4.390672
103	4.394961
104	5.425404
105	4.660481
106	3.920017
107	4.573107
108	4.856811
109	5.181988
110	3.879663
111	4.480191
112	4.792210
113	4.759107
114	4.623041
115	4.210617
116	4.577750
117	4.802854
118	4.238891
119	4.395611
120	4.049048
121	3.884958
122	3.881662
123	4.651473
124	3.499286
125	3.783861
126	3.900179
127	4.868943
128	4.586032
129	4.383571
130	4.505918
131	5.573105
132	5.163768
133	4.461659
134	4.377181
135	4.009054
136	4.302498
137	3.953063
138	4.879980
139	3.837461
140	4.201750
141	4.426262
142	5.767010
143	4.608319
144	3.840456
145	4.605572
146	4.134561
147	3.889241
148	4.012893
149	4.638275
150	5.157189
151	5.052030
152	4.873613
153	4.380890
154	5.026103
155	4.288403
156	4.447752
157	5.204929
158	3.935797
159	4.619730
160	4.462128
161	5.092996
162	5.222806
163	4.553648
164	4.011221
165	4.700999
166	3.866692
167	5.076099
168	3.913195
169	3.731500
170	3.837723
171	4.256677
172	4.445592
173	4.710638
174	5.364409
175	3.662252
176	3.968400
177	4.992322
178	4.678747
179	5.149468
180	5.368324
181	6.005530
182	5.747816
183	4.270972
184	4.911261
185	4.689084
186	5.390787
187	5.160279
188	4.360986
189	4.801344
190	4.480959
191	4.954564
192	4.992333
193	4.730422
194	5.239007
195	5.231874
196	5.372728
197	4.213180
198	4.541552
199	5.173867
200	4.594584
201	4.725231
202	5.385702
203	3.961756
204	4.274974
205	4.219077
206	4.779498
207	5.032704
208	5.046324
209	3.822393
210	4.381382
211	3.837317
212	4.675084
213	6.215569
214	5.226070
215	4.982069
216	4.952353
217	4.130533
218	4.653022
219	3.850858
220	4.364562
221	4.709450
222	4.733118
223	4.622220
224	4.655953
225	5.083090
226	4.998539
227	5.295593
228	4.361263
229	4.342017
230	5.018156
231	4.413142
232	4.239540
233	3.306977
234	4.218861
235	4.482197
236	3.684278
237	4.878566
238	4.178073
239	5.262413
240	6.653134
241	5.075490
242	4.202916
243	5.123681
244	5.789464
245	5.075944
246	4.986191
247	5.510045
248	4.681998
249	4.120788
250	4.058977
251	3.389941
252	4.318391
253	4.485991
254	4.897896
255	5.256016
256	4.543809
257	4.128208
258	4.709799
259	4.968279
260	4.617023
261	5.155600
262	3.991040
263	3.809527
264	4.119236
265	4.811081
266	3.940659
267	4.612745
268	4.307263
269	3.688103
270	4.095325
271	4.207494
272	4.435741
273	3.385054
274	3.479095
275	4.272294
276	4.144514
277	4.151121
278	4.036410
279	4.132421
280	3.988208
281	4.125700
282	4.535604
283	3.923927
284	4.908849
285	3.990440
286	4.791545
287	4.571827
288	4.047778
289	4.617975
290	3.883991
291	4.240425
292	4.409047
293	3.873319
294	3.569553
295	4.617067
296	4.313375
297	4.406201
298	1.885975
299	4.164829
300	4.434681
301	2.604803
302	3.961919
303	3.899449
304	1.906332
305	3.641180
306	4.499977
307	4.323494
308	4.229905
309	4.155502
310	4.052208
311	4.394874
312	4.400704
313	1.953996
314	4.825402
315	3.992129
316	4.339413
317	1.844831
318	3.719383
319	3.659576
320	4.878882
321	4.019725
322	4.171642
323	3.942282
324	4.876012
325	4.312551
326	3.741791
327	3.638585
328	3.560113
329	3.462802
330	4.301477
331	3.961832
332	3.779642
333	3.700459
334	4.767861
335	4.310198
336	4.299278
337	4.254151
338	4.527791
339	4.251600
340	3.695307
341	4.457207
342	4.125456
343	3.542513
344	3.819437
345	4.085217
346	4.163099
347	5.249505
348	4.330047
349	4.818808
350	4.087774
351	4.026723
352	3.947557
353	4.486659
354	3.764597
355	4.354090
356	3.880593
357	3.882074
358	4.711147
359	3.992805
360	3.761529
361	4.154769
362	4.908299
363	4.690522
364	4.430348
365	4.950717
366	4.862643
367	4.309663
368	3.592617
369	5.318092
370	4.675959
371	5.037649
372	3.580810
373	5.777379
374	4.408684
375	3.918074
376	4.103815
377	3.934971
378	3.902102
379	4.340611
380	3.640591
381	3.331757
382	4.174027
383	4.002861
384	4.019166
385	3.412184
386	3.567758
387	4.264844
388	3.890411
389	3.806744
390	3.935848
391	3.904331
392	4.430564
393	4.535560
394	4.390136
395	3.978014
396	4.384974
397	4.523395
398	5.171093
399	4.449281
400	4.425777
401	5.051465
402	4.972816
403	4.750557
404	5.221006
405	4.138068
406	3.874713
407	3.945301
408	3.887107
409	4.225411
410	4.384130
411	3.984946
412	3.920867
413	3.835023
414	3.897294
415	1.792539
416	4.147782
417	4.532428
418	4.782218
419	4.480648
420	4.098464
421	3.980251
422	3.564394
423	4.123505
424	3.913630
425	4.250647
426	4.497477
427	3.817184
428	3.296392
429	4.232872
430	5.469854
431	3.777367
432	3.965463
433	3.390472
434	4.249106
435	4.759244
436	4.912932
437	3.937677
438	4.680053
439	3.985486
440	4.018221
441	4.074775
442	4.039777
443	3.422017
444	3.689783
445	3.626651
446	3.214094
447	4.168501
448	4.933365
449	4.124815
450	4.828893
451	4.007107
452	4.828778
453	4.145600
454	4.049432
455	3.911164
456	4.038850
457	4.114803
458	4.692611
459	4.814375
460	4.542005
461	4.443107
462	4.329631
463	4.694561
464	6.283399
465	4.178576
466	4.283656
467	4.431805
468	4.699213
469	5.214106
470	3.884971
471	3.838085
472	4.823546
473	3.645079
474	4.273874
475	5.170938
476	4.392379
477	4.640604
478	3.692507
479	4.265595
480	5.338783
481	4.389943
482	5.749722
483	4.897766
484	3.818979
485	5.599785
486	1.770678
487	7.363084
488	5.042538
489	4.682318
490	4.985118
491	4.523428
492	4.490045
493	4.611855
494	4.581714
495	5.238950
496	4.581157
497	4.138453
498	3.935657
499	4.717319
500	4.250859
501	4.424500
502	5.008414
503	4.648215
504	4.651333
505	3.980176
506	3.918942
507	4.367162
508	4.534413
509	4.275149
510	4.709416
511	4.592309
512	4.849927
513	5.010199
514	5.243101
515	4.719174
516	4.988527
517	5.707205
518	5.236659
519	4.660826
520	4.626544
521	4.352608
522	3.556204
523	4.343927
524	4.131113
525	4.148469
526	4.540320
527	4.559671
528	4.556018
529	4.411462
530	4.208789
531	4.468389
532	4.010125
533	3.639423
534	5.222203
535	3.463221
536	4.602532
537	4.171439
538	3.955882
539	1.731444
540	3.933688
541	6.065730
542	4.774215
543	5.087782
544	5.723559
545	5.907900
546	5.927525
547	4.288741
548	5.438216
549	4.340450
550	4.346747
551	4.137946
552	4.229915
553	3.866705
554	3.528512
555	4.269765
556	5.066280
557	4.032318
558	3.875679
559	3.939048
560	4.362029
561	3.831777
562	4.708090
563	4.919280
564	5.613288
565	4.270575
566	4.219783
567	4.772283
568	4.628150
569	5.144191
570	4.835814
571	5.250008
572	5.154908
573	5.369637
574	4.906740
575	5.261995
576	6.004340
577	4.779036
578	5.880016
579	5.362640
580	6.686503
581	5.450152
582	4.510827
583	4.304530
584	5.317186
585	4.284318
586	4.000813
587	4.687620
588	3.956990
589	4.238845
590	4.451901
591	4.883330
592	4.647676
593	3.970840
594	4.303708
595	4.461671
596	3.981534
597	4.905734
598	4.811542
599	4.434739
600	4.564451
601	3.717811
602	3.991866
603	4.145782
604	3.922323
605	4.105350
606	4.448033
607	4.788903
608	4.468402
609	4.184219
610	4.410919
611	4.468792
612	3.659264
613	4.475299
614	4.406869
615	4.309676
616	4.164145
617	4.429336
618	3.721722
619	4.134572
620	4.774024
621	4.089242
622	5.265246
623	5.278599
624	5.116453
625	4.825984
626	5.062245
627	5.899650
628	4.830464
629	4.451195
630	5.145780
631	4.576255
632	4.593813
633	4.280599
634	4.978161
635	4.678870
636	4.231933
637	3.759376
638	4.600297
639	4.293483
640	4.257242
641	4.003624
642	3.675446
643	4.973560
644	4.589422
645	5.461264
646	4.589075
647	4.641498
648	5.247761
649	4.721208
650	5.302462
651	4.692482
652	5.384107
653	4.285906
654	4.815112
655	5.021295
656	4.988327
657	4.882469
658	4.704063
659	4.773060
660	4.639419
661	6.585416
662	1.912720
663	3.957739
664	5.208551
665	5.261083
666	3.743554
667	4.843738
668	5.420092
669	3.703458
670	4.878074
671	3.947532
672	4.803269
673	4.876075
674	4.381643
675	4.173212
676	4.260105
677	4.699000
678	4.092064
679	4.064997
680	4.680098
681	3.993757
682	5.033190
683	4.794591
684	4.357131
685	5.289102
686	5.207053
687	4.465792
688	4.909614
689	4.818891
690	4.705243
691	4.088839
692	4.355089
693	5.104791
694	4.342510
695	5.324039
696	6.146910
697	4.195162
698	4.995340
699	3.826342
700	4.544204
701	4.760765
702	4.186419
703	5.156608
704	5.285971
705	5.575152
706	5.250227
707	4.547846
708	4.950891
709	4.799439
710	5.109195
711	4.760793
712	3.917641
713	4.598916
714	4.630202
715	5.227520
716	5.514863
717	4.781765
718	4.176772
719	4.300981
720	4.423810
721	4.356306
722	4.394292
723	4.848402
724	4.177680
725	3.850792
726	4.780146
727	5.121045
728	4.154925
729	4.144225
730	4.364423
731	4.442533
732	4.107480
733	4.527680
734	5.710298
735	4.238277
736	4.368363
737	5.450238
738	4.603521
739	4.819159
740	3.753479
741	5.239484
742	4.506906
743	4.738143
744	4.053949
745	4.579618
746	5.402906
747	4.993546
748	4.134561
749	5.679110
750	4.206721
751	4.749990
752	5.198086
753	5.688066
754	4.295277
755	5.045483
756	4.149711
757	4.290327
758	4.815123
759	5.374709
760	4.356984
761	4.381805
762	5.059731
763	4.813574
764	4.247693
765	4.162607
766	3.624156
767	4.617671
768	4.404964
769	4.280877
770	4.028075
771	4.467943
772	3.906111
773	2.898984
774	4.928094
775	4.456243
776	4.613079
777	4.987071
778	4.806206
779	3.937422
780	4.406644
781	4.136726
782	4.167842
783	4.079829
784	3.910011
785	3.433060
786	4.128898
787	4.848514
788	4.055577
789	4.237284
790	4.311903
791	3.951609
792	3.714362
793	5.195921
794	4.017226
795	4.289930
796	3.870334
797	4.418610
798	4.423947
799	4.721981
800	4.208149
801	4.104841
802	4.193209
803	4.059138
804	3.722660
805	3.712372
806	3.690649
807	4.311855
808	4.044168
809	4.016229
810	3.781390
811	3.782750
812	4.176410
813	4.061454
814	3.943805
815	4.813180
816	4.052393
817	4.253387
818	4.682957
819	4.105912
820	4.012444
821	3.887429
822	3.829895
823	3.818731
824	3.797236
825	3.695241
826	3.463609
827	4.542103
828	4.535062
829	5.081141
830	4.487370
831	4.111206
832	4.335770
833	3.740977
834	3.976331
835	4.259953
836	4.370778
837	3.844243
838	3.895664
839	3.603083
840	4.456119
841	3.767166
842	3.882543
843	4.018221
844	4.437850
845	4.343741
846	3.885705
847	3.771815
848	3.884649
849	4.255267
850	3.920218
851	2.072992
852	4.102791
853	3.773872
854	4.050802
855	3.829164
856	4.233922
857	3.545338
858	3.909186
859	4.039913
860	3.981972
861	3.982436
862	4.156693
863	4.271451
864	3.940164
865	4.611930
866	3.753894
867	4.230214
868	3.886232
869	3.965363
870	4.269812
871	3.875681
872	3.994259
873	5.154193
874	4.208028
875	4.081531
876	4.137959
877	4.219124
878	3.680286
879	3.943208
880	4.410399
881	3.778862
882	4.118008
883	4.227599
884	4.355619
885	4.366439
886	3.953441
887	4.143911
888	3.882397
889	4.037092
890	4.044158
891	3.924805
892	4.240978
893	3.782248
894	4.799282
895	4.393757
896	4.979335
897	3.994872
898	4.036930
899	4.846300
900	3.990764
901	3.643270
902	4.147458
903	4.214202
904	4.064344
905	4.485198
906	3.839061
907	4.963557
908	4.623688
909	4.497766
910	4.240153
911	4.311080
912	4.756752
913	3.584494
914	4.381027
915	4.654954
916	3.755702
917	4.420250
918	3.964455
919	3.833354
920	4.239634
921	4.064922
922	3.905108
923	4.376413
924	4.475434
925	3.995210
926	4.389606
927	4.180190
928	4.715207
929	4.516952
930	4.823838
931	4.511564
932	5.194661
933	5.939975
934	4.967625
935	3.617320
936	3.582221
937	3.963975
938	3.949696
939	4.110389
940	3.626210
941	4.659904
942	4.264246
943	5.027345
944	5.008695
945	4.703213
946	3.886705
947	4.083003
948	4.007025
949	4.277935
950	4.465435
951	4.729113
952	3.814996
953	4.909429
954	4.070307
955	4.436778
956	4.516404
957	4.243172
958	5.027414
959	4.807546
960	4.432494
961	3.768302
962	4.692217
963	4.000639
964	4.627061
965	3.953177
966	4.487606
967	4.263086
968	3.599695
969	4.318946
970	4.093580
971	3.855930
972	3.718038
973	4.440032
974	3.949735
975	4.000175
976	4.043032
977	4.075558
978	3.070823
979	3.971901
980	3.898606
981	3.728896
982	3.892839
983	4.346240
984	4.120288
985	4.255925
986	3.777485
987	3.379858
988	4.109383
989	4.371322
990	3.996155
991	4.216478
992	4.816191
993	3.953356
994	4.495058
995	4.965622
996	3.885429
997	3.920217
998	4.304811
999	4.337931
1000	4.316167
1001	3.596195
1002	3.733336
1003	3.296589
1004	3.951278
1005	3.585680
1006	4.048580
1007	3.586698
1008	3.848896
1009	4.054873
1010	3.286016
1011	4.167325
1012	4.026885
1013	4.902510
1014	4.249353
1015	4.436677
1016	4.003011
1017	3.982800
1018	3.537415
1019	3.954099
1020	4.902347
1021	3.856281
1022	3.588314
1023	3.920969
1024	4.469118
1025	3.953290
1026	3.895510
1027	3.652950
1028	4.243220
1029	3.739662
1030	3.744154
1031	4.350425
1032	4.099439
1033	3.982023
1034	4.097536
1035	4.778807
1036	4.421595
1037	4.342718
1038	4.153083
1039	4.323216
1040	4.077180
1041	4.756827
1042	3.940317
1043	4.694965
1044	4.503665
1045	4.032183
1046	4.468210
1047	4.539278
1048	4.701747
1049	4.458038
1050	3.973877
1051	4.025158
1052	3.901501
1053	4.907980
1054	4.575912
1055	4.405598
1056	4.282219
1057	3.910128
1058	4.948071
1059	4.958982
1060	5.241193
1061	5.014031
1062	4.257570
1063	4.442612
1064	4.451909
1065	4.823656
1066	4.968816
1067	4.893380
1068	4.994139
1069	4.842967
1070	4.538877
1071	4.931024
1072	4.637459
1073	4.147722
1074	5.270768
1075	4.956622
1076	4.773039
1077	4.967353
1078	4.803551
1079	4.376528
1080	4.944826
1081	4.299768
1082	5.505153
1083	5.333884
1084	4.214448
1085	4.041460
1086	5.622709
1087	5.348626
1088	4.772813
1089	4.390273
1090	4.891186
1091	5.077538
1092	3.483234
1093	3.985083
1094	5.059300
1095	4.780289
1096	5.209894
1097	5.401796
1098	4.951450
1099	5.063932
1100	4.862314
1101	4.615474
1102	5.442183
1103	4.789040
1104	5.046910
1105	4.664912
1106	4.952918
1107	5.206593
1108	4.400419
1109	5.077293
1110	4.703499
1111	5.069458
1112	4.987564
1113	5.070051
1114	4.490679
1115	4.427246
1116	3.686977
1117	5.034372
1118	3.888780
1119	4.421368
1120	4.648192
1121	5.156646
1122	4.844049
1123	4.949059
1124	4.983833
1125	3.642061
1126	4.321702
1127	5.296772
1128	5.083316
1129	4.428374
1130	4.869948
1131	4.526633
1132	4.644922
1133	5.114176
1134	4.862241
1135	5.352475
1136	4.676793
1137	4.218163
1138	4.904701
1139	4.765826
1140	4.606452
1141	4.253635
1142	4.774242
1143	4.617012
1144	5.008950
1145	4.498288
1146	4.343618
1147	4.464448
1148	4.947090
1149	4.831903
1150	5.211045
1151	5.259325
1152	4.706804
1153	4.713185
1154	4.490056
1155	5.069959
1156	4.471635
1157	4.333751
1158	4.089525
1159	4.831475
1160	5.069102
1161	4.590045
1162	5.029432
1163	4.857592
1164	4.864045
1165	5.077180
1166	5.650566
1167	4.933042
1168	4.845752
1169	4.694870
1170	4.708407
1171	4.540111
1172	5.295816
1173	4.633304
1174	4.843802
1175	5.757482
1176	5.577626
1177	5.061868
1178	3.950388
1179	4.797751
1180	4.865737
1181	4.964213
1182	4.837903
1183	5.040555
1184	4.961069
1185	4.820675
1186	4.258298
1187	4.450225
1188	5.493241
1189	4.643124
1190	4.951011
1191	5.443133
1192	5.281619
1193	4.826821
1194	4.193960
1195	4.514300
1196	4.524721
1197	5.030437
1198	4.945655
1199	5.497690
1200	4.633767
1201	4.894058
1202	4.366246
1203	4.824707
1204	4.480156
1205	4.578644
1206	4.436440
1207	4.883750
1208	5.054473
1209	4.880409
1210	5.197711
1211	5.344886
1212	4.801021
1213	4.758519
1214	4.633799
1215	5.303642
1216	5.116591
1217	5.236563
1218	4.678172
1219	4.967749
1220	4.594584
1221	4.817614
1222	4.602273
1223	5.111612
1224	4.331752
1225	4.981579
1226	4.382555
1227	5.326416
1228	4.419639
1229	5.103107
1230	5.257147
1231	4.991132
1232	5.540154
1233	5.305866
1234	4.351966
1235	4.760041
1236	5.168918
1237	4.692728
1238	4.374678
1239	4.385306
1240	5.382935
1241	4.656114
1242	4.911359
1243	4.855330
1244	4.950243
1245	4.430993
1246	5.387125
1247	5.041399
1248	4.653408
1249	5.123854
1250	5.233815
1251	5.222459
1252	5.084114
1253	4.637822
1254	4.246810
1255	5.037151
1256	4.785697
1257	5.071686
1258	5.074337
1259	5.062994
1260	4.432212
1261	5.236659
1262	4.778180
1263	5.176716
1264	4.743027
1265	6.294759
1266	4.840145
1267	4.785164
1268	4.807171
1269	4.837113
1270	4.188262
1271	4.898818
1272	4.857162
1273	4.433182
1274	4.893199
1275	5.314970
1276	4.660666
1277	5.323195
1278	5.417730
1279	4.701543
1280	5.106750
1281	4.220735
1282	5.450734
1283	5.357938
1284	4.856758
1285	5.180629
1286	4.542070
1287	4.822095
1288	5.433305
1289	5.545043
1290	5.215296
1291	4.339932
1292	4.936193
1293	5.073401
1294	5.191975
1295	4.407913
1296	4.452335
1297	4.244112
1298	3.903346
1299	4.678546
1300	5.176118
1301	5.115338
1302	5.252484
1303	4.695136
1304	5.521612
1305	5.630116
1306	5.394849
1307	5.159864
1308	4.436734
1309	5.566264
1310	4.890368
1311	4.834636
1312	4.903407
1313	5.072790
1314	4.915536
1315	4.844607
1316	5.117869
1317	4.531600
1318	5.724972
1319	4.546152
1320	4.556017
1321	4.795602
1322	5.205661
1323	5.306940
1324	4.731321
1325	5.282433
1326	5.036001
1327	4.868378
1328	5.363469
1329	4.856779
1330	4.843489
1331	5.159235
1332	4.250095
1333	4.819605
1334	5.687478
1335	4.447404
1336	4.765176
1337	5.524473
1338	5.593048
1339	4.959445
1340	4.825277
1341	5.055828
1342	5.730314
1343	4.225269
1344	4.977319
1345	4.878330
1346	5.035643
1347	5.216148
1348	4.992294
1349	4.364470
1350	4.874855
1351	3.975588
1352	5.141002
1353	4.433937
1354	5.753034
1355	4.770104
1356	4.594659
1357	5.025872
1358	5.072051
1359	5.334136
1360	5.470475
1361	5.383466
1362	5.268833
1363	4.439651
1364	4.077119
1365	4.571357
1366	4.943450
1367	5.159205
1368	4.745619
1369	4.470548
1370	4.689798
1371	4.894794
1372	4.506086
1373	4.816773
1374	5.179208
1375	5.166769
1376	4.551373
1377	4.578744
1378	4.707494
1379	4.923058
1380	4.623137
1381	5.016850
1382	4.981445
1383	4.471263
1384	4.426623
1385	4.931805
1386	4.618658
1387	4.941042
1388	4.245162
1389	5.143414
1390	4.988598
1391	4.824997
1392	5.501363
1393	4.216041
1394	3.935391
1395	4.590512
1396	4.703722
1397	5.431631
1398	5.073559
1399	4.523340
1400	4.486925
1401	5.211698
1402	4.866713
1403	5.023435
1404	4.725294
1405	5.210028
1406	4.320972
1407	5.494088
1408	4.812785
1409	5.069812
1410	5.554043
1411	4.930028
1412	4.275021
1413	5.329690
1414	4.114789
1415	4.752126
1416	4.827773
1417	4.561447
1418	4.303556
1419	4.289814
1420	4.610130
1421	4.941073
1422	4.807764
1423	4.829886
1424	5.271982
1425	4.184783
1426	5.480567
1427	4.808389
1428	5.110626
1429	4.394156
1430	4.370046
1431	4.156753
1432	4.807640
1433	4.165741
1434	4.293821
1435	5.049436
1436	4.449157
1437	4.469048
1438	4.831065
1439	4.866014
1440	4.754303
1441	5.035087
1442	4.824127
1443	4.747252
1444	4.606875
1445	4.906985
1446	4.937701
1447	4.774358
1448	4.865768
1449	4.805204
1450	4.870420
1451	4.413705
1452	3.852415
1453	4.670525
1454	4.775741
1455	4.868213
1456	4.920092
1457	5.014479
1458	4.931664
1459	4.870534
1460	4.997210
1461	4.440967
1462	4.723739
1463	4.841465
1464	4.299418
1465	5.729819
1466	4.838740
1467	5.133010
1468	4.641015
1469	4.406565
1470	5.058171
1471	4.591131
1472	4.953880
1473	4.053169
1474	4.942642
1475	5.449800
1476	4.644965
1477	5.352578
1478	5.592262
1479	5.008583
1480	4.291702
1481	4.891279
1482	4.660406
1483	5.703834
1484	5.319632
1485	4.819605
1486	4.557378
1487	4.802082
1488	5.141828
1489	5.053176
1490	5.076515
1491	5.156200
1492	4.344389
1493	4.789530
1494	5.278826
1495	4.402873
1496	4.885427
1497	4.717688
1498	5.319051
1499	4.824332
1500	4.319883
1501	4.495786
1502	4.486848
1503	4.940750
1504	5.396841
1505	4.423767
1506	4.049557
1507	4.850895
1508	5.238863
1509	4.857920
1510	5.478777
1511	4.965542
1512	4.488131
1513	4.712090
1514	4.596260
1515	5.056135
1516	4.963968
1517	5.061472
1518	4.507562
1519	5.169486
1520	4.058536
1521	4.777122
1522	4.420190
1523	4.822592
1524	5.058991
1525	5.236678
1526	4.857424
1527	4.639686
1528	4.364240
1529	4.524840
1530	4.424808
1531	4.610085
1532	5.019782
1533	4.601717
1534	4.894486
1535	5.026521
1536	4.708565
1537	4.331698
1538	4.686897
1539	4.547152
1540	5.376051
1541	4.757365
1542	4.930285
1543	4.662426
1544	4.827224
1545	5.222117
1546	5.491752
1547	5.001339
1548	5.473465
1549	4.876576
1550	5.356100
1551	5.664219
1552	5.371153
1553	4.906914
1554	4.582018
1555	5.026938
1556	4.329213
1557	4.908329
1558	4.878728
1559	4.956712
1560	5.444308
1561	4.217774
1562	4.920751
1563	4.785123
1564	5.048342
1565	4.617107
1566	5.067949
1567	4.476224
1568	4.266955
1569	5.247650
1570	4.577620
1571	4.498765
1572	4.757788
1573	5.240792
1574	4.829752
1575	5.453119
1576	4.826355
1577	5.645556
1578	4.480516
1579	5.542394
1580	4.291583
1581	5.305036
1582	5.371721
1583	4.697116
1584	4.977207
1585	3.977233
1586	4.761721
1587	5.669653
1588	4.357820
1589	4.586450
1590	5.050790
1591	4.589095
1592	5.262631
1593	5.541202
1594	6.147310
1595	4.184615
1596	5.102451
1597	5.478448
1598	5.022690
1599	4.831490
1600	5.844834
1601	5.229428
1602	4.966500
1603	5.636717
1604	5.214311
1605	4.924084
1606	4.912756
1607	4.735441
1608	4.903887
1609	4.727090
1610	5.332573
1611	5.240860
1612	5.031830
1613	5.254312
1614	5.176024
1615	5.154901
1616	4.625939
1617	4.756984
1618	5.115329
1619	5.277062
1620	4.778085
1621	4.871888
1622	5.072375
1623	4.554272
1624	4.467226
1625	5.489453
1626	5.406830
1627	4.587407
1628	4.556029
1629	4.418720
1630	4.622055
1631	4.988124
1632	4.951052
1633	5.476320
1634	5.212945
1635	4.462702
1636	4.847042
1637	4.970252
1638	4.942631
1639	5.665632
1640	4.859178
1641	4.805862
1642	4.844388
1643	4.565469
1644	4.797427
1645	4.533254
1646	4.230803
1647	4.393291
1648	5.102950
1649	5.072760
1650	4.647602
1651	4.877419
1652	4.806849
1653	5.053721
1654	4.486635
1655	4.902865
1656	5.608306
1657	5.034411
1658	4.846648
1659	4.941618
1660	4.490714
1661	5.424574
1662	4.838077
1663	5.361249
1664	5.327259
1665	4.659816
1666	4.964564
1667	4.673959
1668	4.747462
1669	4.828457
1670	4.994848
1671	4.518251
1672	5.077116
1673	4.846628
1674	4.288133
1675	4.406325
1676	4.886340
1677	4.992653
1678	4.491869
1679	5.180591
1680	4.429944
1681	4.478101
1682	4.850085
1683	4.890020
1684	5.541145
1685	5.420507
1686	5.384021
1687	4.543017
1688	5.233603
1689	4.709310
1690	4.957509
1691	5.218449
1692	4.576342
1693	5.023565
1694	4.926925
1695	5.174282
1696	4.941748
1697	5.135695
1698	5.295340
1699	5.312578
1700	4.712760
1701	5.479178
1702	4.857200
1703	5.243217
1704	4.882806
1705	4.358027
1706	5.117285
1707	4.833964
1708	4.867287
1709	4.950001
1710	5.724108
1711	5.064327
1712	5.070788
1713	5.444969
1714	5.167823
1715	4.263426
1716	5.185191
1717	5.323513
1718	5.226568
1719	5.254684
1720	4.990211
1721	4.586567
1722	4.910744
1723	5.068037
1724	4.451247
1725	5.261920
1726	5.261920
1727	5.145618
1728	4.568205
1729	4.686983
1730	4.122936
1731	5.068027
1732	5.214375
1733	4.823857
1734	5.005857
1735	5.629334
1736	4.691760
1737	5.167378
1738	5.261607
1739	4.582238
1740	5.621771
1741	4.916452
1742	5.339539
1743	4.478929
1744	4.272646
1745	4.489822
1746	4.716533
1747	4.908655
1748	5.238101
1749	5.338372
1750	5.249943
1751	5.140535
1752	4.948586
1753	4.931015
1754	5.033785
1755	4.394964
1756	4.854935
1757	5.558714
1758	4.793132
1759	4.967988
1760	4.765007
1761	5.197633
1762	5.336140
1763	4.411666
1764	4.414659
1765	5.009411
1766	4.753704
1767	5.445338
1768	3.941331
1769	4.505386
1770	5.007952
1771	4.846453
1772	4.655233
1773	4.414080
1774	4.567296
1775	4.694880
1776	4.914143
1777	5.267267
1778	4.526511
1779	4.890951
1780	4.789594
1781	4.982790
1782	5.401379
1783	4.298582
1784	5.276674
1785	4.081349
1786	4.294392
1787	4.820870
1788	5.757456
1789	4.172805
1790	4.630216
1791	5.056371
1792	4.769915
1793	4.961432
1794	4.893435
1795	5.489308
1796	4.999969
1797	4.952626
1798	5.269023
1799	4.396874
1800	5.039227
1801	5.623114
1802	4.450111
1803	4.850411
1804	5.395350
1805	4.724762
1806	5.023720
1807	4.887598
1808	4.754892
1809	4.829834
1810	5.010809
1811	5.025942
1812	4.941802
1813	4.894099
1814	5.284704
1815	4.718899
1816	4.395339
1817	3.727386
1818	4.293459
1819	5.044168
1820	4.965421
1821	4.861256
1822	4.352195
1823	4.821898
