0	7.286541
1	5.931154
2	7.065366
3	7.225787
4	5.543230
5	4.874466
6	6.038526
7	4.286968
8	5.196315
9	5.778398
10	3.452854
11	3.820394
12	3.672029
13	2.999384
14	3.408885
15	4.639116
16	4.051295
17	4.030803
18	3.964567
19	4.333245
20	4.127782
21	4.741318
22	4.787796
23	4.870627
24	4.349841
25	4.591481
26	5.053456
27	4.797832
28	4.593647
29	4.552430
30	4.485836
31	5.858275
32	6.674385
33	6.822030
34	6.851995
35	7.444582
36	6.789537
37	6.646045
38	6.534423
39	10.796541
40	7.370354
41	6.097919
42	7.108889
43	7.420083
44	7.508987
45	5.820224
46	6.732615
47	6.501692
48	8.045497
49	8.522687
50	7.945301
51	7.422399
52	9.012824
53	9.414376
54	7.667914
55	10.036380
56	9.723055
57	10.453564
58	11.553376
59	11.204596
60	10.210362
61	9.715432
62	8.315841
63	10.979782
64	10.148601
65	8.066144
66	9.732841
67	9.758288
68	8.706102
69	8.994448
70	10.481107
71	13.360836
72	12.209618
73	12.291741
74	11.124608
75	10.716926
76	10.381756
77	10.758374
78	10.474316
79	11.020344
80	12.295864
81	12.654076
82	11.376868
83	14.378291
84	8.739353
85	8.248430
86	10.057321
87	8.961311
88	12.870452
89	11.144660
90	11.950972
91	9.514883
92	14.023614
93	11.277317
94	12.627545
95	14.622349
96	14.066544
97	14.859478
98	13.216273
99	10.655280
100	10.621175
101	9.570778
102	9.429893
103	10.203344
104	10.039008
105	9.624650
106	9.532323
107	10.005336
108	9.679825
109	9.121628
110	9.873041
111	9.975361
112	10.371065
113	9.960579
114	9.095728
115	9.192742
116	9.647039
117	10.610684
118	15.924852
119	15.416520
120	17.347448
121	17.055471
122	17.530523
123	18.119043
124	17.217680
125	17.780874
126	17.060701
127	15.768937
128	17.912098
129	17.713037
130	13.887911
131	14.039929
132	12.423014
133	14.663140
134	12.675015
135	12.687131
136	13.166211
137	14.945141
138	12.315008
139	13.693745
140	17.750891
141	16.925423
142	17.426281
143	17.206560
144	14.997201
145	15.722274
146	14.706603
147	15.585346
148	14.583830
149	17.601482
150	13.799715
151	13.858838
152	15.194358
153	16.184711
154	15.082059
155	15.711339
156	15.386080
157	17.281273
158	18.924719
159	19.515787
160	16.348785
161	19.635162
162	20.367304
163	19.016006
164	19.601620
165	19.307388
166	18.122900
167	19.043386
168	17.967075
169	17.067715
170	16.963835
171	18.784517
172	19.011559
173	18.319588
174	16.755184
175	19.307640
176	19.828468
177	16.941004
178	18.083422
179	16.500570
180	13.381219
181	15.240911
182	17.312546
183	16.786358
184	18.573282
185	19.018343
186	18.141232
187	17.351797
188	18.268499
189	19.082306
190	17.045870
191	18.383013
192	14.377016
193	14.123247
194	13.738710
195	13.415998
196	13.771741
197	14.385700
198	18.289562
199	15.912280
200	16.077513
201	15.652160
202	12.970962
203	13.077393
204	13.821249
205	14.176976
206	16.036339
207	15.297481
208	13.508345
209	11.001730
210	12.087193
211	12.547374
212	13.395872
213	13.439339
214	12.953479
215	12.597948
216	12.927546
217	12.680244
218	12.365062
219	12.097446
220	14.660917
221	14.471616
222	13.193097
223	12.704947
224	12.659911
225	12.550590
226	13.209170
227	12.336432
228	14.673276
229	14.172106
230	13.023567
231	12.418200
232	13.318452
233	12.773694
234	13.498689
235	13.116379
236	13.107893
237	13.029047
238	13.180117
239	12.398541
240	12.898083
241	13.811350
242	14.269850
243	14.987169
244	12.849269
245	13.134874
246	13.156055
247	12.378762
248	13.095262
249	13.475152
250	13.560145
251	13.216768
252	13.317225
253	12.713072
254	12.957695
255	12.724977
256	14.119900
257	13.162996
258	13.446683
259	12.713155
260	13.141317
261	14.302931
262	16.924721
263	18.434977
264	16.205856
265	17.318996
266	15.778208
267	17.515141
268	17.910973
269	17.487818
270	17.987959
271	16.738548
272	17.783453
273	17.163506
274	16.786474
275	16.268053
276	15.929440
277	14.569451
278	17.488514
279	15.360432
280	17.103796
281	16.679897
282	16.613062
283	19.252243
284	16.770584
285	17.620588
286	15.844558
287	17.890987
288	16.955400
289	21.036097
290	16.706577
291	14.842877
292	15.152644
293	16.802603
294	16.209240
295	16.341728
296	15.730004
297	14.786240
298	14.753966
299	16.702230
300	15.136714
301	15.420937
302	14.115176
303	15.701291
304	14.814660
305	13.716992
306	15.468642
307	16.506889
308	15.873452
309	15.537664
310	15.712624
311	15.322436
312	17.220930
313	15.729523
314	15.659044
315	15.816998
316	15.109239
317	16.613905
318	16.784384
319	16.358479
320	15.426896
321	16.310047
322	16.056826
323	15.497245
324	16.302214
325	14.668746
326	15.899138
327	14.672671
328	15.254781
329	20.353617
330	15.646146
331	15.548181
332	14.739078
333	15.072589
334	15.087270
335	13.462276
336	13.906207
337	12.925772
338	13.445523
339	15.398418
340	15.883760
341	16.853779
342	15.742741
343	15.122572
344	15.934385
345	16.339796
346	14.810609
347	15.579337
348	16.294752
349	16.348484
350	16.734095
351	16.042133
352	16.572638
353	16.918200
354	15.295846
355	16.053965
356	17.941069
357	15.166957
358	16.922983
359	15.803326
360	15.161222
361	15.017118
362	13.595089
363	16.034286
364	15.991480
365	15.376661
366	14.783798
367	14.543733
368	15.766766
369	16.709045
370	15.330279
371	16.224716
372	16.130604
373	14.626414
374	13.615600
375	16.154863
376	13.447953
377	13.195412
378	13.320292
379	13.187222
380	16.079206
381	16.293808
382	14.541845
383	15.629079
384	12.402076
385	13.409721
386	14.411439
387	14.203905
388	13.364958
389	13.139794
390	13.764047
391	14.901814
392	15.118881
393	13.379190
394	13.351176
395	13.060567
396	13.458106
397	13.151761
398	14.187542
399	14.886751
400	14.322082
401	13.453214
402	14.072171
403	12.754800
404	13.125010
405	14.491435
406	12.335426
407	12.902343
408	12.905053
409	13.033792
410	13.313782
411	13.092315
412	13.078943
413	13.423415
414	14.116578
415	13.229549
416	14.177878
417	13.403000
418	13.187382
419	12.439385
420	12.724676
421	12.962734
422	13.299556
423	12.871946
424	13.232404
425	12.872955
426	12.607291
427	13.265459
428	13.133351
429	12.832809
430	12.720443
431	13.374020
432	13.524298
433	12.761320
434	12.392429
435	13.063205
436	13.023364
437	12.447706
438	12.764380
439	13.498392
440	12.538880
441	12.736978
442	12.691414
443	13.493616
444	12.897879
445	12.758569
446	13.344906
447	13.008785
448	13.131056
449	13.891757
450	14.139611
451	15.470920
452	15.234612
453	15.237670
454	14.992817
455	14.027586
456	13.515940
457	15.658838
458	13.923394
459	17.516766
460	17.340546
461	22.376619
462	17.404089
463	15.884377
464	15.218329
465	13.568209
466	14.027164
467	13.420485
468	15.915503
469	14.680117
470	14.108416
471	13.325096
472	13.260777
473	14.812138
474	15.221370
475	13.348922
476	13.599827
477	12.812281
478	13.586585
479	15.407522
480	12.934130
481	12.667770
482	11.749835
483	12.467465
484	13.977440
485	12.388766
486	14.391925
487	11.984603
488	13.576303
489	12.767628
490	12.702293
491	12.209529
492	15.362929
493	16.168011
494	16.548239
495	16.543318
496	15.952210
497	15.035379
498	16.659567
499	16.253954
500	16.700912
501	12.786461
502	12.497744
503	12.788688
504	13.151767
505	12.721038
506	13.021399
507	12.722895
508	13.051980
509	13.140244
510	12.109547
511	13.275168
512	12.531278
513	12.200400
514	12.657725
515	11.907267
516	12.635639
517	12.700212
518	13.122210
519	13.051368
520	12.773740
521	12.588555
522	11.488873
523	12.904483
524	13.372406
525	13.430964
526	12.498843
527	14.279119
528	13.236105
529	12.625474
530	14.582691
531	13.836090
532	13.050195
533	15.708102
534	14.904047
535	15.234397
536	14.071819
537	14.128695
538	13.303588
539	15.350026
540	18.053261
541	16.874269
542	20.849939
543	19.545267
544	18.304920
545	15.577312
546	16.145214
547	16.945227
548	16.336376
549	16.347687
550	17.842775
551	16.423553
552	20.935383
553	20.774279
554	18.866495
555	16.681166
556	19.593504
557	17.885431
558	18.266581
559	19.847075
560	17.866999
561	19.007990
562	19.495956
563	18.648434
564	20.889637
565	20.044315
566	17.083813
567	20.678061
568	17.256220
569	18.190533
570	17.250380
571	18.303253
572	18.618877
573	16.639231
574	16.677385
575	19.219790
576	18.793707
577	20.609484
578	18.589569
579	18.686964
580	18.855957
581	18.919554
582	17.723906
583	18.329817
584	21.006554
585	19.365271
586	19.879837
587	18.756140
588	20.481174
589	17.726179
590	16.397026
591	16.845055
592	16.037146
593	18.352367
594	26.188137
595	17.749535
596	18.505152
597	20.134359
598	20.717285
599	19.675461
600	19.126377
601	20.264246
602	19.375332
603	15.907784
604	19.310703
605	18.367579
606	16.726059
607	19.216913
608	18.709726
609	22.000998
610	20.354143
611	20.335787
612	18.598532
613	19.348082
614	18.740082
615	15.630175
616	16.152210
617	19.569075
618	17.487963
619	17.023344
620	18.651699
621	20.165165
622	21.512646
623	18.142981
624	19.431244
625	18.768274
626	20.741249
627	16.723995
628	18.195198
629	18.056776
630	19.414463
631	18.314848
632	18.445120
633	19.423964
634	17.316099
635	18.602333
636	18.804579
637	18.246891
638	16.206997
639	18.005035
640	15.801812
641	16.620634
642	16.708124
643	14.519549
644	14.793991
645	14.499464
646	14.533731
647	16.791288
648	15.603771
649	16.095074
650	15.517327
651	16.960461
652	17.454590
653	16.113356
654	20.672613
655	17.200760
656	14.803862
657	15.468927
658	19.364717
659	17.960627
660	17.983801
661	20.235283
662	20.847044
663	20.682741
664	19.524521
665	19.564987
666	17.529375
667	15.905225
668	18.111351
669	18.484337
670	19.137121
671	19.199001
672	15.429760
673	15.496806
674	15.151676
675	13.056801
676	13.213231
677	12.700451
678	13.200899
679	12.961884
680	12.783034
681	13.340132
682	12.425982
683	13.120772
684	13.918677
685	17.955935
686	15.717012
687	16.327265
688	19.159100
689	19.877460
690	17.499678
691	15.532759
692	17.527279
693	16.586645
694	18.198210
695	17.168625
696	17.402288
697	17.484610
698	17.395834
699	16.974010
700	16.188517
701	16.363506
702	17.784307
703	15.703322
704	16.421034
705	15.510466
706	14.113546
707	16.323397
708	16.430666
709	15.259964
710	15.948322
711	14.576756
712	13.964702
713	18.220455
714	18.400755
715	14.876300
716	15.998854
717	17.451286
718	14.557864
719	14.716307
720	14.504031
721	18.089521
722	17.856743
723	17.695583
724	18.150990
725	18.013371
726	16.944263
727	16.759775
728	16.122570
729	14.078544
730	13.616005
731	15.201758
732	17.505613
733	19.937559
734	18.972931
735	20.587002
736	20.022503
737	20.489876
738	20.756893
739	18.113947
740	23.383116
741	25.530134
742	20.819208
743	21.601118
744	21.616829
745	22.575109
746	22.601740
747	21.382393
748	21.940937
749	21.121281
750	22.493971
751	23.303719
752	23.643656
753	21.600971
754	21.191982
755	20.039333
756	15.498165
757	18.166483
758	16.194828
759	17.740047
760	17.762308
761	18.925398
762	18.324457
763	17.453924
764	16.871349
765	17.423044
766	17.972687
767	18.636400
768	18.805408
769	18.338730
770	17.774883
771	19.195055
772	18.218126
773	17.993752
774	18.603914
775	17.936668
776	18.063114
777	17.598804
778	17.311745
779	18.099081
780	17.614050
781	17.397749
782	18.176662
783	17.936922
784	18.965519
785	18.591307
786	17.015083
787	17.999887
788	17.309896
789	18.294178
790	17.712420
791	17.411390
792	18.132927
793	20.477360
794	17.790462
795	19.246174
796	19.042322
797	18.667452
798	18.736439
799	19.390022
800	19.373535
801	18.465231
802	19.033361
803	19.066505
804	19.050253
805	18.535883
806	18.325474
807	18.892979
808	18.740110
809	19.398407
810	18.121717
811	19.130407
812	19.297665
813	18.933744
814	18.669386
815	19.137333
816	20.046280
817	19.256609
818	18.677729
819	19.277369
820	19.617828
821	18.617163
822	19.032070
823	18.829647
824	19.123735
825	18.282410
826	19.191729
827	20.118084
828	18.910410
829	19.477764
830	18.738274
831	18.632715
832	18.270899
833	18.319145
834	18.944895
835	19.644304
836	17.883244
837	18.233171
838	19.496904
839	20.234091
840	19.224758
841	19.948957
842	19.538008
843	19.514616
844	18.977734
845	19.157469
846	19.573833
847	18.557829
848	18.811419
849	19.639622
850	18.713989
851	18.421339
852	19.121075
853	18.809988
854	18.768120
855	18.842985
856	19.325722
857	18.910215
858	18.039072
859	19.166670
860	18.738026
861	19.315283
862	19.532131
863	17.983791
864	17.939299
865	18.011549
866	18.303926
867	16.991943
868	17.656021
869	17.496904
870	17.041653
871	19.694384
872	19.291269
873	18.943962
874	18.988447
875	18.937542
876	19.823584
877	19.205933
878	19.576908
879	19.977222
880	19.242233
881	19.261282
882	19.323545
883	19.662865
884	19.946222
885	19.470442
886	19.049334
887	19.175533
888	19.055868
889	19.334011
890	19.751665
891	18.126163
892	18.558493
893	17.803562
894	17.949379
895	17.127087
896	17.879753
897	17.954243
898	17.888384
899	18.691710
900	16.921001
901	17.809008
902	18.793976
903	16.889378
904	17.145466
905	17.453020
906	16.573153
907	18.393719
908	18.113256
909	18.327227
910	18.797522
911	17.706724
912	15.918207
913	18.105606
914	17.401209
915	18.425854
916	17.871305
917	16.919682
918	18.852365
919	18.083145
920	18.004976
921	18.582813
922	18.403545
923	17.758652
924	17.657211
925	18.305687
926	17.733248
927	17.143473
928	18.511267
929	17.132257
930	17.225861
931	17.682518
932	18.268578
933	18.794325
934	17.450123
935	17.663479
936	19.325811
937	18.996975
938	17.109711
939	18.287374
940	17.743546
941	17.332197
942	16.776562
943	17.288460
944	17.872915
945	17.454081
946	17.556469
947	14.617894
948	13.682357
949	14.922906
950	13.540092
951	14.582794
952	12.372150
953	13.854866
954	14.593194
955	17.118134
956	16.504433
957	18.233480
958	16.546446
959	16.930241
960	18.025616
961	16.544901
962	16.607233
963	17.303713
964	17.940933
965	18.196566
966	18.077856
967	18.173712
968	18.835545
969	17.754423
970	17.710955
971	18.856321
972	18.573641
973	18.901178
974	19.107353
975	19.331127
976	18.947151
977	19.321011
978	18.550890
979	19.745106
980	19.576038
981	19.361784
982	20.202629
983	20.339731
984	19.915960
985	19.885693
986	19.209387
987	19.543386
988	20.673521
989	20.060093
990	20.157204
991	19.038450
992	19.222916
993	18.127823
994	18.476337
995	19.467562
996	18.433783
997	18.691893
998	19.565090
999	18.646353
1000	17.879276
1001	18.038197
1002	17.411669
1003	17.284748
1004	17.195240
1005	18.282515
1006	18.201532
1007	17.292686
1008	18.736950
1009	18.775881
1010	19.383421
1011	20.390903
1012	19.414658
1013	19.027958
1014	18.860521
1015	17.719646
1016	17.071068
1017	18.498209
1018	18.250879
1019	17.722418
1020	17.457666
1021	17.035568
1022	18.793392
1023	18.352898
1024	18.710045
1025	17.697285
1026	17.865234
1027	19.659065
1028	18.271984
1029	18.416458
1030	19.576715
1031	19.005728
1032	18.896627
1033	18.959265
1034	18.678667
1035	17.015764
1036	17.262794
1037	17.458576
1038	18.687729
1039	17.602554
1040	19.559912
1041	20.764799
1042	17.984198
1043	17.162418
1044	14.268279
1045	16.645149
1046	15.144524
1047	18.052906
1048	16.620630
1049	14.195031
1050	18.022373
1051	13.243123
1052	14.457682
1053	18.865015
1054	17.214912
1055	16.729197
1056	19.455570
1057	15.421475
1058	16.874729
1059	14.069617
1060	13.850798
1061	15.967918
1062	14.316141
1063	14.742710
1064	14.318649
1065	16.209438
1066	20.261902
1067	17.168407
1068	19.339756
1069	16.051107
1070	12.940353
1071	15.862095
1072	16.213448
1073	17.083225
1074	15.114640
1075	15.266896
1076	14.611540
1077	17.208443
1078	16.084719
1079	16.924570
1080	18.607748
1081	17.341721
1082	21.311060
1083	19.770311
1084	20.786444
1085	21.681620
1086	19.529074
1087	18.404539
1088	19.098127
1089	18.844414
1090	17.819305
1091	19.039940
1092	17.191595
1093	15.813316
1094	18.430668
1095	18.461945
1096	19.513893
1097	19.324686
1098	18.282089
1099	18.968550
1100	16.076155
1101	16.856632
1102	16.921846
1103	16.584059
1104	17.327206
1105	19.237350
1106	18.031748
1107	16.539591
1108	17.247787
1109	19.877407
1110	17.851763
1111	20.679649
1112	15.590934
1113	16.526701
1114	16.231527
1115	16.087196
1116	16.249727
1117	16.609388
1118	15.898115
1119	15.008116
1120	13.967523
1121	17.082663
1122	16.746174
1123	16.167004
1124	16.407127
1125	16.940655
1126	22.528786
1127	21.395412
1128	20.697645
1129	17.583363
1130	19.470938
1131	21.407358
1132	20.693739
1133	20.204163
1134	19.833626
1135	17.065857
1136	16.779493
1137	19.706663
1138	20.616699
1139	19.154007
1140	17.695379
1141	18.262873
1142	18.090672
1143	17.063101
1144	20.301451
1145	19.305128
1146	18.783323
1147	17.058100
1148	17.552841
1149	16.692455
1150	17.754358
1151	19.695414
1152	17.907824
1153	17.234125
1154	17.399160
1155	16.675016
1156	16.363745
1157	16.963264
1158	16.577456
1159	17.665388
1160	17.175379
1161	18.400377
1162	17.202410
1163	15.796857
1164	17.168125
1165	16.095367
1166	16.741093
1167	17.760345
1168	18.828356
1169	18.811502
1170	18.108585
1171	19.053932
1172	17.341370
1173	20.114002
1174	18.241030
1175	19.104944
1176	18.645588
1177	15.870271
1178	17.675747
1179	16.011269
1180	15.223160
1181	14.907322
1182	14.937452
1183	18.190187
1184	17.197613
1185	16.686220
1186	18.285526
1187	17.013369
1188	17.655493
1189	17.496649
1190	20.436365
1191	21.235287
1192	20.762100
1193	17.437012
1194	19.741461
1195	17.837971
1196	19.712458
1197	21.156111
1198	23.342796
1199	21.802444
1200	20.575453
1201	17.531328
1202	17.079370
1203	16.524830
1204	14.712337
1205	18.950033
1206	15.976641
1207	18.232569
1208	17.623590
1209	19.570940
1210	21.131798
1211	20.249666
1212	14.387682
1213	12.607531
1214	14.271992
1215	13.316988
1216	12.683576
1217	11.262851
1218	14.320845
1219	11.483161
1220	12.216079
1221	10.751261
1222	9.941277
1223	13.132380
1224	14.435820
1225	14.161151
1226	13.372113
1227	13.021102
1228	17.710474
1229	20.419724
1230	18.502552
1231	26.537207
1232	20.491491
1233	21.061018
1234	19.959581
1235	19.732922
1236	19.669113
1237	19.112461
1238	19.458763
1239	18.160400
1240	18.586426
1241	18.704067
1242	17.477592
1243	19.654284
1244	21.377026
1245	19.710379
1246	21.052063
1247	20.761621
1248	20.631607
1249	20.856585
1250	20.634888
1251	20.946337
1252	22.862349
1253	24.031591
1254	24.084196
1255	27.358801
1256	23.869871
1257	24.921207
1258	24.099884
1259	21.860872
1260	24.007620
1261	24.494007
1262	20.909698
1263	24.567501
1264	19.550402
1265	24.632021
1266	24.957924
1267	23.685545
1268	22.930321
1269	22.325390
1270	25.721041
1271	24.899969
1272	21.164032
1273	21.193436
1274	22.739958
1275	22.441219
1276	20.998827
1277	20.724558
1278	20.389786
1279	20.065027
1280	19.449734
1281	21.518991
1282	20.648722
1283	21.000845
1284	21.201862
1285	20.014891
1286	21.078407
1287	20.309084
1288	21.103321
1289	20.591650
1290	25.011185
1291	24.990057
1292	23.952578
1293	24.344158
1294	25.498640
1295	24.795284
1296	25.720957
1297	24.335922
1298	25.022749
1299	24.876709
1300	25.461885
1301	23.915548
1302	25.024288
1303	26.063951
1304	24.270544
1305	25.905460
1306	23.143042
1307	23.879957
1308	22.337101
1309	25.558966
1310	24.317736
1311	24.961514
1312	21.347897
1313	20.672522
1314	20.585007
1315	20.757648
1316	22.155113
1317	20.962751
1318	22.243227
1319	21.587139
1320	23.483444
1321	21.084957
1322	24.151670
1323	22.092293
1324	21.959890
1325	22.350124
1326	20.498335
1327	20.239025
1328	23.758913
1329	24.074310
1330	25.140661
1331	22.601780
1332	23.917576
1333	24.437765
1334	24.287790
1335	23.771118
1336	22.996033
1337	22.220181
1338	23.674248
1339	21.196175
1340	23.666100
1341	22.755753
1342	22.488588
1343	22.938725
1344	19.476101
1345	19.250874
1346	19.665129
1347	22.617651
1348	23.196861
1349	24.062256
1350	24.609316
1351	22.504637
1352	23.091021
1353	23.370914
1354	22.996679
1355	23.952326
1356	24.527845
1357	23.705885
1358	23.776867
1359	23.218725
1360	23.552328
1361	26.858543
1362	25.455362
1363	21.133003
1364	21.215002
1365	22.273954
1366	22.694338
1367	27.352671
1368	21.530022
1369	22.755630
1370	20.670454
1371	20.572947
1372	21.152138
1373	21.531414
1374	21.925573
1375	21.713297
1376	24.496763
1377	22.833803
1378	22.770443
1379	23.167336
1380	24.138699
1381	23.305658
1382	23.523430
1383	25.146091
1384	20.200115
1385	19.837439
1386	20.781992
1387	24.931942
1388	23.967388
1389	24.783236
1390	27.296434
1391	22.695930
1392	20.897812
1393	19.912193
1394	20.121298
1395	19.945150
1396	19.321301
1397	21.118340
1398	21.293777
1399	20.253202
1400	18.814453
1401	21.880606
1402	24.065014
1403	24.326990
1404	22.136551
1405	22.813904
1406	22.755093
1407	22.248877
1408	26.372898
1409	21.759871
1410	21.900240
1411	20.396374
1412	22.324060
1413	22.123812
1414	21.395449
1415	22.893726
1416	24.973083
1417	26.378075
1418	23.422392
1419	22.028608
1420	21.801920
1421	21.560045
1422	22.738579
1423	23.369686
1424	21.757126
1425	23.236868
1426	22.282743
1427	21.078115
1428	25.202864
1429	27.869385
1430	30.700224
1431	30.048475
1432	30.065834
1433	28.198675
1434	29.923767
1435	29.417591
1436	29.002800
1437	33.010609
1438	33.357899
1439	29.631052
1440	30.535452
1441	30.568312
1442	31.861269
1443	31.128325
1444	30.282257
1445	30.453686
1446	28.441147
1447	29.647930
1448	29.810089
1449	31.914240
1450	31.731554
1451	31.164364
1452	30.557447
1453	31.564510
1454	29.393097
1455	31.184628
1456	31.991310
1457	30.581232
1458	29.471601
1459	29.345835
1460	29.784298
1461	27.880913
1462	29.414438
1463	30.766714
1464	29.905586
1465	29.717625
1466	26.655119
1467	29.727543
1468	24.389063
1469	26.214279
1470	27.666374
1471	27.228884
1472	27.939373
1473	27.066929
1474	27.766493
1475	28.272760
1476	30.114233
1477	30.582716
1478	29.938379
1479	30.628632
1480	27.541935
1481	28.304396
1482	27.724159
1483	31.075733
1484	28.770897
1485	31.159651
1486	29.709990
1487	27.066654
1488	28.600946
1489	28.220201
1490	25.316614
1491	23.874290
1492	25.559488
1493	24.495750
1494	24.918932
1495	23.908846
1496	22.428816
1497	22.825052
1498	26.386625
1499	28.366131
1500	30.076498
1501	27.991447
1502	30.178545
1503	31.676674
1504	31.245968
1505	30.168112
1506	30.106720
1507	30.022875
1508	30.358368
1509	32.172668
1510	33.532845
1511	32.853001
1512	29.075108
1513	28.778757
1514	29.367645
1515	30.266848
1516	29.459726
1517	29.799564
1518	22.537947
1519	25.069084
1520	23.874672
1521	24.407631
1522	24.871496
1523	25.622623
1524	27.326408
1525	22.109886
1526	23.879290
1527	22.319626
1528	19.219952
1529	21.450411
1530	22.292353
1531	21.784136
1532	21.421902
1533	22.500650
1534	23.129578
1535	24.085238
1536	22.766392
1537	23.903278
1538	22.244305
1539	24.448984
1540	22.749527
1541	23.827415
1542	25.063742
1543	24.578459
1544	26.324450
1545	27.349855
1546	28.525095
1547	28.613371
1548	27.527769
1549	31.168127
1550	32.348652
1551	31.660545
1552	31.363529
1553	30.823540
1554	29.225348
1555	30.581615
1556	26.787865
1557	27.579350
1558	24.279991
1559	24.412458
1560	25.989248
1561	23.751955
1562	24.761301
1563	23.573168
1564	27.805525
1565	29.136087
1566	25.993528
1567	27.273445
1568	27.389677
1569	31.121544
1570	29.393827
1571	27.479656
1572	25.622864
1573	25.300392
1574	25.751381
1575	27.059809
1576	25.262625
1577	22.914879
1578	23.954962
1579	25.054478
1580	24.733185
1581	28.528769
1582	31.017263
1583	30.659996
1584	30.231213
1585	29.229403
1586	28.123428
1587	25.329441
1588	27.141592
1589	22.570549
1590	23.457350
1591	29.249660
1592	30.544437
1593	31.369854
1594	32.990990
1595	28.973732
1596	25.919960
1597	18.715336
1598	18.497986
1599	19.675726
1600	21.310688
1601	19.699945
1602	15.445644
1603	15.645962
1604	17.425882
1605	16.246046
1606	16.401535
1607	15.277976
1608	15.089712
1609	19.397499
1610	18.845743
1611	19.162027
1612	20.403578
1613	18.507826
1614	21.593382
1615	16.192039
1616	16.194490
1617	17.506596
1618	15.670468
1619	18.069246
1620	22.445278
1621	27.836283
1622	29.235214
1623	26.193638
1624	26.535049
1625	24.751247
1626	26.891087
1627	26.914429
1628	27.648863
1629	28.170326
1630	28.160940
1631	29.834780
1632	27.807428
1633	29.122393
1634	28.520117
1635	29.256485
1636	29.278439
1637	30.429333
1638	28.965736
1639	28.114790
1640	28.391598
1641	28.656385
1642	29.041182
1643	27.722130
1644	29.731758
1645	27.559828
1646	29.009504
1647	28.326576
1648	27.946243
1649	29.145672
1650	26.644451
1651	27.338081
1652	29.575485
1653	29.312620
1654	28.961470
1655	28.305670
1656	28.190289
1657	26.939362
1658	26.821642
1659	29.573248
1660	26.130024
1661	23.946768
1662	25.806561
1663	21.272512
1664	21.026066
1665	21.728306
1666	21.175030
1667	21.031408
1668	22.125370
1669	22.265701
1670	22.438454
1671	22.118080
1672	21.285648
1673	21.697203
1674	21.837400
1675	21.196629
1676	21.743401
1677	20.681278
1678	20.924482
1679	20.387945
1680	19.760366
1681	20.568254
1682	19.465124
1683	21.092785
1684	21.358742
1685	21.127029
1686	19.870171
1687	18.928970
1688	20.409971
1689	19.415037
1690	19.624681
1691	20.400806
1692	20.179482
1693	21.153473
1694	19.663746
1695	20.453598
1696	20.893063
1697	20.216681
1698	21.508255
1699	20.363626
1700	21.412037
1701	21.653837
1702	21.324211
1703	21.719271
1704	21.910585
1705	21.141045
1706	20.322817
1707	22.254730
1708	20.397804
1709	20.805038
1710	21.858686
1711	20.647766
1712	21.188274
1713	21.751133
1714	20.949392
1715	21.793953
1716	22.092772
1717	22.033068
1718	21.916052
1719	21.730297
1720	20.617746
1721	21.224056
1722	20.811298
1723	22.188360
1724	22.451853
1725	21.255625
1726	21.580385
1727	20.998955
1728	21.973955
1729	21.634850
1730	22.073574
1731	19.994331
1732	21.079149
1733	21.499926
1734	21.520439
1735	21.130354
1736	21.491669
1737	20.769518
1738	21.651255
1739	22.937027
1740	22.346844
1741	21.103285
1742	22.218321
1743	20.092817
1744	21.558968
1745	21.005669
1746	21.886778
1747	22.018538
1748	21.979937
1749	23.038387
1750	22.342232
1751	21.619740
1752	21.839417
1753	22.269293
1754	22.996124
1755	21.618225
1756	21.979799
1757	21.224056
1758	20.882309
1759	20.878460
1760	18.557138
1761	19.287207
1762	19.389999
1763	19.527990
1764	19.712109
1765	20.331968
1766	17.652298
1767	18.860126
1768	19.561047
1769	18.737635
1770	19.324701
1771	18.903360
1772	18.738529
1773	19.571270
1774	20.332453
1775	19.396542
1776	18.866953
1777	17.416323
1778	16.456871
1779	16.428514
1780	18.121006
1781	15.236293
1782	14.263608
1783	11.792948
1784	13.389622
1785	12.123555
1786	11.926681
1787	15.839498
1788	19.338236
1789	13.011029
1790	13.115491
1791	14.416300
1792	15.196598
1793	12.312445
1794	13.860325
1795	13.179579
1796	14.777299
1797	13.047517
1798	13.538603
1799	14.872337
1800	13.539824
1801	12.437898
1802	14.236721
1803	13.191926
1804	12.653702
1805	13.063514
1806	13.742278
1807	16.350883
1808	16.141720
1809	12.883218
1810	14.976561
1811	14.499395
1812	15.204165
1813	13.327520
1814	14.703552
1815	13.911747
1816	13.632304
1817	12.766601
1818	13.840891
1819	13.599871
1820	12.465561
1821	13.028311
1822	13.914186
1823	14.508462
