0	3.351238
1	3.569566
2	3.251998
3	3.461923
4	4.030012
5	3.898461
6	3.573794
7	5.416547
8	5.168310
9	3.921440
10	5.918902
11	6.267032
12	6.526584
13	6.592071
14	6.202111
15	5.894794
16	6.198274
17	6.668530
18	6.034915
19	6.232927
20	6.726350
21	6.205845
22	7.116045
23	5.345823
24	7.456111
25	5.382341
26	6.292616
27	6.426764
28	6.518106
29	6.561656
30	6.150944
31	5.742665
32	4.098755
33	3.634185
34	3.238334
35	3.996962
36	3.180001
37	3.281982
38	3.472881
39	4.941346
40	3.530112
41	3.361713
42	3.277391
43	3.942525
44	8.086409
45	6.964854
46	8.512161
47	9.587125
48	11.455244
49	11.925443
50	8.512191
51	10.546116
52	10.631547
53	11.251799
54	8.909619
55	11.873222
56	12.518754
57	15.650640
58	14.305807
59	14.616871
60	14.748485
61	15.250771
62	13.077656
63	12.043032
64	10.136711
65	7.286356
66	9.475868
67	10.215229
68	7.381070
69	9.964522
70	10.800164
71	13.259910
72	15.404949
73	16.418438
74	15.509460
75	15.452123
76	15.681717
77	15.621207
78	15.502962
79	15.554219
80	16.731806
81	15.978647
82	16.333858
83	15.793395
84	11.153108
85	10.796853
86	14.774179
87	12.444359
88	13.458411
89	12.364097
90	15.695683
91	12.339764
92	11.203422
93	8.885929
94	9.889265
95	10.824851
96	10.604010
97	11.624294
98	11.656437
99	9.542013
100	7.981460
101	11.375349
102	9.824866
103	10.517952
104	9.867533
105	10.494137
106	11.413364
107	10.757125
108	10.911837
109	10.185547
110	10.180861
111	11.210673
112	10.364424
113	10.210420
114	10.071611
115	10.448555
116	9.811348
117	12.756846
118	12.341451
119	14.279741
120	16.362890
121	14.970394
122	16.375505
123	16.419151
124	14.256600
125	15.771058
126	13.353315
127	12.669295
128	17.801521
129	18.169989
130	9.719536
131	9.008539
132	6.989034
133	9.037981
134	7.894466
135	8.317816
136	8.093290
137	11.851013
138	9.923765
139	10.373148
140	12.323711
141	11.173119
142	11.661981
143	12.128536
144	9.728357
145	10.195734
146	10.547293
147	11.741676
148	11.049860
149	14.618202
150	9.526811
151	9.224013
152	11.093287
153	12.622635
154	11.827312
155	12.627794
156	12.792065
157	16.022076
158	18.167948
159	19.414078
160	14.479988
161	17.664316
162	22.070423
163	18.976892
164	19.590370
165	20.574450
166	17.247807
167	19.982523
168	21.214375
169	19.461485
170	21.915112
171	21.820898
172	22.149775
173	20.694513
174	16.223824
175	20.628008
176	20.406521
177	18.177227
178	17.502985
179	16.585911
180	16.479919
181	18.755892
182	16.033421
183	16.045044
184	20.185207
185	21.419907
186	19.194551
187	18.422344
188	16.836153
189	18.092371
190	17.828127
191	19.107313
192	18.960701
193	20.013531
194	19.577688
195	18.694691
196	18.578865
197	19.885105
198	22.988247
199	19.622463
200	20.820480
201	21.039108
202	17.376465
203	18.151518
204	18.785812
205	18.895641
206	21.231169
207	19.706266
208	17.327366
209	13.472255
210	15.932066
211	16.586996
212	17.390539
213	17.225719
214	15.300438
215	15.079198
216	14.840246
217	17.063745
218	17.119888
219	14.976907
220	14.796207
221	13.985088
222	13.289581
223	14.165951
224	15.561547
225	14.610942
226	16.252029
227	13.421301
228	12.495607
229	13.769663
230	14.651545
231	15.140113
232	15.865705
233	13.837012
234	14.316195
235	13.926083
236	14.336003
237	14.030712
238	14.262035
239	14.652676
240	14.541480
241	13.035655
242	13.478861
243	12.266879
244	12.664584
245	14.429098
246	14.445218
247	13.206706
248	15.200438
249	13.161282
250	13.295762
251	13.513888
252	12.737554
253	13.300368
254	14.025881
255	13.066220
256	13.247289
257	13.934912
258	13.980083
259	13.168094
260	12.563300
261	12.993823
262	12.848962
263	13.930646
264	12.086308
265	12.763108
266	11.634145
267	13.528399
268	13.393902
269	13.360431
270	13.477183
271	13.354929
272	13.356688
273	12.884768
274	13.056499
275	11.910672
276	12.268549
277	10.838602
278	12.959885
279	11.586018
280	12.578911
281	13.909068
282	12.676265
283	14.281266
284	13.018434
285	13.438059
286	12.921745
287	14.493323
288	13.185045
289	15.327686
290	13.391653
291	13.056511
292	13.741667
293	13.186561
294	13.445855
295	13.213705
296	12.951119
297	12.673981
298	13.446312
299	14.498803
300	13.851530
301	13.216247
302	13.038260
303	13.667512
304	14.446518
305	12.092591
306	13.117867
307	13.522484
308	14.092295
309	13.648008
310	13.566169
311	13.058624
312	13.915117
313	13.832891
314	14.312687
315	13.233937
316	13.217854
317	13.564925
318	13.289374
319	13.240972
320	13.417755
321	14.302031
322	12.976029
323	12.814773
324	13.043257
325	14.225051
326	15.738014
327	12.041560
328	14.869470
329	17.283962
330	14.315868
331	14.426387
332	13.306047
333	13.021192
334	12.962172
335	13.629432
336	12.691843
337	13.201537
338	15.058506
339	15.653423
340	15.109480
341	13.959214
342	12.926352
343	12.538656
344	13.668450
345	13.822739
346	13.079123
347	12.685479
348	14.426708
349	13.371929
350	13.505167
351	13.345667
352	13.656790
353	14.322312
354	13.060030
355	13.080851
356	14.991233
357	13.659247
358	13.653973
359	12.541531
360	12.113405
361	13.521127
362	12.813174
363	13.061801
364	12.520977
365	11.905674
366	12.664945
367	12.349971
368	13.338280
369	13.587381
370	12.506001
371	13.394779
372	13.063861
373	12.605733
374	13.135788
375	13.236331
376	13.463832
377	13.475201
378	13.029733
379	12.227942
380	16.699575
381	15.567677
382	12.747526
383	12.611269
384	13.626278
385	13.371555
386	12.720042
387	16.039742
388	15.281387
389	15.651802
390	17.490410
391	18.142946
392	16.226967
393	14.029291
394	15.351623
395	14.688468
396	13.626272
397	14.905112
398	15.178817
399	13.235993
400	14.767255
401	13.309798
402	13.008669
403	14.356343
404	14.028422
405	13.219522
406	14.069011
407	13.849157
408	14.875024
409	13.836742
410	13.251300
411	14.157825
412	13.513871
413	14.163963
414	15.438410
415	15.047426
416	13.117428
417	13.679379
418	13.385046
419	12.923391
420	14.148429
421	13.296565
422	13.183019
423	14.292936
424	15.210921
425	13.814562
426	14.772641
427	16.019007
428	14.416772
429	14.668538
430	14.016691
431	13.822427
432	13.033436
433	14.831336
434	15.097786
435	13.334157
436	14.313499
437	14.009403
438	14.214310
439	15.622104
440	14.713796
441	14.455733
442	14.403728
443	16.298630
444	14.465757
445	14.536416
446	14.807654
447	15.922041
448	16.013062
449	17.227495
450	17.278421
451	17.034548
452	15.584475
453	14.845283
454	12.890698
455	12.950328
456	17.262054
457	14.957901
458	14.532530
459	16.003490
460	15.454165
461	20.026920
462	16.749413
463	15.345242
464	16.537037
465	15.427885
466	13.949523
467	14.439561
468	15.531596
469	17.779081
470	17.498856
471	17.895117
472	14.628624
473	12.487346
474	12.352578
475	13.312975
476	15.080785
477	12.393761
478	14.589716
479	13.715489
480	13.186001
481	17.506691
482	14.562731
483	14.486767
484	16.337286
485	16.050539
486	14.703803
487	14.227658
488	15.021523
489	13.602106
490	12.402242
491	14.887759
492	12.797968
493	12.842138
494	13.286030
495	12.787752
496	12.729795
497	12.374437
498	13.708879
499	14.560677
500	13.379735
501	14.807431
502	14.740970
503	15.329004
504	16.258308
505	16.004753
506	16.891754
507	16.199450
508	14.866887
509	16.061859
510	13.926045
511	13.454936
512	13.354149
513	14.600495
514	13.275249
515	14.257803
516	13.984096
517	14.963870
518	14.519264
519	14.264646
520	15.795703
521	15.654939
522	15.190476
523	15.843739
524	15.871864
525	15.813431
526	15.249144
527	13.523762
528	12.862024
529	15.212377
530	14.081636
531	13.825881
532	14.396892
533	14.005441
534	14.662044
535	12.986555
536	12.885690
537	16.335602
538	14.641864
539	16.963364
540	17.610840
541	16.776518
542	21.246290
543	18.746698
544	16.200624
545	14.049668
546	13.109680
547	13.117872
548	12.823610
549	12.928314
550	15.141530
551	18.478313
552	22.633251
553	20.518261
554	17.736996
555	17.297365
556	16.285238
557	16.200333
558	15.845691
559	17.906507
560	16.517715
561	16.374914
562	16.605560
563	16.540293
564	16.551491
565	18.668690
566	15.148693
567	16.643797
568	16.269459
569	16.269243
570	14.451674
571	15.532793
572	16.461550
573	16.103289
574	16.734526
575	17.867426
576	17.958878
577	18.925776
578	16.678881
579	16.963009
580	16.917410
581	17.134119
582	15.645675
583	18.134085
584	20.787882
585	16.504667
586	17.647911
587	17.005114
588	18.398844
589	18.470284
590	17.176891
591	17.563814
592	17.439707
593	19.048353
594	22.066113
595	18.446856
596	18.761841
597	18.324581
598	18.535927
599	19.642712
600	18.077559
601	20.624615
602	19.860512
603	17.623144
604	19.806511
605	17.638765
606	17.186478
607	18.837036
608	19.457579
609	20.404770
610	19.208431
611	19.516949
612	18.691284
613	17.448158
614	17.389111
615	16.785849
616	16.544304
617	19.097914
618	16.973345
619	17.467566
620	17.710474
621	18.885914
622	19.961834
623	19.199026
624	19.649935
625	18.181431
626	19.616323
627	17.968931
628	17.337662
629	17.844707
630	17.451857
631	16.219624
632	16.980015
633	18.369154
634	18.197651
635	18.070889
636	18.496254
637	18.169270
638	16.154428
639	16.253855
640	12.836215
641	12.947272
642	13.744657
643	13.249593
644	14.232838
645	13.163730
646	13.212029
647	14.448540
648	13.839560
649	13.929222
650	13.450157
651	13.444248
652	16.699457
653	17.789543
654	20.775463
655	18.156900
656	17.932585
657	17.476915
658	20.657248
659	21.087816
660	21.626564
661	22.796057
662	21.936026
663	23.285069
664	22.733265
665	22.896881
666	19.847378
667	18.695463
668	20.125959
669	19.568687
670	20.914505
671	21.982115
672	18.892725
673	20.566908
674	20.936787
675	18.070351
676	16.902222
677	17.027023
678	17.865210
679	16.122025
680	16.715225
681	17.602810
682	15.963632
683	16.754461
684	19.223316
685	23.247643
686	19.848761
687	19.720823
688	23.888832
689	22.958378
690	17.498268
691	17.570190
692	18.856117
693	17.895266
694	14.782813
695	13.166495
696	13.393481
697	13.774581
698	11.842030
699	12.581343
700	10.718811
701	11.759906
702	12.764909
703	10.087417
704	11.042125
705	10.351738
706	8.498295
707	10.862088
708	10.864796
709	9.803525
710	12.321177
711	10.979220
712	10.000965
713	12.705486
714	16.702583
715	12.180095
716	11.905775
717	13.838417
718	13.730914
719	19.075348
720	15.986461
721	17.807722
722	16.358889
723	15.204756
724	14.761925
725	15.253653
726	14.891990
727	13.664355
728	13.848978
729	13.659095
730	12.939112
731	14.303267
732	15.407144
733	15.232056
734	14.881876
735	15.298292
736	15.908803
737	16.476147
738	17.111492
739	15.949736
740	19.050671
741	21.259523
742	17.435137
743	16.573257
744	16.981022
745	17.361212
746	18.647619
747	18.732574
748	18.123859
749	16.846796
750	17.887846
751	18.022985
752	18.352224
753	16.361618
754	16.861263
755	18.105993
756	11.106912
757	13.584466
758	14.059321
759	16.427259
760	12.336859
761	13.607744
762	12.536456
763	11.873609
764	11.067760
765	11.738420
766	12.587585
767	12.925645
768	13.327509
769	12.928382
770	11.895355
771	13.801451
772	12.423026
773	12.681550
774	12.983279
775	12.235853
776	12.736613
777	12.015724
778	11.741266
779	12.680953
780	12.192379
781	11.626305
782	12.451941
783	12.214236
784	13.360831
785	13.307301
786	11.370331
787	12.437084
788	12.133441
789	13.518764
790	12.213878
791	12.624323
792	15.105530
793	18.018005
794	15.957048
795	17.372608
796	17.558773
797	16.522234
798	16.813387
799	17.918627
800	17.290506
801	16.127064
802	16.777222
803	17.742682
804	16.346540
805	17.089365
806	17.077789
807	17.486822
808	16.784880
809	17.638405
810	16.012522
811	18.003220
812	17.463476
813	16.637377
814	16.990883
815	16.747179
816	17.464148
817	17.892712
818	17.037083
819	18.492353
820	17.527891
821	16.740284
822	17.126497
823	17.083061
824	17.631098
825	16.728031
826	16.977234
827	17.531923
828	17.176695
829	16.927681
830	16.562815
831	17.422987
832	16.102261
833	15.756267
834	16.560282
835	17.136618
836	14.749789
837	16.304825
838	18.439072
839	17.988285
840	17.311676
841	18.235205
842	17.047585
843	17.348991
844	16.108425
845	17.102922
846	17.620831
847	16.936424
848	16.977797
849	18.269814
850	16.348866
851	16.070473
852	16.866932
853	17.465797
854	16.038561
855	16.665123
856	16.814051
857	17.002296
858	16.097723
859	18.017916
860	17.152540
861	17.632000
862	17.694080
863	14.911160
864	14.169580
865	14.738459
866	14.615870
867	11.920609
868	13.412899
869	13.199271
870	13.151617
871	17.639437
872	17.823500
873	17.542513
874	17.044380
875	17.204018
876	18.493927
877	17.340363
878	17.236662
879	17.851503
880	16.983253
881	17.502602
882	17.447203
883	18.749029
884	17.540369
885	17.492516
886	17.204969
887	16.617294
888	17.697031
889	17.684998
890	17.477171
891	16.182058
892	15.254602
893	13.938264
894	13.632685
895	13.057256
896	13.747553
897	14.668957
898	13.190185
899	15.216971
900	12.626464
901	14.697529
902	14.972088
903	12.620205
904	12.729831
905	13.449842
906	11.912366
907	15.044918
908	14.256125
909	15.438845
910	14.829798
911	13.720040
912	11.839929
913	12.753452
914	11.976976
915	12.825974
916	12.523165
917	11.978202
918	13.361639
919	12.369749
920	13.529904
921	13.502118
922	13.272367
923	13.703671
924	13.649381
925	13.741316
926	13.980608
927	12.680019
928	13.482834
929	12.382716
930	12.355386
931	13.535249
932	12.659624
933	13.474350
934	12.044655
935	11.983175
936	13.775576
937	14.369265
938	11.399711
939	13.594576
940	13.321239
941	12.887288
942	11.782058
943	12.866001
944	13.172170
945	12.330481
946	12.282467
947	9.310881
948	8.694132
949	9.623572
950	8.309302
951	9.529517
952	8.792542
953	9.310688
954	10.294839
955	11.787460
956	11.300005
957	13.960811
958	11.848330
959	12.196077
960	12.746059
961	10.884200
962	11.270271
963	12.223053
964	13.414742
965	13.980136
966	13.934322
967	12.515534
968	13.530451
969	14.131897
970	13.039809
971	14.472245
972	14.574340
973	15.427748
974	16.841845
975	16.595642
976	17.074453
977	17.101715
978	15.407597
979	17.741432
980	18.543499
981	17.400631
982	17.485176
983	17.640615
984	18.007545
985	18.095049
986	16.730036
987	17.178635
988	19.264574
989	17.956692
990	17.124325
991	16.993820
992	17.828701
993	16.100704
994	16.910801
995	17.986483
996	15.372920
997	16.139267
998	17.227339
999	14.256627
1000	12.674578
1001	12.585682
1002	12.520207
1003	12.073064
1004	11.620235
1005	12.975242
1006	13.116417
1007	13.217997
1008	16.872478
1009	16.833330
1010	16.884863
1011	17.444473
1012	17.763649
1013	16.695972
1014	16.951725
1015	13.699575
1016	12.651936
1017	15.485239
1018	16.226810
1019	13.223654
1020	13.413489
1021	12.539322
1022	13.377676
1023	12.972436
1024	13.149292
1025	12.230217
1026	13.023179
1027	14.277878
1028	12.500855
1029	12.772638
1030	14.847713
1031	14.446214
1032	13.381799
1033	14.091700
1034	13.103625
1035	12.707006
1036	12.021577
1037	12.506909
1038	13.683366
1039	12.070893
1040	14.653211
1041	17.077105
1042	14.686267
1043	13.609191
1044	10.801060
1045	11.959435
1046	13.186967
1047	16.561941
1048	16.551476
1049	18.821800
1050	22.096016
1051	18.529423
1052	19.763981
1053	23.423182
1054	22.047806
1055	21.831879
1056	23.890457
1057	20.410492
1058	21.635204
1059	19.206396
1060	17.613888
1061	21.425821
1062	19.978758
1063	20.148134
1064	19.100798
1065	20.558355
1066	24.090181
1067	22.350323
1068	23.488775
1069	21.084221
1070	17.908983
1071	20.970461
1072	21.173473
1073	22.310028
1074	20.316959
1075	20.070797
1076	19.618170
1077	22.685154
1078	21.318850
1079	21.934711
1080	23.887392
1081	22.472412
1082	26.255302
1083	25.119469
1084	25.430819
1085	25.077059
1086	24.729084
1087	23.123121
1088	24.401348
1089	23.968334
1090	22.918119
1091	24.106300
1092	22.702024
1093	19.672848
1094	23.463785
1095	23.622892
1096	24.075043
1097	24.928267
1098	22.925474
1099	23.949957
1100	20.435658
1101	21.902554
1102	20.797119
1103	21.581982
1104	21.614389
1105	23.968599
1106	22.904362
1107	21.979013
1108	22.407726
1109	25.171356
1110	23.165049
1111	26.559845
1112	19.861076
1113	21.672892
1114	20.881048
1115	19.992092
1116	21.260538
1117	19.735336
1118	20.796280
1119	18.105616
1120	17.526894
1121	20.326735
1122	20.790333
1123	20.383175
1124	20.562269
1125	21.883062
1126	28.050690
1127	25.576719
1128	25.364643
1129	22.479612
1130	21.941807
1131	21.652525
1132	21.763350
1133	21.004993
1134	21.115938
1135	19.984306
1136	21.011770
1137	20.767744
1138	22.298243
1139	24.585325
1140	22.689747
1141	23.736227
1142	23.605915
1143	22.867212
1144	24.704290
1145	23.988787
1146	24.271267
1147	22.214661
1148	22.290314
1149	21.681309
1150	22.912149
1151	25.086231
1152	22.583431
1153	21.971468
1154	22.891073
1155	22.028599
1156	21.388723
1157	21.795813
1158	21.460606
1159	22.228348
1160	22.246809
1161	23.426596
1162	22.243744
1163	20.358593
1164	21.772936
1165	21.169043
1166	21.088200
1167	23.219501
1168	23.627039
1169	23.831966
1170	22.886755
1171	24.389624
1172	22.851940
1173	25.702528
1174	22.529444
1175	24.402901
1176	23.373423
1177	21.041225
1178	22.381639
1179	20.488699
1180	17.896351
1181	16.813549
1182	20.147081
1183	23.412111
1184	22.235193
1185	22.229931
1186	23.385210
1187	21.991564
1188	22.815884
1189	22.659552
1190	25.230278
1191	24.363104
1192	25.325478
1193	22.696255
1194	24.117865
1195	22.955685
1196	25.194391
1197	26.584284
1198	28.360273
1199	27.296579
1200	25.571486
1201	22.933697
1202	21.224123
1203	20.954472
1204	18.382420
1205	23.067492
1206	19.233721
1207	21.576916
1208	21.618370
1209	22.841108
1210	22.815136
1211	22.386372
1212	18.730738
1213	17.266300
1214	17.654305
1215	18.181732
1216	16.706690
1217	16.623709
1218	18.646271
1219	16.707701
1220	16.205372
1221	13.858518
1222	13.064458
1223	16.525827
1224	19.912947
1225	19.881512
1226	18.963833
1227	17.617495
1228	21.612261
1229	25.443281
1230	22.068468
1231	21.075918
1232	17.285187
1233	18.742220
1234	17.229610
1235	17.089077
1236	18.541491
1237	16.613407
1238	16.196823
1239	16.267237
1240	15.881070
1241	17.325687
1242	16.051878
1243	21.808229
1244	23.146219
1245	21.792706
1246	23.437809
1247	23.522264
1248	23.523046
1249	23.779560
1250	23.458408
1251	23.262234
1252	23.219297
1253	23.374626
1254	23.401218
1255	25.778605
1256	21.558216
1257	20.319342
1258	19.793798
1259	17.699965
1260	20.003214
1261	19.998732
1262	16.378147
1263	19.255175
1264	15.512736
1265	19.701019
1266	20.503656
1267	18.839066
1268	18.753311
1269	17.089415
1270	20.268839
1271	19.569122
1272	16.033978
1273	15.768996
1274	19.740633
1275	19.524973
1276	16.633972
1277	16.088497
1278	16.376921
1279	15.515672
1280	18.204704
1281	18.196703
1282	15.918477
1283	17.230749
1284	16.822289
1285	15.894345
1286	16.952143
1287	16.695799
1288	16.905922
1289	15.835382
1290	20.492498
1291	20.385155
1292	18.403368
1293	20.629045
1294	21.401165
1295	20.133415
1296	21.147223
1297	19.453035
1298	20.514887
1299	20.516768
1300	19.945242
1301	18.754293
1302	20.110304
1303	21.288383
1304	19.157223
1305	20.806795
1306	17.853380
1307	18.769476
1308	17.155165
1309	20.557457
1310	19.140423
1311	19.740446
1312	17.315241
1313	16.718685
1314	16.213785
1315	16.449051
1316	17.844591
1317	16.525501
1318	17.779577
1319	18.012253
1320	18.472467
1321	16.815536
1322	19.058096
1323	17.506111
1324	17.906719
1325	18.056143
1326	16.678221
1327	15.670365
1328	19.018084
1329	19.076588
1330	20.196814
1331	17.484612
1332	18.986664
1333	19.558228
1334	19.232187
1335	18.605862
1336	18.047657
1337	18.063555
1338	18.868677
1339	16.944679
1340	19.392538
1341	18.189032
1342	17.672421
1343	18.075035
1344	15.957007
1345	15.201641
1346	15.305100
1347	17.523653
1348	18.461885
1349	18.878094
1350	19.246487
1351	18.094397
1352	17.992197
1353	18.364649
1354	18.042114
1355	18.715437
1356	19.113592
1357	18.413925
1358	18.788427
1359	18.416582
1360	18.895290
1361	21.845474
1362	20.861864
1363	16.650068
1364	16.641397
1365	17.819159
1366	17.745277
1367	22.479284
1368	18.416161
1369	18.386456
1370	16.743790
1371	16.025648
1372	17.597630
1373	18.758110
1374	18.098780
1375	18.630945
1376	19.813454
1377	18.067301
1378	20.097565
1379	17.845819
1380	20.509085
1381	19.043524
1382	18.631102
1383	19.938789
1384	15.766729
1385	17.869514
1386	17.798452
1387	20.303265
1388	20.556589
1389	20.908840
1390	21.569750
1391	19.611961
1392	18.306772
1393	16.841516
1394	18.183489
1395	17.496288
1396	18.377420
1397	18.515276
1398	18.945656
1399	18.199778
1400	17.117157
1401	17.791214
1402	18.812857
1403	19.625895
1404	17.392527
1405	18.145756
1406	18.023855
1407	17.555328
1408	20.557913
1409	17.025129
1410	17.217577
1411	15.696398
1412	17.579409
1413	17.552704
1414	16.504997
1415	17.819220
1416	19.125917
1417	20.820265
1418	18.225075
1419	17.435268
1420	16.990072
1421	17.230230
1422	17.718643
1423	18.458681
1424	16.873232
1425	17.736271
1426	17.091503
1427	15.895076
1428	20.439154
1429	22.609472
1430	25.264622
1431	24.644457
1432	24.676685
1433	23.185379
1434	24.651304
1435	23.913034
1436	23.466530
1437	28.124226
1438	28.134161
1439	24.030283
1440	25.249266
1441	26.288797
1442	26.956804
1443	26.216436
1444	26.646229
1445	26.974758
1446	25.761351
1447	25.792582
1448	26.362322
1449	27.052664
1450	26.161703
1451	25.899879
1452	25.044140
1453	26.306301
1454	24.363745
1455	26.236420
1456	26.263788
1457	26.115499
1458	24.812065
1459	25.214828
1460	25.644714
1461	24.279434
1462	25.244911
1463	26.215408
1464	25.706408
1465	26.241688
1466	22.250917
1467	25.769850
1468	21.084806
1469	22.222534
1470	23.214445
1471	22.524328
1472	23.624344
1473	22.395124
1474	23.811680
1475	24.510113
1476	24.718441
1477	25.590553
1478	26.429054
1479	26.460125
1480	23.793955
1481	24.538097
1482	24.324202
1483	27.115665
1484	25.257334
1485	26.602621
1486	24.925236
1487	23.780930
1488	23.889223
1489	25.207960
1490	21.666430
1491	20.290344
1492	22.761850
1493	21.164562
1494	22.806921
1495	23.079983
1496	20.624578
1497	20.763786
1498	22.833672
1499	25.741964
1500	25.481213
1501	23.836412
1502	25.316862
1503	27.939148
1504	26.625889
1505	25.243776
1506	25.590570
1507	25.664322
1508	25.692072
1509	27.110750
1510	27.991529
1511	27.563231
1512	24.261681
1513	23.648943
1514	24.890869
1515	24.991421
1516	24.492601
1517	24.142530
1518	20.833672
1519	21.648216
1520	20.778694
1521	20.887005
1522	21.637697
1523	21.775917
1524	22.847023
1525	22.551260
1526	23.594357
1527	21.560686
1528	21.224110
1529	22.461460
1530	22.072859
1531	22.092131
1532	22.697992
1533	22.329203
1534	22.199194
1535	22.694206
1536	21.520803
1537	22.400314
1538	22.076313
1539	22.911213
1540	21.052555
1541	21.420574
1542	23.008764
1543	22.513136
1544	22.491478
1545	23.289669
1546	24.976601
1547	24.681026
1548	22.975266
1549	25.727737
1550	26.834072
1551	26.353489
1552	26.020487
1553	24.991049
1554	23.782356
1555	25.198082
1556	23.578341
1557	23.339340
1558	21.979290
1559	24.150974
1560	23.481764
1561	21.867416
1562	23.187983
1563	20.687458
1564	24.255413
1565	24.804329
1566	22.040565
1567	23.732695
1568	23.528446
1569	27.134699
1570	25.449842
1571	23.558100
1572	22.484905
1573	22.745310
1574	21.370886
1575	21.499792
1576	20.307320
1577	19.039963
1578	19.399309
1579	20.431234
1580	19.719332
1581	24.172882
1582	25.588737
1583	24.963118
1584	25.413675
1585	26.117247
1586	26.046686
1587	23.843571
1588	24.550888
1589	24.490410
1590	24.820824
1591	27.575985
1592	28.626625
1593	27.423101
1594	30.560492
1595	27.652723
1596	26.181957
1597	20.742491
1598	16.935413
1599	18.611147
1600	18.366713
1601	19.848904
1602	17.370537
1603	20.175468
1604	22.349876
1605	20.895275
1606	21.350760
1607	17.278740
1608	16.694839
1609	24.562548
1610	24.142395
1611	24.308359
1612	25.266659
1613	23.576841
1614	26.373413
1615	19.273926
1616	18.531879
1617	20.612650
1618	19.880671
1619	20.465065
1620	21.988855
1621	24.894587
1622	27.324209
1623	24.532846
1624	24.813099
1625	21.815487
1626	24.710070
1627	23.430248
1628	25.310152
1629	25.542099
1630	24.416231
1631	24.725452
1632	24.284897
1633	24.540058
1634	24.471424
1635	25.155638
1636	24.251205
1637	26.705156
1638	26.235682
1639	25.802174
1640	26.344042
1641	25.535736
1642	26.269455
1643	26.008972
1644	26.162495
1645	24.856680
1646	26.654657
1647	25.034693
1648	25.731756
1649	24.507633
1650	24.204466
1651	23.534420
1652	25.018908
1653	25.529154
1654	25.035835
1655	25.581762
1656	25.020327
1657	24.441820
1658	23.358084
1659	25.263483
1660	23.338461
1661	20.608091
1662	21.758291
1663	19.061859
1664	17.841362
1665	18.645054
1666	18.741531
1667	17.680035
1668	18.517982
1669	19.611845
1670	19.035622
1671	18.059906
1672	16.866137
1673	18.013559
1674	17.627714
1675	17.938597
1676	18.143312
1677	17.032986
1678	16.388010
1679	16.474180
1680	16.464184
1681	16.355194
1682	15.340829
1683	17.704784
1684	17.935959
1685	16.460627
1686	15.934857
1687	14.634124
1688	15.577358
1689	15.616820
1690	15.481890
1691	16.780703
1692	16.611822
1693	16.961798
1694	14.837831
1695	16.677488
1696	16.391991
1697	15.651826
1698	17.849646
1699	17.372396
1700	18.187183
1701	18.376640
1702	17.431683
1703	18.177282
1704	18.277937
1705	17.867527
1706	17.944960
1707	19.328543
1708	17.247345
1709	17.451420
1710	18.422537
1711	17.864750
1712	18.186714
1713	18.689754
1714	17.870996
1715	18.041843
1716	18.801369
1717	19.318090
1718	19.463621
1719	18.192221
1720	17.663441
1721	18.296080
1722	18.099377
1723	18.766430
1724	18.848833
1725	19.643820
1726	18.773911
1727	17.948818
1728	18.078815
1729	18.276918
1730	18.595627
1731	17.288916
1732	18.292078
1733	18.138660
1734	18.032774
1735	18.411627
1736	18.642265
1737	17.839203
1738	18.802130
1739	19.110033
1740	18.707230
1741	18.123466
1742	18.584072
1743	17.226059
1744	17.922903
1745	18.036030
1746	18.997078
1747	18.404964
1748	18.366356
1749	19.846846
1750	19.412296
1751	18.825274
1752	20.039272
1753	19.057566
1754	20.130259
1755	19.608984
1756	18.393393
1757	17.493269
1758	17.367155
1759	15.585716
1760	13.185709
1761	13.790163
1762	14.096818
1763	14.287344
1764	15.690052
1765	16.107645
1766	13.221910
1767	13.657895
1768	14.501734
1769	13.229549
1770	14.531088
1771	13.871775
1772	14.046248
1773	14.793352
1774	15.385663
1775	14.284334
1776	13.589269
1777	11.708326
1778	10.613735
1779	10.666109
1780	12.557998
1781	10.890920
1782	10.576819
1783	9.874969
1784	10.561685
1785	10.803893
1786	12.262455
1787	12.781663
1788	14.669063
1789	13.086095
1790	13.655391
1791	13.131284
1792	13.430611
1793	14.762142
1794	13.740466
1795	14.139710
1796	14.982596
1797	14.517126
1798	15.223206
1799	15.538883
1800	15.042875
1801	13.618021
1802	15.000401
1803	14.442884
1804	14.633783
1805	14.518606
1806	14.818220
1807	15.135675
1808	15.722880
1809	14.916880
1810	13.894532
1811	13.835683
1812	14.414467
1813	14.996167
1814	15.187329
1815	14.044218
1816	13.782896
1817	14.506531
1818	14.093767
1819	14.623478
1820	13.986178
1821	14.402852
1822	14.864546
1823	15.448008
