0	6.679821
1	7.545875
2	7.517150
3	7.284044
4	8.952369
5	7.509208
6	7.932250
7	9.030907
8	8.691130
9	7.692333
10	9.644117
11	9.484498
12	10.590363
13	9.836773
14	9.738935
15	9.942740
16	9.948874
17	10.746138
18	10.034671
19	9.571070
20	10.680696
21	10.128776
22	10.744467
23	8.848069
24	11.093519
25	8.814109
26	9.741725
27	9.965886
28	10.040980
29	9.819259
30	9.604069
31	9.142236
32	7.096908
33	8.082048
34	6.078519
35	5.844759
36	6.362421
37	6.077171
38	5.826338
39	4.177859
40	6.755723
41	7.074293
42	6.371755
43	7.758280
44	11.342583
45	10.435826
46	11.615445
47	14.429376
48	15.793736
49	16.369610
50	12.683456
51	14.177197
52	14.042373
53	14.246015
54	13.110996
55	15.854795
56	16.870274
57	19.008949
58	18.158085
59	18.059973
60	19.134563
61	18.181490
62	17.678356
63	16.222017
64	14.531482
65	11.548900
66	14.438330
67	13.281891
68	9.846370
69	12.936418
70	14.249694
71	16.347372
72	19.297619
73	19.615345
74	18.583014
75	18.273712
76	19.101624
77	18.129782
78	19.449364
79	19.399694
80	20.787270
81	18.897844
82	18.692337
83	18.275055
84	13.828696
85	13.956054
86	17.987894
87	16.173183
88	16.283573
89	15.984669
90	19.514811
91	14.606622
92	13.486462
93	11.834634
94	13.028253
95	12.480207
96	12.006723
97	12.708948
98	13.764682
99	11.547768
100	10.503567
101	13.949484
102	12.596083
103	12.640734
104	11.744555
105	13.138289
106	14.001325
107	12.089688
108	13.152597
109	12.181285
110	11.586417
111	12.201173
112	12.058128
113	12.595402
114	12.393006
115	12.719286
116	12.243149
117	16.313562
118	15.163316
119	17.135160
120	18.672222
121	17.761164
122	18.536135
123	17.503033
124	16.244513
125	17.860006
126	14.951142
127	14.780493
128	20.771198
129	18.644903
130	10.794631
131	9.645564
132	8.790453
133	10.248518
134	10.803606
135	11.387784
136	10.104175
137	15.281631
138	12.058078
139	10.747806
140	10.937503
141	10.415820
142	10.342633
143	10.542953
144	10.874356
145	10.293327
146	11.483390
147	12.550388
148	11.920012
149	12.980029
150	10.885890
151	9.437757
152	10.924887
153	11.233443
154	9.537392
155	10.909864
156	10.948353
157	13.645370
158	14.174625
159	15.600679
160	10.975430
161	15.347293
162	19.871634
163	16.328003
164	18.839849
165	18.417753
166	16.314566
167	18.324816
168	19.449596
169	17.464445
170	22.382847
171	20.068737
172	21.700527
173	20.609148
174	16.643406
175	19.016659
176	17.248365
177	16.344650
178	16.028692
179	14.054656
180	15.533982
181	17.146725
182	13.877809
183	17.225508
184	19.503365
185	20.091354
186	17.525124
187	18.277903
188	15.888994
189	17.939291
190	17.451363
191	19.277588
192	21.966965
193	24.579475
194	24.295244
195	23.902174
196	23.104887
197	24.137014
198	25.908998
199	23.399158
200	25.370039
201	24.858027
202	20.995842
203	22.843969
204	23.647194
205	22.788521
206	24.943571
207	24.122061
208	22.265652
209	17.692566
210	20.507141
211	21.339037
212	22.208603
213	21.642075
214	20.028341
215	19.808813
216	19.500134
217	22.054689
218	21.320473
219	18.798883
220	18.896490
221	18.200359
222	16.502064
223	18.064856
224	18.713081
225	17.560242
226	18.394295
227	16.453194
228	16.384727
229	16.840605
230	17.954676
231	18.005684
232	18.974319
233	17.563536
234	18.310295
235	17.496120
236	18.221582
237	17.327417
238	18.131876
239	19.063187
240	18.746681
241	16.547537
242	16.939322
243	16.201799
244	15.185483
245	17.814003
246	17.984055
247	17.516748
248	18.286169
249	16.087767
250	15.836832
251	16.945351
252	15.649120
253	16.877764
254	17.110941
255	16.741268
256	16.015179
257	17.228167
258	17.451309
259	16.283367
260	16.378517
261	15.263201
262	14.256129
263	16.211246
264	14.296994
265	14.528737
266	14.587632
267	15.969301
268	16.015173
269	14.400090
270	14.215871
271	15.741680
272	13.776143
273	13.763278
274	14.546769
275	13.763622
276	15.672716
277	13.370707
278	14.468064
279	13.792477
280	14.430257
281	14.479436
282	14.195784
283	13.814097
284	13.772597
285	13.467454
286	14.084351
287	13.920615
288	14.025070
289	14.156150
290	14.563389
291	14.665340
292	16.107618
293	15.530196
294	15.590155
295	15.368754
296	15.046394
297	15.793910
298	16.694605
299	16.590178
300	16.954990
301	16.106125
302	16.510082
303	17.482386
304	18.509277
305	15.526508
306	16.558348
307	16.062647
308	17.282614
309	16.594809
310	16.345486
311	16.466963
312	15.796322
313	16.979902
314	17.707991
315	16.088337
316	16.773485
317	16.112755
318	15.924839
319	16.168961
320	16.859930
321	16.858614
322	16.410294
323	16.420933
324	16.935129
325	17.207664
326	17.905249
327	15.367507
328	17.719784
329	17.554655
330	16.061310
331	16.514038
332	17.333786
333	16.738626
334	16.982586
335	17.637224
336	16.010874
337	16.178621
338	18.584932
339	18.601748
340	18.648014
341	16.154627
342	15.496325
343	15.711222
344	17.063885
345	16.434504
346	16.750347
347	16.232212
348	17.225840
349	16.067440
350	16.540430
351	16.745491
352	16.560793
353	16.483967
354	16.168570
355	16.765324
356	18.468960
357	17.949558
358	17.029942
359	15.222929
360	15.011693
361	17.628847
362	17.067881
363	16.726139
364	16.026293
365	15.158488
366	16.501785
367	16.041311
368	17.562529
369	17.568684
370	16.117321
371	16.770006
372	16.494282
373	16.032806
374	16.691868
375	16.344994
376	16.524132
377	16.619213
378	16.056416
379	15.431337
380	17.178295
381	18.163271
382	16.989269
383	15.733535
384	17.674446
385	16.663437
386	15.977974
387	19.819136
388	19.119219
389	19.673296
390	21.346464
391	21.003439
392	19.731510
393	17.054979
394	17.830441
395	18.734503
396	17.480564
397	19.586929
398	19.653015
399	17.099745
400	18.204607
401	16.994579
402	16.722359
403	18.391308
404	17.880571
405	16.172682
406	17.894543
407	16.897516
408	18.053150
409	17.586809
410	16.058521
411	17.046793
412	17.082619
413	18.033396
414	19.652061
415	19.580141
416	16.589184
417	16.554010
418	17.457079
419	16.930235
420	18.169706
421	16.744640
422	16.899828
423	18.633463
424	18.835501
425	17.649384
426	19.131716
427	19.526609
428	18.104618
429	18.723516
430	17.701803
431	18.005392
432	17.018391
433	18.705000
434	19.215477
435	17.281300
436	18.262360
437	17.934059
438	17.271284
439	19.372217
440	19.279060
441	18.139021
442	18.744583
443	19.656544
444	18.128813
445	18.394588
446	18.083567
447	18.882597
448	19.910627
449	21.313095
450	20.335335
451	21.374157
452	16.994566
453	16.701277
454	15.745047
455	15.531214
456	21.750330
457	18.657114
458	18.759586
459	19.730028
460	17.118828
461	20.892168
462	19.340162
463	18.335251
464	19.389801
465	19.743771
466	17.679623
467	17.972708
468	18.930464
469	21.742203
470	21.507248
471	21.416950
472	19.126369
473	16.715166
474	15.134070
475	16.502331
476	17.781027
477	16.012566
478	17.773525
479	17.178246
480	17.165958
481	22.271793
482	18.930542
483	17.736191
484	20.883408
485	20.715563
486	17.842920
487	17.257435
488	18.891148
489	17.070127
490	16.267946
491	19.046642
492	15.943883
493	17.419851
494	17.381260
495	16.394636
496	15.929319
497	16.611168
498	17.408463
499	17.136309
500	17.145817
501	19.208347
502	19.345100
503	19.947620
504	20.643160
505	20.303413
506	21.097551
507	20.635593
508	19.471094
509	19.857378
510	17.710869
511	16.860172
512	17.007710
513	17.908392
514	16.887024
515	17.302507
516	17.035124
517	18.972721
518	19.321056
519	18.006809
520	19.177876
521	19.907169
522	19.312155
523	20.031651
524	20.070885
525	19.646200
526	19.602564
527	18.143387
528	17.487152
529	19.669758
530	18.243704
531	17.749733
532	17.886570
533	16.890202
534	17.708149
535	17.003212
536	17.029684
537	18.504025
538	17.922527
539	19.869526
540	19.668533
541	19.018618
542	23.443624
543	20.980354
544	19.440380
545	18.889732
546	16.917740
547	14.497790
548	15.737363
549	16.105183
550	18.270433
551	20.420826
552	22.340290
553	19.126034
554	18.789690
555	18.111694
556	17.058170
557	16.294743
558	16.600534
559	18.740042
560	17.002651
561	17.074284
562	16.496149
563	17.274633
564	16.606401
565	17.347763
566	16.623232
567	14.530128
568	17.317209
569	17.123476
570	15.277468
571	16.290075
572	17.469013
573	16.724052
574	18.448175
575	17.055641
576	17.932007
577	17.495146
578	16.141233
579	16.916815
580	17.753794
581	16.804298
582	16.400766
583	17.124266
584	19.091131
585	15.502633
586	16.202608
587	16.419344
588	17.095390
589	18.132103
590	17.087023
591	17.066885
592	17.618341
593	18.164047
594	18.163729
595	17.786329
596	18.256119
597	17.231615
598	15.956108
599	16.971792
600	16.750109
601	18.614525
602	18.085419
603	17.978844
604	18.649227
605	17.400486
606	17.113091
607	17.340816
608	17.430347
609	17.714996
610	17.068148
611	16.772770
612	15.815771
613	14.670900
614	17.032173
615	17.368078
616	17.733812
617	17.475760
618	17.407528
619	16.971842
620	16.892326
621	16.998230
622	17.718681
623	16.961821
624	17.698828
625	16.405935
626	16.400551
627	16.916035
628	16.041166
629	17.724768
630	16.435061
631	17.049814
632	16.821846
633	17.070896
634	18.450464
635	16.847614
636	18.152695
637	17.557102
638	15.252872
639	17.086130
640	15.591279
641	15.084881
642	16.761280
643	16.410353
644	18.231197
645	16.828400
646	16.855804
647	17.653767
648	17.201120
649	17.192671
650	16.732342
651	16.407904
652	18.073214
653	19.475855
654	19.996756
655	19.732376
656	19.585468
657	18.338974
658	21.118002
659	20.899240
660	21.428102
661	22.932859
662	20.309669
663	22.124149
664	21.381447
665	23.269955
666	19.319529
667	19.341078
668	19.748278
669	19.330191
670	19.798592
671	22.260050
672	20.177307
673	22.604525
674	22.959576
675	19.310987
676	20.194361
677	20.181671
678	22.094389
679	20.070383
680	21.143169
681	21.762756
682	19.965389
683	19.996189
684	22.952482
685	25.777534
686	24.434593
687	21.457026
688	23.654686
689	21.694956
690	17.729969
691	20.672520
692	18.729876
693	19.503721
694	16.070284
695	12.205568
696	12.368610
697	12.216514
698	11.502151
699	13.156883
700	11.230289
701	9.625181
702	9.048549
703	9.589522
704	9.702499
705	11.762497
706	9.592107
707	11.629506
708	11.077418
709	10.056684
710	10.836946
711	12.991758
712	12.033673
713	12.342649
714	14.345120
715	14.327104
716	13.803797
717	12.850622
718	14.730085
719	20.394119
720	16.981453
721	17.804688
722	14.889047
723	12.656232
724	10.057975
725	12.764205
726	12.549396
727	11.405692
728	11.780620
729	12.796085
730	12.411615
731	13.476754
732	14.439182
733	12.801586
734	12.314517
735	13.508427
736	13.584123
737	13.854116
738	13.855788
739	15.541155
740	16.961805
741	17.806803
742	15.054610
743	14.468675
744	15.146756
745	14.768835
746	15.863486
747	15.526741
748	15.210775
749	14.364700
750	15.739484
751	15.882132
752	15.315921
753	13.623752
754	13.490282
755	14.244314
756	10.391925
757	11.753209
758	11.538102
759	13.779711
760	10.725241
761	11.763032
762	10.677017
763	11.493085
764	10.291452
765	10.732401
766	11.009721
767	11.064453
768	11.787884
769	10.662313
770	10.823192
771	11.711406
772	10.850952
773	10.664257
774	10.861851
775	11.140457
776	10.699613
777	10.044352
778	10.426035
779	10.866227
780	10.729596
781	10.163050
782	10.636170
783	11.181940
784	11.725468
785	11.880131
786	10.455539
787	10.658331
788	10.574247
789	11.354119
790	10.311968
791	11.576083
792	12.762092
793	14.686871
794	13.235490
795	14.273069
796	14.326751
797	13.371352
798	14.049341
799	14.787438
800	14.418417
801	13.171231
802	13.750642
803	14.492929
804	13.080613
805	14.167371
806	13.912479
807	14.354295
808	13.848357
809	14.518378
810	12.987521
811	14.904785
812	14.618300
813	13.284536
814	14.069921
815	14.146804
816	13.968187
817	14.598716
818	13.979824
819	15.129705
820	14.034194
821	13.868675
822	13.888978
823	14.094839
824	14.422030
825	13.460567
826	13.885291
827	14.096189
828	14.338127
829	13.817258
830	13.224619
831	14.439669
832	13.345595
833	13.303741
834	13.898919
835	13.921036
836	12.054849
837	13.291236
838	15.669604
839	14.978987
840	14.247880
841	14.575448
842	14.145745
843	14.364694
844	13.598903
845	14.002909
846	14.350798
847	13.923462
848	13.944050
849	14.553301
850	13.891423
851	12.973250
852	13.814348
853	14.939461
854	13.245381
855	13.642253
856	13.527254
857	13.865250
858	14.102534
859	14.649930
860	13.960972
861	14.330953
862	14.907241
863	12.838419
864	12.429768
865	12.127102
866	12.133823
867	9.809090
868	11.792171
869	11.080549
870	11.376556
871	14.235596
872	14.552418
873	14.154938
874	13.798768
875	13.878974
876	15.177487
877	14.134383
878	13.832343
879	15.059588
880	13.506009
881	14.609510
882	14.738271
883	15.239018
884	14.379297
885	14.384484
886	14.334125
887	13.633595
888	14.152892
889	14.092875
890	14.194968
891	13.522800
892	12.585597
893	11.244617
894	11.751726
895	11.217757
896	11.334747
897	12.563570
898	11.590942
899	13.143413
900	10.922094
901	12.814795
902	12.558090
903	10.853343
904	10.710191
905	11.145534
906	10.629065
907	12.555001
908	12.273619
909	13.207130
910	12.744358
911	11.982056
912	9.828449
913	10.643969
914	10.350845
915	10.746308
916	10.783948
917	11.154716
918	10.921231
919	10.550890
920	11.752445
921	11.412778
922	11.711747
923	11.477839
924	11.503081
925	12.142652
926	11.814986
927	10.868417
928	11.750299
929	10.536926
930	10.400845
931	11.763001
932	11.137621
933	10.830651
934	10.297072
935	10.319588
936	11.954391
937	11.642083
938	9.921441
939	11.260453
940	11.815660
941	10.942047
942	10.822606
943	11.040203
944	11.408822
945	10.809592
946	10.417533
947	9.585313
948	9.856556
949	11.804890
950	10.474219
951	10.607837
952	10.902042
953	11.588140
954	11.469528
955	10.339062
956	9.776363
957	11.229639
958	10.090718
959	10.456223
960	11.123227
961	12.028732
962	11.073366
963	10.346375
964	11.926232
965	11.293941
966	11.798431
967	10.743596
968	11.525623
969	11.890989
970	10.698734
971	11.696944
972	12.017457
973	13.334428
974	14.373546
975	13.473207
976	14.008490
977	13.541463
978	12.538160
979	14.380020
980	14.972660
981	15.309727
982	14.348387
983	14.169860
984	14.646380
985	14.762036
986	13.581403
987	13.857927
988	15.974935
989	14.809869
990	13.754357
991	13.809984
992	14.188971
993	13.195026
994	14.042000
995	14.714966
996	12.759393
997	13.216690
998	13.708574
999	11.769307
1000	10.684331
1001	10.848387
1002	10.709016
1003	10.352593
1004	10.052233
1005	10.767024
1006	10.921968
1007	11.098640
1008	13.671555
1009	13.593393
1010	14.021519
1011	13.624388
1012	15.380786
1013	13.385880
1014	13.914205
1015	11.571850
1016	10.577769
1017	12.669475
1018	14.220172
1019	11.000937
1020	11.697251
1021	11.023965
1022	11.213412
1023	10.468184
1024	11.006230
1025	10.237491
1026	10.624867
1027	11.647249
1028	10.640653
1029	11.241005
1030	11.886948
1031	11.393729
1032	12.000046
1033	11.563796
1034	11.307034
1035	10.321135
1036	10.502998
1037	10.286229
1038	10.959526
1039	10.422409
1040	12.029267
1041	14.033995
1042	12.677559
1043	11.972510
1044	12.890523
1045	10.825529
1046	13.977743
1047	17.979919
1048	18.295746
1049	19.959011
1050	22.528143
1051	19.087778
1052	20.457375
1053	23.003450
1054	22.309448
1055	21.804985
1056	23.172029
1057	21.330164
1058	21.852179
1059	20.877659
1060	18.893621
1061	21.903387
1062	21.465820
1063	20.738300
1064	19.714899
1065	20.240788
1066	23.292568
1067	22.363239
1068	22.704365
1069	21.250051
1070	19.361010
1071	21.907738
1072	22.077118
1073	23.513428
1074	21.354925
1075	21.227211
1076	21.086576
1077	22.685196
1078	22.061253
1079	24.557346
1080	25.505026
1081	24.440113
1082	26.292046
1083	26.058844
1084	26.210600
1085	25.991810
1086	26.796539
1087	25.905807
1088	25.904917
1089	25.612238
1090	24.864807
1091	24.975155
1092	23.773714
1093	21.184338
1094	25.823280
1095	25.488632
1096	25.648043
1097	25.726465
1098	24.831636
1099	24.747253
1100	21.631018
1101	23.318407
1102	23.621454
1103	23.223192
1104	23.924215
1105	25.506138
1106	24.705090
1107	23.684145
1108	23.853092
1109	26.595566
1110	24.475994
1111	26.720490
1112	22.595678
1113	23.730724
1114	22.927696
1115	22.465576
1116	22.909897
1117	22.374271
1118	22.613949
1119	21.719856
1120	20.579002
1121	23.114994
1122	23.042746
1123	22.658300
1124	23.029419
1125	24.086004
1126	28.953785
1127	25.996677
1128	25.837410
1129	22.898178
1130	21.959694
1131	21.087679
1132	19.180506
1133	19.183561
1134	20.430534
1135	21.466022
1136	24.043839
1137	24.114985
1138	25.105043
1139	25.831022
1140	25.160440
1141	25.152224
1142	25.030472
1143	24.043661
1144	25.320040
1145	25.500769
1146	25.527889
1147	23.734812
1148	24.420872
1149	23.613787
1150	24.989202
1151	26.817133
1152	23.945267
1153	23.255938
1154	23.378141
1155	22.987938
1156	22.015059
1157	23.481586
1158	23.301197
1159	24.350130
1160	23.800306
1161	24.846579
1162	23.879803
1163	22.504761
1164	23.776831
1165	22.151020
1166	23.653591
1167	25.374975
1168	25.763771
1169	24.346914
1170	23.695560
1171	24.646793
1172	23.911057
1173	26.153166
1174	24.413342
1175	26.241348
1176	25.335394
1177	23.157524
1178	24.412504
1179	22.274139
1180	21.155430
1181	19.307768
1182	21.632555
1183	24.487944
1184	23.613655
1185	23.504469
1186	24.440231
1187	23.693407
1188	24.039927
1189	23.490936
1190	26.194561
1191	24.051241
1192	26.100910
1193	24.156773
1194	25.524679
1195	24.436083
1196	25.314930
1197	27.196062
1198	28.773336
1199	28.376028
1200	25.608860
1201	24.298454
1202	21.838268
1203	21.566624
1204	19.394253
1205	21.844934
1206	20.193665
1207	20.524046
1208	21.108789
1209	21.550074
1210	21.830833
1211	21.164568
1212	18.242023
1213	18.275721
1214	17.374746
1215	18.869480
1216	18.684595
1217	18.344778
1218	20.323860
1219	18.161989
1220	18.010357
1221	14.240460
1222	14.922265
1223	17.969881
1224	21.100088
1225	21.401089
1226	19.806110
1227	19.597124
1228	24.901800
1229	27.868067
1230	25.532969
1231	19.511110
1232	18.274487
1233	17.287273
1234	20.262777
1235	18.894836
1236	21.029827
1237	18.690205
1238	18.853312
1239	18.505064
1240	18.938976
1241	21.027662
1242	19.626486
1243	25.345078
1244	24.404516
1245	22.341139
1246	22.826262
1247	23.087585
1248	22.482969
1249	23.046453
1250	23.471138
1251	21.848028
1252	20.134754
1253	19.621386
1254	20.281170
1255	21.664692
1256	18.211090
1257	17.553665
1258	17.052744
1259	18.694109
1260	18.517057
1261	20.573877
1262	19.750219
1263	18.827827
1264	18.597282
1265	20.984890
1266	20.106928
1267	19.250362
1268	18.320786
1269	17.922361
1270	20.940691
1271	19.197969
1272	16.107851
1273	17.534458
1274	22.099669
1275	23.355486
1276	18.428381
1277	17.069189
1278	17.495493
1279	17.832193
1280	20.480707
1281	19.966196
1282	17.303425
1283	18.441368
1284	18.050138
1285	17.903330
1286	18.829908
1287	18.848433
1288	17.549520
1289	18.192823
1290	16.489504
1291	16.792229
1292	17.613367
1293	18.573925
1294	18.457766
1295	16.462231
1296	18.065886
1297	17.242903
1298	17.214628
1299	17.717781
1300	18.545940
1301	17.733027
1302	18.326660
1303	18.309574
1304	18.017599
1305	18.877165
1306	16.626904
1307	17.327454
1308	18.217033
1309	20.080881
1310	17.794348
1311	18.850691
1312	18.377611
1313	17.309916
1314	18.265383
1315	18.628862
1316	19.041477
1317	19.176977
1318	18.793661
1319	20.043442
1320	19.046743
1321	17.063847
1322	18.236998
1323	19.742849
1324	18.924664
1325	18.443266
1326	18.704021
1327	18.287930
1328	20.022253
1329	18.631041
1330	18.731026
1331	17.827324
1332	17.462265
1333	17.304085
1334	18.391903
1335	18.165321
1336	17.830889
1337	19.479748
1338	18.204102
1339	17.988270
1340	19.432343
1341	17.543613
1342	18.998932
1343	18.169062
1344	18.045914
1345	16.351471
1346	16.746134
1347	17.440453
1348	18.814585
1349	17.251509
1350	17.245432
1351	17.308338
1352	16.393545
1353	16.490547
1354	18.494055
1355	17.160461
1356	17.327625
1357	17.077024
1358	17.081295
1359	17.086256
1360	20.816067
1361	21.983961
1362	17.840937
1363	16.405909
1364	17.034088
1365	17.516890
1366	18.481899
1367	21.349525
1368	20.434446
1369	20.660072
1370	19.756086
1371	18.015921
1372	19.113459
1373	20.859060
1374	19.457127
1375	21.071499
1376	21.062334
1377	19.746813
1378	23.089241
1379	18.062075
1380	22.435644
1381	20.850826
1382	19.845285
1383	19.674131
1384	17.827265
1385	20.539524
1386	20.798933
1387	18.692509
1388	18.125282
1389	20.211676
1390	21.483429
1391	23.061041
1392	22.026499
1393	20.556961
1394	21.909472
1395	21.047071
1396	22.034479
1397	21.863373
1398	21.922413
1399	21.989782
1400	21.029669
1401	19.857607
1402	19.102289
1403	20.693405
1404	18.969381
1405	19.494848
1406	19.650745
1407	18.530109
1408	18.761362
1409	19.049280
1410	18.314430
1411	17.513308
1412	18.782537
1413	18.802944
1414	17.726681
1415	18.383789
1416	17.465445
1417	17.960785
1418	17.827862
1419	18.433481
1420	18.237654
1421	18.916498
1422	18.941256
1423	18.970543
1424	18.028357
1425	17.129042
1426	17.059324
1427	17.306097
1428	19.308777
1429	21.650578
1430	24.169029
1431	23.104525
1432	23.236406
1433	22.786388
1434	22.420130
1435	22.358681
1436	21.929865
1437	24.440975
1438	24.987185
1439	22.528364
1440	23.234600
1441	24.036852
1442	24.528816
1443	23.748552
1444	24.739637
1445	25.143976
1446	24.506229
1447	24.889919
1448	25.537128
1449	25.870581
1450	24.794340
1451	23.572922
1452	23.171429
1453	23.729862
1454	23.102686
1455	23.961430
1456	24.235516
1457	23.343597
1458	22.809729
1459	22.790932
1460	23.344389
1461	23.394953
1462	23.887720
1463	23.842464
1464	23.886480
1465	23.614624
1466	21.909462
1467	24.425196
1468	20.667345
1469	22.480570
1470	22.959709
1471	22.008680
1472	22.901575
1473	22.084368
1474	23.434835
1475	23.605167
1476	22.206310
1477	23.761837
1478	25.043482
1479	24.591372
1480	22.609947
1481	22.680197
1482	23.231726
1483	24.305426
1484	24.159622
1485	24.220863
1486	23.865423
1487	22.670986
1488	22.496988
1489	23.626505
1490	22.806194
1491	21.950886
1492	22.480095
1493	22.157764
1494	23.227215
1495	25.816179
1496	23.052992
1497	23.079185
1498	22.724846
1499	24.575069
1500	24.317059
1501	23.424061
1502	23.617968
1503	23.894730
1504	23.737988
1505	22.617624
1506	22.975576
1507	23.163431
1508	22.986824
1509	23.968847
1510	24.851809
1511	24.426031
1512	21.930973
1513	23.604359
1514	23.942215
1515	24.970427
1516	22.362741
1517	21.963097
1518	23.448072
1519	24.987848
1520	24.320810
1521	23.932886
1522	25.381683
1523	24.124197
1524	24.980816
1525	27.868587
1526	28.724669
1527	26.476543
1528	26.540243
1529	27.602613
1530	27.205681
1531	27.235229
1532	27.971291
1533	27.331171
1534	26.420218
1535	27.389006
1536	26.506227
1537	27.139938
1538	27.066710
1539	27.472979
1540	26.125221
1541	25.721373
1542	26.870596
1543	27.167749
1544	25.368639
1545	25.513622
1546	24.562910
1547	25.306843
1548	23.159559
1549	25.002131
1550	24.308687
1551	23.653208
1552	24.531132
1553	23.763111
1554	23.206169
1555	24.696577
1556	23.665524
1557	24.308502
1558	24.084040
1559	25.986555
1560	23.981270
1561	24.016766
1562	25.688442
1563	22.159105
1564	24.667439
1565	24.583635
1566	21.852310
1567	23.645769
1568	23.175497
1569	24.485090
1570	23.844950
1571	23.980453
1572	24.434025
1573	24.894022
1574	22.993586
1575	21.232800
1576	20.543858
1577	20.917622
1578	18.614708
1579	19.999302
1580	18.195473
1581	19.940384
1582	21.160837
1583	21.340763
1584	20.463301
1585	21.779577
1586	21.806715
1587	20.043058
1588	20.116224
1589	22.126547
1590	22.227654
1591	24.822500
1592	24.280447
1593	22.294550
1594	26.105345
1595	23.594147
1596	23.984039
1597	22.360638
1598	17.993158
1599	19.966658
1600	19.701017
1601	22.222792
1602	20.649378
1603	23.117168
1604	25.399231
1605	23.235453
1606	25.428970
1607	21.184237
1608	21.174055
1609	28.339003
1610	27.321758
1611	27.035759
1612	24.891325
1613	26.331345
1614	26.294811
1615	22.278755
1616	22.612705
1617	24.404146
1618	23.975693
1619	23.071196
1620	23.207844
1621	22.946001
1622	23.804174
1623	20.711329
1624	21.211485
1625	19.171175
1626	21.020983
1627	18.564810
1628	21.622580
1629	22.038136
1630	21.350405
1631	21.682833
1632	21.586159
1633	21.615822
1634	21.295864
1635	22.391357
1636	22.177591
1637	23.362455
1638	23.252085
1639	22.057491
1640	23.202078
1641	22.237324
1642	22.147997
1643	23.404625
1644	21.914248
1645	20.964268
1646	22.285501
1647	21.725655
1648	22.777462
1649	21.560198
1650	21.460222
1651	20.897320
1652	22.107559
1653	23.030624
1654	22.079512
1655	23.158316
1656	21.865538
1657	21.215527
1658	21.721577
1659	22.373302
1660	20.859188
1661	20.384399
1662	16.823574
1663	16.811096
1664	15.100580
1665	16.382460
1666	15.140162
1667	13.826573
1668	15.051940
1669	15.911294
1670	14.708340
1671	15.276538
1672	13.520125
1673	13.366746
1674	13.007171
1675	13.331796
1676	14.376707
1677	14.354295
1678	15.297189
1679	15.269666
1680	14.677561
1681	14.239420
1682	14.606948
1683	13.949000
1684	17.094364
1685	14.734838
1686	13.610073
1687	12.748501
1688	13.971502
1689	15.023599
1690	14.444324
1691	14.599842
1692	14.976852
1693	16.125971
1694	13.293075
1695	15.604736
1696	13.953453
1697	13.308125
1698	15.354431
1699	14.489142
1700	14.760288
1701	14.787258
1702	13.695336
1703	14.584077
1704	14.981970
1705	14.657128
1706	14.867177
1707	16.361582
1708	14.521577
1709	15.099794
1710	15.015944
1711	14.766296
1712	14.753571
1713	15.171151
1714	14.870135
1715	15.979471
1716	15.188610
1717	16.289804
1718	15.967197
1719	14.910354
1720	14.675350
1721	14.466327
1722	14.778949
1723	15.562728
1724	15.165889
1725	16.403578
1726	15.925140
1727	14.471519
1728	14.480906
1729	15.640400
1730	14.986401
1731	14.386664
1732	14.800156
1733	15.153458
1734	14.503307
1735	15.191487
1736	15.032381
1737	14.512863
1738	14.799515
1739	16.017439
1740	15.100760
1741	14.610531
1742	15.456630
1743	14.101053
1744	14.511644
1745	14.519904
1746	15.605258
1747	14.640210
1748	15.163777
1749	15.765372
1750	16.146605
1751	15.371449
1752	16.727551
1753	16.003740
1754	16.447130
1755	16.766592
1756	15.439256
1757	13.815941
1758	14.826886
1759	13.281243
1760	10.699070
1761	10.747889
1762	11.184392
1763	12.164811
1764	13.143855
1765	12.634418
1766	11.257859
1767	11.025839
1768	11.190893
1769	10.586987
1770	11.247942
1771	11.065084
1772	11.724513
1773	11.696021
1774	12.364517
1775	11.245554
1776	10.521240
1777	10.461233
1778	10.342098
1779	9.993862
1780	10.708566
1781	12.650069
1782	14.267438
1783	14.154943
1784	13.713397
1785	15.583149
1786	17.220901
1787	16.469187
1788	16.712257
1789	16.829149
1790	16.984400
1791	16.218220
1792	17.482925
1793	17.956957
1794	17.140255
1795	17.706352
1796	14.107529
1797	13.534005
1798	13.526836
1799	13.479692
1800	13.311998
1801	12.931361
1802	13.872146
1803	13.736149
1804	13.966640
1805	13.441381
1806	14.309303
1807	13.139242
1808	14.466389
1809	13.895957
1810	13.163348
1811	12.472152
1812	13.008955
1813	14.656205
1814	15.384283
1815	13.305813
1816	12.829214
1817	14.583433
1818	13.649171
1819	13.831012
1820	13.587203
1821	14.328635
1822	14.479727
1823	14.459613
