0	6.507780
1	6.463444
2	6.432400
3	6.524683
4	8.082246
5	7.427989
6	7.557014
7	7.738644
8	8.997145
9	8.723537
10	9.937249
11	11.516791
12	10.419986
13	10.777704
14	12.935040
15	11.553587
16	12.099509
17	12.165758
18	12.115005
19	12.244333
20	11.693790
21	13.364933
22	13.444922
23	13.119105
24	14.981224
25	12.114017
26	12.995146
27	13.325606
28	13.116829
29	12.806676
30	13.175982
31	13.855666
32	13.460404
33	12.411744
34	12.391631
35	11.541968
36	11.345706
37	11.224071
38	9.777291
39	9.206336
40	11.274755
41	8.878255
42	7.616474
43	9.211695
44	11.159753
45	11.507711
46	11.767673
47	10.831607
48	11.331342
49	13.218883
50	13.061102
51	12.485661
52	12.492791
53	12.042648
54	12.575235
55	13.844166
56	13.496171
57	17.144114
58	15.685627
59	16.341667
60	16.962196
61	15.889372
62	13.976517
63	13.121169
64	13.148030
65	12.545650
66	12.883763
67	13.105816
68	12.567647
69	12.900400
70	12.822186
71	14.994445
72	18.716993
73	16.550905
74	15.324348
75	14.835191
76	15.737231
77	16.568846
78	16.972946
79	18.815538
80	18.008980
81	15.654942
82	17.421867
83	15.280190
84	12.572108
85	12.791693
86	13.008703
87	13.205871
88	14.813418
89	13.563990
90	14.186561
91	14.978028
92	12.535185
93	13.154851
94	13.791265
95	13.412166
96	13.087746
97	14.126391
98	13.646586
99	13.141789
100	12.974886
101	14.148756
102	13.484047
103	12.977685
104	13.358244
105	13.463976
106	13.246921
107	13.159364
108	13.558990
109	12.934503
110	13.597918
111	13.300146
112	12.867982
113	13.180612
114	13.018603
115	13.107839
116	12.707730
117	13.488879
118	14.711248
119	15.590932
120	15.509206
121	15.141499
122	14.640869
123	14.387119
124	14.150937
125	15.198647
126	14.097342
127	13.294599
128	14.824914
129	14.651196
130	10.725544
131	12.136826
132	11.491964
133	12.285250
134	11.680169
135	12.355539
136	11.366987
137	13.719435
138	13.493565
139	13.593843
140	12.981178
141	13.576876
142	13.249928
143	13.241210
144	13.307292
145	14.125790
146	13.126132
147	13.600884
148	13.885653
149	13.662288
150	13.209520
151	13.436918
152	13.140111
153	13.315718
154	12.458694
155	12.911780
156	12.441684
157	12.956545
158	14.187860
159	14.521157
160	14.388864
161	14.590088
162	14.299319
163	13.405736
164	14.850868
165	13.626992
166	14.310531
167	14.361197
168	15.827590
169	14.114020
170	17.824966
171	15.423673
172	14.552614
173	13.334123
174	13.495199
175	12.928656
176	13.087113
177	13.361667
178	13.507814
179	12.467694
180	13.889784
181	15.552403
182	11.905920
183	13.045965
184	14.774415
185	16.052414
186	15.143581
187	13.067810
188	11.736249
189	14.205907
190	14.100090
191	15.263779
192	18.292395
193	20.733416
194	20.367296
195	21.753130
196	23.346508
197	22.979986
198	24.240902
199	22.672585
200	22.964437
201	21.754137
202	22.395041
203	23.144938
204	24.101191
205	22.614405
206	23.626074
207	25.869381
208	25.069317
209	21.043921
210	22.045284
211	22.156836
212	23.870539
213	23.737335
214	22.704504
215	22.786554
216	23.456894
217	22.797531
218	21.739132
219	20.443457
220	21.798101
221	21.428907
222	19.910002
223	20.533974
224	19.612431
225	18.791473
226	18.791485
227	19.069286
228	20.870691
229	20.300957
230	20.843283
231	20.018667
232	20.702127
233	21.609446
234	21.365574
235	20.477264
236	19.753689
237	20.759262
238	20.939009
239	20.180792
240	21.367857
241	20.348257
242	19.514750
243	20.321869
244	20.578608
245	22.095144
246	22.568138
247	22.473719
248	22.532173
249	21.951998
250	21.481533
251	23.269241
252	21.106688
253	21.483225
254	21.140297
255	21.777042
256	20.770775
257	22.017054
258	22.141809
259	22.059532
260	20.079546
261	18.454632
262	17.834108
263	17.840229
264	18.109024
265	18.180124
266	18.020111
267	18.109516
268	18.348825
269	18.233662
270	18.138788
271	17.841436
272	18.687786
273	18.064522
274	18.363062
275	18.225130
276	18.296682
277	17.296310
278	17.701902
279	17.980762
280	17.788403
281	18.375093
282	18.085569
283	17.539595
284	18.457273
285	18.198486
286	18.528524
287	17.585987
288	18.676323
289	17.276854
290	19.042156
291	17.214197
292	18.464167
293	18.037979
294	17.889139
295	17.769312
296	17.536674
297	16.918802
298	18.975363
299	18.690535
300	18.058992
301	17.525227
302	19.175907
303	18.414181
304	19.654518
305	18.451033
306	17.143103
307	17.864138
308	17.324978
309	17.262161
310	17.519867
311	17.250256
312	17.072742
313	17.903683
314	18.006243
315	18.085337
316	17.455339
317	18.962093
318	18.171795
319	17.140072
320	17.764616
321	17.500917
322	18.341133
323	19.291702
324	17.460337
325	17.938431
326	17.861420
327	17.369236
328	17.686369
329	17.840792
330	17.546131
331	17.846771
332	18.969160
333	19.884224
334	19.503092
335	19.838507
336	17.854996
337	19.064566
338	18.938137
339	19.020098
340	19.985497
341	20.579449
342	20.717974
343	18.900978
344	18.641809
345	18.334244
346	18.068926
347	20.382801
348	21.151045
349	20.276970
350	20.559034
351	20.736790
352	19.383133
353	19.735744
354	19.603474
355	19.957041
356	19.918940
357	21.419586
358	21.974943
359	16.777954
360	18.568762
361	18.611691
362	19.188234
363	19.223452
364	17.983061
365	18.481579
366	18.399473
367	20.715553
368	19.553057
369	20.629225
370	18.194859
371	19.290012
372	17.814188
373	18.105837
374	19.062082
375	18.764288
376	18.243139
377	19.490597
378	20.567482
379	20.137501
380	19.520390
381	20.791681
382	20.089222
383	19.841341
384	19.539444
385	18.560575
386	19.892874
387	21.357424
388	20.201815
389	20.434114
390	19.593336
391	19.752562
392	21.533123
393	20.058329
394	20.443615
395	21.075047
396	19.279819
397	20.432703
398	20.214256
399	19.810400
400	21.375015
401	20.618113
402	19.978764
403	19.417614
404	20.199493
405	21.568504
406	19.466282
407	20.183084
408	20.710186
409	21.002703
410	20.668026
411	20.472481
412	20.330341
413	20.904388
414	20.412361
415	19.671232
416	18.860725
417	19.436289
418	19.602930
419	19.917450
420	20.081846
421	17.787695
422	21.275845
423	20.634506
424	20.422207
425	21.950367
426	21.168661
427	21.258610
428	21.180489
429	20.618219
430	20.666733
431	21.983206
432	20.885595
433	20.826332
434	20.561604
435	20.592861
436	19.686668
437	20.795671
438	21.134930
439	20.582573
440	21.128880
441	20.698065
442	21.232922
443	22.024733
444	20.897612
445	21.126699
446	21.446943
447	21.620441
448	21.615084
449	21.928349
450	21.094864
451	19.399940
452	17.617311
453	18.972467
454	17.579927
455	19.157570
456	21.631289
457	20.234678
458	18.362249
459	20.665369
460	18.945711
461	19.234304
462	19.095013
463	17.560690
464	20.482214
465	20.831606
466	21.341213
467	20.359570
468	21.840349
469	21.637836
470	21.394756
471	20.755362
472	21.543102
473	20.508652
474	19.552094
475	20.129810
476	21.429077
477	21.487020
478	21.885992
479	19.750891
480	20.855301
481	21.803684
482	21.036814
483	20.318367
484	23.531340
485	20.633831
486	20.591755
487	20.359453
488	22.379549
489	21.519251
490	20.713696
491	19.518656
492	18.866640
493	19.881170
494	22.230900
495	18.779121
496	18.681023
497	19.553455
498	21.055265
499	20.635080
500	19.502232
501	20.220934
502	20.739611
503	20.710503
504	20.439688
505	20.319658
506	20.346422
507	20.712633
508	20.779709
509	20.348238
510	19.756248
511	20.246840
512	21.098631
513	20.484787
514	20.646521
515	19.275866
516	19.975634
517	20.151939
518	21.338354
519	20.783033
520	20.886061
521	20.080662
522	20.180439
523	21.367102
524	21.023365
525	20.566702
526	20.836672
527	20.549055
528	19.880007
529	21.131821
530	21.351091
531	19.323753
532	19.444813
533	20.203112
534	20.322241
535	20.476101
536	19.163853
537	18.194849
538	20.120300
539	19.469593
540	18.017727
541	17.459721
542	17.969259
543	18.931774
544	18.558958
545	21.168680
546	19.659391
547	19.828672
548	18.298563
549	19.807367
550	19.019766
551	17.310606
552	18.110941
553	17.192787
554	18.835217
555	18.350067
556	18.416803
557	17.770536
558	18.390335
559	18.810564
560	18.090860
561	18.186775
562	17.499994
563	17.675085
564	18.188707
565	17.298431
566	18.036797
567	19.289494
568	18.163588
569	18.396730
570	18.609112
571	17.577944
572	18.150005
573	17.504822
574	18.281757
575	17.337740
576	17.633577
577	17.689167
578	18.424576
579	17.555845
580	18.111296
581	17.257582
582	19.370327
583	19.249306
584	19.139950
585	17.156307
586	17.820297
587	19.618517
588	19.254425
589	18.529825
590	17.310116
591	18.190821
592	17.363760
593	18.307556
594	19.067118
595	17.894495
596	18.648170
597	18.197863
598	18.422659
599	18.250332
600	18.306114
601	19.157883
602	18.851963
603	18.207251
604	19.215235
605	17.808270
606	18.307524
607	19.024954
608	18.299921
609	18.675196
610	17.645638
611	18.519100
612	18.974663
613	17.708353
614	18.405954
615	17.944532
616	17.517092
617	18.685646
618	17.869890
619	17.999100
620	17.609310
621	18.183783
622	18.711464
623	17.227369
624	18.425280
625	17.893980
626	18.469545
627	17.676918
628	18.114418
629	18.425781
630	17.754557
631	17.817320
632	18.112858
633	17.357533
634	18.487411
635	17.505802
636	18.179750
637	17.937092
638	17.915220
639	17.103512
640	18.932129
641	22.237026
642	21.124039
643	19.501135
644	18.197285
645	18.777390
646	19.582109
647	20.604324
648	21.488920
649	20.599804
650	20.268742
651	20.902216
652	20.029247
653	19.458895
654	20.455830
655	20.596254
656	19.958500
657	20.205769
658	21.599854
659	20.204058
660	20.498661
661	20.888214
662	20.014500
663	19.809582
664	20.546522
665	20.631395
666	20.380793
667	20.134884
668	19.534153
669	20.574635
670	19.326103
671	21.578701
672	21.609154
673	21.134916
674	23.418184
675	21.420330
676	23.937515
677	24.317974
678	24.511238
679	22.990129
680	23.353935
681	24.400717
682	23.154383
683	22.721273
684	22.698700
685	25.134586
686	24.770229
687	19.952984
688	20.022987
689	15.554209
690	15.241507
691	19.902718
692	16.561403
693	16.234646
694	13.128010
695	12.393178
696	13.298799
697	11.796840
698	12.836542
699	11.859801
700	12.285102
701	14.688135
702	14.074744
703	12.754671
704	13.335644
705	16.472723
706	14.669152
707	14.732745
708	14.655613
709	13.879142
710	12.756061
711	15.606925
712	15.380942
713	15.360955
714	13.287757
715	14.873967
716	14.119873
717	13.928820
718	15.642480
719	18.779980
720	14.399060
721	14.960554
722	13.724005
723	13.130993
724	16.173733
725	15.608146
726	16.084482
727	15.831467
728	16.949293
729	17.029629
730	16.655891
731	16.477636
732	19.193966
733	17.684032
734	16.465511
735	17.585009
736	16.961065
737	16.624096
738	17.010555
739	17.299889
740	18.510260
741	19.972727
742	17.793049
743	16.912207
744	16.930428
745	16.236221
746	16.787809
747	18.171419
748	17.611525
749	16.439779
750	17.738396
751	18.488529
752	17.073715
753	14.394697
754	13.122828
755	11.746953
756	12.424729
757	12.272595
758	10.229781
759	12.145786
760	10.701151
761	11.352098
762	11.449926
763	11.318766
764	11.935975
765	11.578360
766	10.895051
767	11.534283
768	12.376698
769	11.577444
770	10.802649
771	12.260074
772	10.840968
773	11.011167
774	11.134319
775	11.703017
776	11.234482
777	11.917127
778	11.990209
779	11.533751
780	11.503959
781	11.506627
782	12.183167
783	11.751351
784	12.275755
785	15.156909
786	13.042172
787	13.352233
788	12.916051
789	13.132894
790	12.060822
791	11.087059
792	12.779881
793	13.503093
794	12.823096
795	12.121628
796	10.964748
797	11.317184
798	10.863811
799	12.723030
800	12.239725
801	12.264035
802	14.071259
803	11.464047
804	10.951516
805	11.486587
806	10.057923
807	10.618211
808	10.407045
809	10.882477
810	10.393577
811	11.936724
812	10.689556
813	10.651611
814	11.156586
815	12.502986
816	13.574991
817	12.356330
818	11.652654
819	10.126979
820	11.860328
821	11.933242
822	11.332930
823	11.635201
824	11.671819
825	9.972994
826	11.453472
827	12.727801
828	10.677102
829	12.603513
830	12.713967
831	14.170938
832	12.261995
833	12.315788
834	11.952227
835	11.027884
836	10.855367
837	10.804583
838	12.320913
839	12.131518
840	11.218674
841	11.300377
842	11.188936
843	10.633987
844	10.577337
845	10.076212
846	10.375010
847	11.482811
848	9.570470
849	10.640127
850	11.430928
851	11.651801
852	9.733751
853	11.977465
854	10.015738
855	11.408881
856	10.283867
857	10.416432
858	11.806141
859	11.901310
860	12.477811
861	12.313003
862	13.202939
863	14.139304
864	14.813187
865	11.686909
866	11.476375
867	11.468001
868	14.876241
869	15.802197
870	14.444921
871	11.980376
872	11.013205
873	12.028555
874	11.868427
875	13.584338
876	12.065488
877	12.371200
878	11.950118
879	12.064676
880	12.734477
881	14.857106
882	12.748195
883	12.813877
884	12.462506
885	11.603023
886	12.435165
887	11.871533
888	11.804874
889	13.029728
890	11.165609
891	12.735914
892	13.955663
893	11.522366
894	14.377176
895	12.807603
896	13.979815
897	14.379381
898	15.837035
899	14.421412
900	13.407492
901	14.991674
902	17.013969
903	13.439426
904	12.335623
905	15.120084
906	15.072971
907	14.492064
908	14.828531
909	13.776317
910	15.234527
911	12.415199
912	12.993526
913	14.157581
914	16.430956
915	15.080204
916	14.058564
917	14.212908
918	14.972631
919	13.431950
920	12.798364
921	12.352941
922	12.865711
923	12.560122
924	13.463048
925	13.839744
926	13.286701
927	13.823682
928	14.131328
929	13.318921
930	12.650957
931	12.533490
932	11.565457
933	10.752902
934	11.682509
935	13.444436
936	15.944562
937	12.485235
938	12.364662
939	11.304698
940	12.157903
941	13.176305
942	13.546762
943	11.903481
944	12.313531
945	12.107937
946	13.369723
947	15.723994
948	15.210453
949	17.019249
950	15.327474
951	17.602493
952	18.011889
953	19.167269
954	19.290152
955	13.351368
956	12.457850
957	14.272470
958	15.056191
959	15.495005
960	14.594237
961	16.329344
962	15.721001
963	12.424335
964	14.157391
965	12.554726
966	13.271565
967	16.360985
968	16.154881
969	12.518862
970	12.491096
971	11.966439
972	13.505497
973	13.594539
974	12.099050
975	9.865953
976	10.557580
977	9.875385
978	11.538308
979	12.244408
980	12.104589
981	13.469702
982	13.635674
983	12.369165
984	11.966213
985	13.159812
986	12.644104
987	12.012549
988	12.281369
989	11.567661
990	12.615372
991	11.116298
992	11.199339
993	10.848267
994	10.653348
995	10.722653
996	10.706147
997	11.700410
998	11.021225
999	12.613711
1000	11.921950
1001	15.109288
1002	13.735705
1003	13.920334
1004	13.626184
1005	11.751656
1006	11.946338
1007	14.100178
1008	12.163039
1009	9.778539
1010	10.493759
1011	10.016473
1012	12.745799
1013	12.285741
1014	11.879251
1015	12.288121
1016	12.048510
1017	11.827581
1018	12.754971
1019	12.119790
1020	12.907495
1021	12.932401
1022	13.102225
1023	12.235526
1024	13.649725
1025	11.817009
1026	10.249185
1027	13.200595
1028	12.644820
1029	12.588222
1030	12.896983
1031	11.370002
1032	13.628998
1033	10.754253
1034	12.839356
1035	11.696827
1036	10.459119
1037	9.974393
1038	11.473684
1039	11.403161
1040	12.330462
1041	14.358730
1042	14.595424
1043	14.395559
1044	20.144047
1045	15.628337
1046	18.357052
1047	24.013964
1048	24.091188
1049	22.818836
1050	23.282352
1051	19.639517
1052	19.579063
1053	22.709024
1054	21.346771
1055	20.657934
1056	21.236813
1057	18.837458
1058	22.201662
1059	23.551777
1060	22.273569
1061	23.512220
1062	22.793022
1063	21.836466
1064	19.815752
1065	20.486916
1066	22.951593
1067	21.624819
1068	21.318195
1069	21.854847
1070	20.733658
1071	22.986111
1072	23.444769
1073	24.439734
1074	21.971121
1075	22.629555
1076	23.114332
1077	24.708115
1078	23.629366
1079	26.138947
1080	27.450386
1081	26.068710
1082	24.518837
1083	24.997955
1084	24.427814
1085	27.694498
1086	29.776911
1087	29.557604
1088	28.459166
1089	27.566448
1090	27.681831
1091	27.404327
1092	25.322937
1093	24.714182
1094	28.032578
1095	27.931683
1096	28.681770
1097	27.773479
1098	26.872082
1099	27.001942
1100	24.447992
1101	26.382708
1102	26.852608
1103	25.585953
1104	26.704079
1105	27.452288
1106	26.026096
1107	25.049562
1108	25.412729
1109	26.188173
1110	25.808249
1111	27.006002
1112	24.134113
1113	25.908611
1114	25.965115
1115	25.504751
1116	25.820826
1117	25.989323
1118	25.199425
1119	25.393265
1120	24.483559
1121	26.158415
1122	25.724705
1123	25.433203
1124	25.976582
1125	25.704538
1126	29.696344
1127	28.228401
1128	28.957304
1129	23.400852
1130	25.279871
1131	23.317568
1132	15.829407
1133	22.055794
1134	21.291529
1135	24.396397
1136	26.881893
1137	27.736574
1138	28.880384
1139	27.377522
1140	27.093689
1141	27.771160
1142	27.940428
1143	25.985819
1144	26.625711
1145	25.888168
1146	26.779406
1147	25.344225
1148	27.128515
1149	26.372486
1150	27.178259
1151	27.155647
1152	26.350403
1153	26.338673
1154	26.487122
1155	25.167759
1156	24.725748
1157	26.736580
1158	25.339497
1159	26.808870
1160	25.546339
1161	26.570316
1162	23.548962
1163	24.246971
1164	23.671963
1165	18.474852
1166	25.291336
1167	23.692987
1168	23.302490
1169	21.665384
1170	24.079628
1171	23.366402
1172	25.190392
1173	26.917131
1174	26.994144
1175	26.605450
1176	25.870350
1177	24.735533
1178	26.961172
1179	26.027969
1180	24.440920
1181	23.259640
1182	23.748232
1183	26.252720
1184	26.509352
1185	24.979223
1186	25.700008
1187	24.864342
1188	24.844019
1189	24.262251
1190	27.472155
1191	25.113981
1192	27.304525
1193	26.297033
1194	27.033028
1195	25.524265
1196	25.246395
1197	26.660980
1198	29.137447
1199	28.550484
1200	27.484348
1201	24.196434
1202	21.854841
1203	21.811510
1204	20.111494
1205	20.243168
1206	21.418612
1207	21.012335
1208	19.213240
1209	20.654675
1210	19.030958
1211	19.101164
1212	16.892584
1213	18.316912
1214	19.169281
1215	19.543703
1216	19.436188
1217	19.436182
1218	21.282778
1219	18.622774
1220	18.766447
1221	13.536560
1222	17.306290
1223	18.002539
1224	22.906403
1225	25.009457
1226	21.851851
1227	23.902676
1228	26.263063
1229	28.370070
1230	30.009546
1231	20.539433
1232	19.374136
1233	16.833303
1234	18.396620
1235	18.237938
1236	19.663534
1237	19.019878
1238	17.024784
1239	17.717178
1240	16.434864
1241	18.596264
1242	25.145206
1243	27.574499
1244	25.697237
1245	20.993628
1246	18.323006
1247	18.969065
1248	16.407526
1249	16.796957
1250	19.254541
1251	18.787142
1252	15.811497
1253	19.346582
1254	20.401278
1255	22.061838
1256	23.485958
1257	22.745163
1258	20.767286
1259	24.864729
1260	22.962093
1261	22.648663
1262	24.980568
1263	23.264812
1264	23.730835
1265	26.651905
1266	24.305079
1267	22.772532
1268	23.133856
1269	23.656593
1270	26.944452
1271	24.123926
1272	21.433069
1273	24.314688
1274	25.991247
1275	25.053709
1276	24.059608
1277	23.472569
1278	23.985022
1279	23.602037
1280	23.595455
1281	23.838575
1282	22.623186
1283	23.188931
1284	23.900179
1285	22.675587
1286	23.224400
1287	23.387447
1288	23.021933
1289	23.591244
1290	23.857546
1291	22.749216
1292	22.436108
1293	25.911839
1294	21.883511
1295	21.111040
1296	23.675545
1297	22.760574
1298	22.193653
1299	22.871912
1300	23.268990
1301	23.614292
1302	23.218376
1303	23.856634
1304	24.181242
1305	23.991545
1306	22.780582
1307	23.044340
1308	24.593920
1309	25.307766
1310	25.225660
1311	23.045383
1312	24.475790
1313	23.540806
1314	23.155964
1315	23.353386
1316	24.926476
1317	23.902122
1318	24.483427
1319	24.700235
1320	23.290451
1321	22.871477
1322	23.628956
1323	24.434311
1324	24.430124
1325	23.443419
1326	23.940140
1327	23.892197
1328	24.779451
1329	24.236097
1330	22.850904
1331	22.641279
1332	22.285627
1333	22.465353
1334	22.552439
1335	24.191509
1336	23.101038
1337	26.541828
1338	24.256744
1339	24.946844
1340	25.692190
1341	24.578012
1342	23.749754
1343	23.326727
1344	23.243752
1345	21.724747
1346	21.855221
1347	23.031776
1348	24.264534
1349	22.660601
1350	23.440329
1351	22.531958
1352	21.672029
1353	21.960588
1354	24.997932
1355	22.284321
1356	22.391357
1357	22.226376
1358	22.891104
1359	21.077776
1360	25.988770
1361	27.998253
1362	21.937935
1363	22.232494
1364	22.914892
1365	23.668118
1366	24.119755
1367	24.691284
1368	23.968580
1369	23.466782
1370	22.561142
1371	21.513153
1372	23.635637
1373	26.723991
1374	23.078209
1375	26.097664
1376	26.033718
1377	24.810852
1378	29.753613
1379	23.392147
1380	29.133245
1381	26.182354
1382	25.675859
1383	27.563465
1384	24.143124
1385	24.652098
1386	25.399120
1387	22.601036
1388	22.920073
1389	24.657686
1390	23.940708
1391	28.044865
1392	27.184904
1393	24.207563
1394	27.180418
1395	27.347563
1396	28.691170
1397	29.306227
1398	29.720850
1399	30.833508
1400	28.593115
1401	30.430349
1402	30.569815
1403	29.566645
1404	25.344851
1405	26.098402
1406	24.727526
1407	23.605019
1408	23.241310
1409	26.547274
1410	26.323565
1411	25.135548
1412	26.270061
1413	26.509548
1414	25.725250
1415	25.138241
1416	22.559992
1417	22.956480
1418	22.959387
1419	23.533363
1420	23.388107
1421	24.574608
1422	26.880049
1423	25.543774
1424	24.660889
1425	23.651001
1426	25.039972
1427	22.769588
1428	26.000744
1429	28.951872
1430	28.488611
1431	25.222052
1432	26.553024
1433	27.115709
1434	26.917173
1435	26.424908
1436	26.615223
1437	26.716108
1438	28.041145
1439	25.413298
1440	30.708693
1441	31.850956
1442	31.206144
1443	31.521498
1444	31.376644
1445	30.868685
1446	31.379343
1447	36.394325
1448	32.316998
1449	32.060322
1450	29.100910
1451	28.910299
1452	31.004232
1453	30.051474
1454	28.949444
1455	30.189253
1456	28.327570
1457	28.742039
1458	27.814331
1459	26.771532
1460	26.526009
1461	28.037516
1462	31.050451
1463	29.803642
1464	30.375250
1465	31.089615
1466	31.625570
1467	33.392342
1468	33.325798
1469	29.719921
1470	30.450962
1471	30.927851
1472	29.950056
1473	29.915297
1474	30.973440
1475	31.971922
1476	30.031979
1477	29.296230
1478	30.590805
1479	32.273479
1480	30.698147
1481	30.219852
1482	30.263153
1483	31.721884
1484	31.429277
1485	31.003450
1486	30.898926
1487	30.031298
1488	29.703220
1489	30.623112
1490	29.851179
1491	25.078505
1492	27.283836
1493	27.786755
1494	29.225260
1495	31.764511
1496	31.059534
1497	30.471987
1498	31.314663
1499	29.471376
1500	29.888113
1501	30.105219
1502	30.123594
1503	30.485344
1504	31.571749
1505	30.929087
1506	31.306145
1507	30.426151
1508	29.729113
1509	28.474634
1510	29.678154
1511	29.441872
1512	25.693460
1513	28.634632
1514	28.249510
1515	32.071411
1516	29.963757
1517	26.526367
1518	24.796026
1519	22.898407
1520	25.565264
1521	23.783251
1522	28.669441
1523	29.084623
1524	28.768377
1525	27.584932
1526	29.728714
1527	27.960648
1528	27.119604
1529	28.163876
1530	29.109211
1531	27.745811
1532	29.051413
1533	30.176146
1534	27.019653
1535	29.563446
1536	28.595303
1537	29.315813
1538	27.563572
1539	30.356085
1540	27.970078
1541	28.836590
1542	29.454483
1543	27.867218
1544	28.227556
1545	29.797068
1546	30.354239
1547	30.564480
1548	28.396070
1549	29.266130
1550	28.154764
1551	27.842718
1552	24.699472
1553	24.517256
1554	27.969280
1555	29.685776
1556	33.056915
1557	32.125679
1558	34.561558
1559	34.421440
1560	34.256874
1561	30.692865
1562	33.303146
1563	32.896461
1564	34.837917
1565	33.084614
1566	31.447834
1567	31.066862
1568	32.184883
1569	31.290787
1570	30.273640
1571	33.134346
1572	33.745407
1573	30.377804
1574	27.423140
1575	27.377838
1576	25.658937
1577	26.784929
1578	24.587889
1579	25.315945
1580	21.911860
1581	22.152369
1582	23.940977
1583	24.397747
1584	20.552204
1585	19.605511
1586	20.173492
1587	17.976576
1588	19.174349
1589	19.657770
1590	22.103096
1591	21.740437
1592	20.469769
1593	20.839676
1594	23.949497
1595	22.006933
1596	23.278036
1597	24.745144
1598	23.408052
1599	25.805870
1600	27.155661
1601	28.979786
1602	23.281353
1603	22.973179
1604	27.199820
1605	24.611462
1606	27.532375
1607	25.192419
1608	26.790810
1609	29.721474
1610	28.002886
1611	28.761992
1612	24.983965
1613	27.250324
1614	26.556309
1615	25.055185
1616	22.263353
1617	22.310215
1618	23.292881
1619	21.159632
1620	23.011051
1621	24.455187
1622	20.306023
1623	18.020353
1624	20.139919
1625	18.416031
1626	19.620743
1627	18.164539
1628	19.787077
1629	20.210945
1630	20.463596
1631	21.410776
1632	20.833786
1633	22.221928
1634	20.548502
1635	21.157196
1636	20.654987
1637	21.714769
1638	19.900480
1639	19.031521
1640	21.221748
1641	20.014105
1642	20.101425
1643	20.250826
1644	21.345268
1645	18.968126
1646	19.537935
1647	21.146046
1648	21.319767
1649	22.288637
1650	19.597601
1651	19.384453
1652	20.718912
1653	20.506460
1654	19.941223
1655	19.517902
1656	20.199171
1657	19.853283
1658	19.737795
1659	20.656652
1660	17.218061
1661	19.591072
1662	15.939445
1663	14.474689
1664	15.172060
1665	15.735212
1666	15.255507
1667	14.919501
1668	14.576684
1669	15.528790
1670	15.759614
1671	15.880872
1672	14.707517
1673	16.642464
1674	16.564062
1675	15.060087
1676	14.694740
1677	14.621283
1678	15.832247
1679	15.396190
1680	15.106626
1681	15.190354
1682	15.999496
1683	15.445029
1684	14.459967
1685	16.465057
1686	14.949037
1687	15.761257
1688	17.891575
1689	15.313095
1690	15.748971
1691	14.986664
1692	15.715190
1693	16.434191
1694	15.583356
1695	16.448360
1696	14.125034
1697	15.451259
1698	14.129305
1699	15.120811
1700	15.324869
1701	14.935851
1702	15.293301
1703	16.133192
1704	14.564849
1705	14.404770
1706	12.687750
1707	15.976316
1708	15.863814
1709	17.822775
1710	14.468826
1711	13.826385
1712	14.596978
1713	15.502112
1714	14.791978
1715	15.876921
1716	14.616982
1717	15.569725
1718	15.752219
1719	14.803326
1720	14.380684
1721	14.968173
1722	15.744370
1723	15.442568
1724	15.539141
1725	16.178827
1726	15.690593
1727	15.605553
1728	16.370493
1729	14.339097
1730	16.717234
1731	15.623525
1732	15.255487
1733	15.185292
1734	15.597581
1735	15.489342
1736	14.954172
1737	15.063752
1738	16.352051
1739	17.081831
1740	13.243300
1741	15.291246
1742	15.887517
1743	15.837136
1744	17.072731
1745	14.364737
1746	14.877783
1747	19.230122
1748	14.702883
1749	14.332163
1750	15.105517
1751	13.229001
1752	13.054443
1753	13.484360
1754	13.559973
1755	13.122519
1756	13.621721
1757	13.972619
1758	14.287340
1759	15.508106
1760	14.334215
1761	15.114820
1762	14.644472
1763	15.369549
1764	14.378766
1765	14.435184
1766	14.396989
1767	14.888789
1768	14.738635
1769	13.963513
1770	13.289444
1771	14.611759
1772	14.981094
1773	15.421576
1774	14.331627
1775	13.332159
1776	13.933259
1777	14.372130
1778	15.742410
1779	14.998487
1780	16.961773
1781	17.904560
1782	19.750944
1783	19.950588
1784	18.817255
1785	21.470753
1786	20.239054
1787	20.981123
1788	21.679258
1789	19.929598
1790	20.967524
1791	20.680885
1792	20.588940
1793	19.349930
1794	20.936625
1795	16.728722
1796	11.920884
1797	10.186446
1798	8.202847
1799	9.522567
1800	9.420600
1801	9.375425
1802	11.016047
1803	10.809889
1804	10.204127
1805	11.389274
1806	9.828666
1807	11.285475
1808	11.959565
1809	11.280181
1810	9.981440
1811	13.655300
1812	8.883042
1813	9.787662
1814	13.278691
1815	9.678902
1816	9.699150
1817	11.422424
1818	9.987401
1819	9.827136
1820	10.486973
1821	9.398303
1822	9.834907
1823	11.065636
