0	2.826676
1	2.924945
2	2.942804
3	2.629107
4	2.784620
5	2.941665
6	2.449043
7	2.944926
8	3.144711
9	2.765878
10	2.675724
11	2.361824
12	2.820444
13	2.706434
14	2.338223
15	2.434545
16	2.811938
17	2.898791
18	2.181331
19	2.378656
20	2.465544
21	2.381722
22	2.847210
23	2.525176
24	2.398958
25	2.460268
26	2.394265
27	2.274599
28	2.536082
29	2.746069
30	2.845098
31	2.820641
32	2.457848
33	2.340424
34	2.200981
35	2.459528
36	2.773534
37	2.581590
38	2.551299
39	2.654130
40	2.275370
41	2.530158
42	2.921657
43	2.656200
44	2.495939
45	2.712142
46	2.332061
47	2.109838
48	2.078003
49	2.552900
50	2.527031
51	2.172994
52	2.628420
53	2.980420
54	2.504474
55	2.764387
56	3.129551
57	2.463762
58	2.088658
59	2.388202
60	2.703869
61	2.667751
62	2.516901
63	2.613997
64	2.715159
65	2.583527
66	2.901587
67	2.283747
68	2.493113
69	2.564936
70	2.386569
71	2.374999
72	2.638980
73	2.573750
74	2.633779
75	2.552722
76	2.314000
77	2.627182
78	2.459063
79	2.455237
80	2.467408
81	2.346253
82	2.287924
83	2.268260
84	2.802535
85	2.667324
86	3.325826
87	2.435530
88	2.389057
89	2.465159
90	2.346869
91	2.873136
92	2.388323
93	2.658006
94	2.491467
95	2.407365
96	3.032226
97	2.496676
98	2.829720
99	2.725380
100	3.281555
101	2.654109
102	3.101968
103	3.088720
104	2.676170
105	2.186206
106	2.170809
107	2.631445
108	2.697889
109	2.676769
110	2.473376
111	2.525510
112	2.148675
113	2.671047
114	2.918321
115	3.717609
116	2.843675
117	3.632438
118	2.809785
119	3.040231
120	2.787044
121	2.814589
122	2.998567
123	2.350616
124	2.330021
125	2.581569
126	2.264357
127	2.160118
128	2.522480
129	2.566628
130	2.262478
131	2.555580
132	2.585093
133	2.124853
134	2.550824
135	2.942518
136	2.366198
137	2.190021
138	2.721579
139	2.574858
140	2.305842
141	3.018507
142	2.383443
143	3.446822
144	2.448185
145	2.848807
146	2.746434
147	2.753527
148	2.576666
149	2.555738
150	2.119314
151	2.346469
152	2.505093
153	2.622328
154	2.589246
155	2.643195
156	2.488755
157	2.532866
158	2.385852
159	2.607241
160	2.890850
161	2.849628
162	3.245014
163	2.822587
164	2.516307
165	2.649924
166	2.539448
167	2.681383
168	2.957380
169	2.769733
170	3.030219
171	2.929332
172	2.738701
173	2.688602
174	2.684974
175	2.344869
176	2.430264
177	2.488661
178	2.650620
179	2.638902
180	2.311560
181	2.685536
182	2.639150
183	2.941532
184	2.552668
185	2.055262
186	2.432652
187	2.541872
188	2.682167
189	2.521369
190	2.094302
191	2.857238
192	2.242273
193	2.757769
194	2.566359
195	2.597538
196	2.252462
197	2.612449
198	2.401855
199	2.344569
200	2.358709
201	2.702828
202	2.952235
203	3.438215
204	2.848244
205	2.667341
206	2.955821
207	2.460472
208	2.616622
209	2.528521
210	2.845536
211	3.052915
212	3.031071
213	3.048250
214	2.670484
215	2.930936
216	2.555508
217	2.909672
218	2.614213
219	2.614820
220	2.885166
221	2.860403
222	3.132235
223	2.791449
224	2.453444
225	2.490707
226	2.692882
227	2.704880
228	2.852717
229	2.913436
230	2.362311
231	2.948757
232	2.694679
233	2.821011
234	2.622880
235	2.705569
236	3.245829
237	2.734101
238	2.570699
239	2.811138
240	2.220766
241	2.651587
242	3.041100
243	3.017202
244	2.628039
245	2.494574
246	2.716947
247	2.154854
248	2.749059
249	2.608105
250	3.106921
251	2.528124
252	2.854523
253	3.026041
254	3.083735
255	2.610041
256	2.987456
257	2.830021
258	2.790400
259	2.613714
260	3.576776
261	2.792526
262	3.050407
263	3.334075
264	2.490995
265	2.850444
266	3.137154
267	2.616171
268	2.791202
269	3.063488
270	3.079631
271	2.855905
272	2.630242
273	2.913516
274	2.949644
275	2.756314
276	3.100603
277	2.892214
278	2.635943
279	2.791162
280	2.746779
281	3.063493
282	3.228911
283	2.768478
284	2.315411
285	2.425202
286	2.704867
287	2.172121
288	2.768552
289	2.946473
290	2.441698
291	2.638129
292	2.590290
293	2.669650
294	3.341049
295	2.598978
296	2.948544
297	3.191818
298	2.963696
299	2.682498
300	3.022616
301	2.653100
302	2.988883
303	2.642724
304	2.804324
305	2.935095
306	2.442393
307	3.279833
308	2.921955
309	2.906421
310	3.012956
311	2.984446
312	2.944435
313	2.685278
314	3.201952
315	2.563476
316	2.851049
317	2.929401
318	2.821011
319	2.822378
320	2.756101
321	2.456705
322	3.263527
323	2.492589
324	3.041547
325	2.712729
326	3.108600
327	2.862272
328	2.517340
329	2.898983
330	2.462783
331	2.543423
332	2.866112
333	2.713264
334	3.073971
335	2.335852
336	2.887353
337	2.654599
338	2.792077
339	2.389520
340	2.843907
341	2.624543
342	2.473822
343	2.398685
344	2.670732
345	2.870906
346	2.441309
347	2.151859
348	2.483660
349	2.833527
350	2.570565
351	2.667022
352	2.675837
353	2.895736
354	2.334974
355	2.579983
356	2.766116
357	2.520337
358	2.498578
359	2.619277
360	2.451551
361	2.318296
362	2.741112
363	3.391121
364	3.009717
365	2.888960
366	2.610077
367	2.973314
368	3.114450
369	2.829434
370	2.813467
371	3.069087
372	2.861487
373	3.207866
374	2.995079
375	3.100661
376	2.273324
377	2.103568
378	2.761122
379	2.156757
380	2.462723
381	2.559902
382	2.247398
383	2.473176
384	2.663438
385	2.914824
386	3.008854
387	2.600979
388	3.283778
389	2.936410
390	2.904013
391	2.431892
392	2.945946
393	3.075662
394	2.793099
395	3.253397
396	3.110723
397	2.805815
398	2.694840
399	2.584473
400	2.639905
401	2.405868
402	2.857709
403	2.925422
404	2.507151
405	2.081201
406	2.123909
407	2.649037
408	2.214273
409	2.673089
410	2.364445
411	2.659134
412	2.291419
413	2.703811
414	2.909809
415	2.704570
416	2.294299
417	2.734521
418	2.908350
419	2.859233
420	2.477942
421	2.599270
422	2.824626
423	3.068648
424	2.787651
425	2.267356
426	2.337178
427	2.623470
428	2.484932
429	2.792812
430	2.345740
431	2.738705
432	2.396937
433	2.815048
434	2.678508
435	2.353953
436	2.539153
437	2.870296
438	2.872265
439	2.331823
440	2.611205
441	3.230386
442	3.135538
443	2.880867
444	2.628022
445	2.790449
446	2.626864
447	2.814978
448	2.583521
449	2.925349
450	3.242855
451	2.919399
452	3.000598
453	2.743539
454	2.643066
455	2.619941
456	3.065863
457	3.434836
458	2.849880
459	2.833880
460	3.062057
461	3.256090
462	2.650301
463	2.812773
464	2.817658
465	2.810464
466	2.766570
467	2.758278
468	2.852737
469	2.550020
470	2.307792
471	2.761249
472	2.750363
473	2.581589
474	2.727286
475	2.518215
476	2.671590
477	3.057530
478	2.926432
479	2.400833
480	2.471051
481	2.463373
482	2.336449
483	2.589867
484	2.563531
485	2.555270
486	2.296628
487	3.020016
488	2.434913
489	3.001966
490	2.919418
491	3.091457
492	3.243980
493	3.377841
494	2.885602
495	2.650640
496	3.144788
497	2.223824
498	2.991870
499	2.774691
500	2.940288
501	2.778884
502	2.923784
503	3.016389
504	2.316915
505	2.823669
506	2.159931
507	3.195293
508	2.863162
509	2.714167
510	2.381449
511	2.510316
512	2.579867
513	2.842973
514	2.712450
515	2.738356
516	3.477584
517	2.164945
518	2.282014
519	2.704828
520	2.676189
521	2.333454
522	2.807084
523	2.859182
524	2.700759
525	3.218075
526	3.135741
527	2.949664
528	2.973820
529	2.165391
530	3.075595
531	2.758791
532	2.356164
533	2.378404
534	2.825371
535	2.748983
536	2.789085
537	2.527412
538	2.522896
539	2.208601
540	2.882254
541	2.652187
542	2.587528
543	2.474409
544	2.469050
545	2.175798
546	2.890018
547	2.812935
548	2.168175
549	2.439776
550	2.673741
551	2.532609
552	2.697943
553	2.108010
554	2.309762
555	2.149722
556	2.499540
557	2.590250
558	2.671347
559	2.371708
560	2.316484
561	2.417313
562	2.303736
563	2.616925
564	2.983221
565	2.292206
566	2.477378
567	2.617748
568	2.493635
569	2.589229
570	2.198681
571	2.687397
572	2.443234
573	2.386000
574	2.338803
575	2.101832
576	2.796372
577	2.358092
578	2.735800
579	2.934263
580	2.799016
581	2.607414
582	2.538601
583	2.657534
584	2.505634
585	2.576860
586	2.731777
587	2.062862
588	2.692455
589	2.390001
590	2.222634
591	2.933342
592	3.049849
593	2.795891
594	2.696259
595	2.772835
596	2.826589
597	2.689496
598	3.596747
599	2.882190
600	3.008038
601	2.373476
602	2.923849
603	2.837339
604	2.411597
605	2.986420
606	3.222624
607	2.465784
608	2.808916
609	2.701482
610	2.510896
611	2.726465
612	2.796447
613	3.067198
614	2.990671
615	2.242877
616	2.483971
617	2.684289
618	2.836231
619	2.663568
620	2.388388
621	3.275867
622	2.569887
623	2.486081
624	3.045421
625	2.425550
626	2.796035
627	2.660188
628	2.518748
629	2.570836
630	2.632070
631	2.364338
632	2.428722
633	2.522421
634	2.186208
635	2.564780
636	2.582174
637	2.020740
638	2.846243
639	3.178756
640	2.591892
641	2.533653
642	2.799535
643	3.250660
644	2.560488
645	2.758278
646	2.409004
647	2.413089
648	2.980608
649	2.625586
650	2.386022
651	2.535290
652	2.456033
653	2.857710
654	2.472612
655	2.665370
656	2.981944
657	2.442397
658	2.291920
659	2.651588
660	2.298280
661	2.601577
662	2.323036
663	2.790913
664	2.786450
665	2.546625
666	2.637309
667	2.360107
668	3.358809
669	2.983554
670	3.002700
671	3.664492
672	2.561992
673	2.604015
674	3.233914
675	3.293813
676	2.544229
677	2.527942
678	2.382728
679	2.502659
680	2.458151
681	2.650075
682	2.418968
683	2.899191
684	2.139274
685	2.941175
686	2.603133
687	2.522737
688	2.354868
689	2.535390
690	2.549865
691	2.514557
692	2.283988
693	2.770741
694	3.234580
695	2.969595
696	2.206988
697	2.783164
698	2.919417
699	2.874248
700	2.702944
701	2.914875
702	2.993160
703	3.150637
704	2.502197
705	2.710956
706	2.553842
707	3.061468
708	3.186938
709	3.072493
710	3.031861
711	3.121359
712	2.721966
713	3.086583
714	2.734614
715	2.546624
716	2.595615
717	2.879479
718	2.827741
719	2.778023
720	2.556675
721	2.740290
722	2.326415
723	2.450326
724	2.596037
725	2.565578
726	2.574277
727	2.507394
728	2.802325
729	2.885240
730	3.302723
731	2.822073
732	2.796176
733	3.059319
734	2.574336
735	2.326416
736	2.948997
737	2.871397
738	3.301106
739	3.059507
740	2.690205
741	2.584768
742	2.335062
743	2.508650
744	3.162469
745	2.641973
746	2.641062
747	3.011011
748	2.821154
749	2.818459
750	2.397374
751	2.957903
752	3.762937
753	2.429674
754	2.601501
755	2.766299
756	3.123027
757	2.848734
758	2.582130
759	2.477679
760	2.697203
761	2.386565
762	2.187535
763	2.752256
764	2.673032
765	2.825933
766	2.748054
767	3.009868
768	2.752470
769	2.545524
770	3.033315
771	2.567764
772	2.596435
773	2.216080
774	2.615106
775	2.836284
776	2.375078
777	2.201023
778	2.559337
779	2.728880
780	3.185293
781	3.200158
782	2.831307
783	3.034497
784	2.829172
785	2.471456
786	2.446242
787	2.594648
788	2.826393
789	2.893599
790	3.034748
791	2.674717
792	2.483889
793	2.619831
794	2.852893
795	2.614937
796	2.577479
797	2.900501
798	2.811778
799	2.564700
800	2.759942
801	2.696444
802	2.765972
803	2.745270
804	2.400872
805	2.560664
806	2.506810
807	2.864998
808	2.500640
809	3.078721
810	2.416796
811	2.697944
812	2.747033
813	3.023723
814	2.754832
815	2.895894
816	2.571244
817	2.835313
818	2.776362
819	3.230681
820	2.201477
821	2.742228
822	2.919076
823	2.677073
824	3.036363
825	3.284943
826	2.846348
827	2.866933
828	2.636120
829	2.244950
830	2.414665
831	2.696179
832	2.478082
833	2.152417
834	2.846631
835	2.640402
836	2.757790
837	2.891726
838	2.438549
839	2.898068
840	2.107345
841	2.756900
842	2.299433
843	2.528835
844	2.444212
845	2.640171
846	2.760359
847	3.561753
848	2.589226
849	2.924847
850	2.210833
851	2.633216
852	2.520100
853	2.075501
854	3.552099
855	2.737683
856	2.718858
857	2.299589
858	2.622883
859	2.645788
860	2.421752
861	2.288561
862	2.902889
863	2.647932
864	3.088856
865	2.458228
866	2.746982
867	2.772074
868	2.580292
869	2.639206
870	2.374150
871	2.717223
872	2.566184
873	2.778638
874	2.459774
875	2.210071
876	2.641077
877	2.797252
878	2.910605
879	2.472749
880	3.013038
881	3.048833
882	3.105575
883	2.461993
884	2.280549
885	2.481470
886	3.162448
887	2.791864
888	2.423453
889	2.586985
890	3.252204
891	2.357224
892	2.717538
893	2.763803
894	2.546721
895	2.554548
896	2.185477
897	2.037569
898	2.418470
899	2.768177
900	2.592164
901	2.780040
902	2.433161
903	2.727014
904	2.527646
905	3.049426
906	2.586332
907	2.576253
908	2.731761
909	2.686281
910	2.717368
911	2.664243
912	2.944095
913	3.399921
914	2.607856
915	2.667839
916	2.608682
917	2.653924
918	2.840668
919	2.379541
920	2.520911
921	2.989399
922	2.739304
923	2.428064
924	2.730878
925	2.347792
926	2.611861
927	2.523832
928	2.739302
929	2.338564
930	2.002218
931	2.960999
932	2.499558
933	3.019882
934	2.581664
935	2.675397
936	2.296978
937	2.698204
938	2.852611
939	2.535707
940	2.810499
941	2.986704
942	3.099239
943	2.933973
944	2.718293
945	2.611548
946	2.766384
947	2.717976
948	2.593550
949	2.594703
950	2.983705
951	2.611224
952	2.838804
953	2.427611
954	2.581975
955	2.942564
956	2.506334
957	1.990173
958	2.753122
959	2.382625
960	2.762081
961	2.162708
962	2.796748
963	2.525292
964	2.777102
965	2.626180
966	2.690184
967	2.589598
968	3.071055
969	2.665802
970	2.855046
971	2.757938
972	2.642065
973	2.524462
974	2.944842
975	2.599501
976	3.052132
977	2.948101
978	2.278967
979	2.679459
980	2.763582
981	2.467888
982	2.903340
983	2.688585
984	2.821452
985	3.544350
986	2.698645
987	3.707900
988	2.799465
989	2.500119
990	3.009137
991	2.661389
992	2.834945
993	3.362153
994	3.019174
995	2.972324
996	3.210132
997	3.069728
998	3.361354
999	3.453247
1000	3.098173
1001	2.944927
1002	2.614383
1003	3.555303
1004	2.786921
1005	2.744654
1006	3.010069
1007	3.144464
1008	3.169098
1009	2.220175
1010	2.649753
1011	2.316095
1012	2.416052
1013	2.659420
1014	2.021012
1015	2.777926
1016	2.775964
1017	2.680632
1018	3.070436
1019	2.715992
1020	2.751761
1021	2.815281
1022	2.971747
1023	3.122663
1024	2.984543
1025	2.731596
1026	2.885862
1027	2.492552
1028	2.801788
1029	3.029753
1030	2.552456
1031	2.934997
1032	2.812272
1033	2.470915
1034	2.585400
1035	2.473717
1036	2.871518
1037	2.853258
1038	3.081694
1039	2.851876
1040	2.916264
1041	2.787937
1042	2.585629
1043	3.139963
1044	2.836278
1045	2.271077
1046	2.288515
1047	3.697091
1048	2.406363
1049	3.294986
1050	2.702924
1051	2.848616
1052	2.378445
1053	2.764649
1054	2.874788
1055	3.039894
1056	3.124900
1057	2.521983
1058	2.518790
1059	2.940922
1060	2.375414
1061	3.084815
1062	3.289284
1063	2.995146
1064	3.017514
1065	2.590094
1066	3.018701
1067	3.036705
1068	3.677824
1069	2.735072
1070	2.505958
1071	3.193511
1072	2.825261
1073	2.962421
1074	2.991633
1075	2.964017
1076	3.076699
1077	3.527008
1078	2.803018
1079	2.759959
1080	2.149929
1081	3.022894
1082	3.078558
1083	2.704629
1084	2.591096
1085	2.473075
1086	2.447898
1087	3.016043
1088	2.378000
1089	2.865170
1090	2.891001
1091	2.798237
1092	3.129826
1093	2.559496
1094	2.844025
1095	3.185252
1096	3.188893
1097	2.736307
1098	3.029159
1099	3.043633
1100	2.686220
1101	2.612771
1102	3.117867
1103	3.206897
1104	2.860452
1105	2.819523
1106	2.353425
1107	3.255964
1108	2.753921
1109	2.610250
1110	2.570720
1111	2.656366
1112	2.749343
1113	3.017189
1114	2.870223
1115	2.833886
1116	3.020145
1117	2.658518
1118	2.998029
1119	2.478933
1120	2.941801
1121	2.710153
1122	2.715766
1123	3.127750
1124	3.112219
1125	2.426088
1126	2.739707
1127	2.874941
1128	2.574220
1129	2.461703
1130	2.768071
1131	3.209578
1132	2.874747
1133	3.024249
1134	2.829574
1135	2.658686
1136	3.143646
1137	2.657553
1138	2.882653
1139	2.922229
1140	2.571694
1141	2.685627
1142	2.622007
1143	2.561364
1144	2.639587
1145	2.625472
1146	3.045799
1147	2.673066
1148	2.823348
1149	3.090191
1150	2.434499
1151	3.427955
1152	2.891227
1153	2.717792
1154	2.554742
1155	2.963412
1156	2.705423
1157	2.627339
1158	3.099580
1159	2.549920
1160	3.077693
1161	2.648887
1162	3.040031
1163	2.492173
1164	2.888887
1165	2.440896
1166	2.434237
1167	2.896636
1168	2.839389
1169	2.779343
1170	2.356972
1171	2.904892
1172	3.345369
1173	2.552476
1174	2.317869
1175	2.866774
1176	2.512173
1177	2.926584
1178	2.953655
1179	2.728239
1180	2.928349
1181	2.977984
1182	2.967375
1183	2.869897
1184	3.138029
1185	3.094916
1186	2.868886
1187	2.534110
1188	2.483183
1189	2.767400
1190	2.476886
1191	3.119557
1192	3.018904
1193	3.061706
1194	2.812329
1195	2.688867
1196	3.099630
1197	2.820102
1198	2.817006
1199	2.828762
1200	2.651433
1201	3.285449
1202	3.139648
1203	2.895103
1204	2.983971
1205	2.757831
1206	2.814054
1207	2.753170
1208	3.109648
1209	2.400143
1210	2.644713
1211	2.389155
1212	2.325843
1213	2.572174
1214	2.423517
1215	2.582285
1216	2.683021
1217	2.850633
1218	2.554589
1219	2.897248
1220	2.916878
1221	2.659231
1222	2.678678
1223	2.273413
1224	2.494492
1225	2.823629
1226	2.582591
1227	2.205945
1228	2.338763
1229	2.537343
1230	2.331480
1231	2.369180
1232	3.148097
1233	3.128103
1234	2.626518
1235	2.847403
1236	2.903791
1237	2.644807
1238	2.349251
1239	2.720955
1240	3.198284
1241	3.056372
1242	3.018157
1243	3.253155
1244	2.986672
1245	2.548748
1246	2.878574
1247	3.262221
1248	3.401554
1249	2.664470
1250	2.379265
1251	2.999151
1252	2.824340
1253	2.797569
1254	3.317739
1255	2.673462
1256	2.381997
1257	3.028083
1258	2.672789
1259	2.653249
1260	3.256639
1261	3.149213
1262	2.917144
1263	2.690589
1264	2.912099
1265	2.754448
1266	2.513579
1267	2.673971
1268	2.904840
1269	3.063415
1270	2.480039
1271	3.300467
1272	2.692581
1273	3.442513
1274	3.228133
1275	3.499487
1276	3.181025
1277	2.944693
1278	3.193420
1279	2.865073
1280	3.504096
1281	3.103001
1282	2.841468
1283	2.712212
1284	2.593374
1285	2.442067
1286	2.493872
1287	3.082371
1288	3.347229
1289	3.165349
1290	2.518515
1291	3.106780
1292	2.961385
1293	2.917619
1294	2.707874
1295	2.908818
1296	2.786705
1297	3.051856
1298	2.950334
1299	2.841281
1300	3.038087
1301	2.744247
1302	3.122199
1303	3.313559
1304	3.108227
1305	2.729209
1306	2.538288
1307	2.527570
1308	2.488111
1309	2.994664
1310	2.240705
1311	2.799900
1312	2.273829
1313	3.277049
1314	2.849739
1315	2.697963
1316	2.827101
1317	2.668372
1318	3.011857
1319	2.935537
1320	2.998883
1321	2.955097
1322	3.031383
1323	2.601044
1324	2.744120
1325	2.820674
1326	2.804963
1327	3.074965
1328	2.501243
1329	3.192961
1330	2.898295
1331	2.690447
1332	2.257814
1333	2.471217
1334	2.533082
1335	2.928514
1336	3.265431
1337	2.812459
1338	2.671442
1339	2.674287
1340	3.512446
1341	2.496997
1342	2.843111
1343	2.968497
1344	2.653847
1345	3.014873
1346	2.553510
1347	2.608099
1348	2.521924
1349	2.554857
1350	2.392364
1351	2.791146
1352	3.273545
1353	2.464646
1354	2.765684
1355	2.859962
1356	2.608821
1357	2.213793
1358	2.710830
1359	2.588331
1360	2.440745
1361	2.906422
1362	3.067189
1363	2.666676
1364	2.503215
1365	2.877966
1366	2.852520
1367	2.742788
1368	2.952554
1369	2.700017
1370	2.598326
1371	3.001901
1372	2.230040
1373	3.042525
1374	3.236939
1375	2.668972
1376	2.994580
1377	2.847002
1378	2.509246
1379	2.241985
1380	3.409371
1381	2.872382
1382	3.166605
1383	3.193540
1384	2.354846
1385	2.553622
1386	3.080725
1387	2.615358
1388	3.183255
1389	2.939745
1390	3.171801
1391	2.531914
1392	2.442786
1393	2.981092
1394	2.323899
1395	2.948727
1396	2.868274
1397	2.893942
1398	2.588216
1399	2.871738
1400	2.879259
1401	2.787075
1402	3.253401
1403	2.856865
1404	2.769510
1405	2.866318
1406	2.649438
1407	2.899553
1408	3.249924
1409	2.692082
1410	2.716783
1411	2.781621
1412	3.000267
1413	2.672491
1414	2.952617
1415	3.096992
1416	3.344815
1417	2.454916
1418	2.703425
1419	2.880627
1420	2.790913
1421	2.867720
1422	2.691076
1423	2.569266
1424	3.179083
1425	2.967709
1426	2.758842
1427	2.989464
1428	2.868416
1429	2.382185
1430	2.670790
1431	3.001011
1432	3.105768
1433	2.631067
1434	2.598276
1435	2.870103
1436	2.612970
1437	2.744302
1438	3.031582
1439	2.406367
1440	2.952053
1441	2.975817
1442	2.635506
1443	2.460976
1444	3.056320
1445	2.457032
1446	2.836509
1447	3.328802
1448	3.029290
1449	2.381559
1450	3.076315
1451	3.155570
1452	2.773914
1453	2.486485
1454	3.320431
1455	2.867942
1456	2.826019
1457	2.795600
1458	3.355800
1459	3.175941
1460	2.457677
1461	2.495494
1462	2.700241
1463	2.928891
1464	2.978421
1465	2.659889
1466	2.459450
1467	2.183232
1468	3.443995
1469	2.572372
1470	3.135950
1471	2.685887
1472	3.071631
1473	3.109875
1474	3.217778
1475	2.402229
1476	2.647003
1477	3.114228
1478	2.536005
1479	2.673985
1480	2.776363
1481	3.076377
1482	2.880192
1483	2.246413
1484	3.580053
1485	2.654717
1486	2.741182
1487	3.015707
1488	2.535376
1489	2.600006
1490	2.603186
1491	2.642159
1492	3.134411
1493	3.128784
1494	2.916623
1495	3.186688
1496	3.030182
1497	2.745795
1498	2.524500
1499	2.824129
1500	3.205447
1501	3.527053
1502	2.601116
1503	2.593610
1504	2.794888
1505	2.473963
1506	2.824288
1507	2.460349
1508	2.642308
1509	2.566023
1510	2.772524
1511	2.644689
1512	2.708669
1513	2.408608
1514	2.161920
1515	2.204793
1516	2.928801
1517	2.580969
1518	2.801465
1519	2.459365
1520	3.124261
1521	2.349870
1522	2.404543
1523	2.679125
1524	2.333860
1525	2.569608
1526	2.913025
1527	2.847050
1528	2.353424
1529	2.617059
1530	2.489679
1531	2.864422
1532	2.802392
1533	2.819025
1534	2.778991
1535	2.798466
1536	2.485765
1537	2.583908
1538	2.794440
1539	2.183690
1540	2.427776
1541	2.801371
1542	2.992020
1543	2.344993
1544	2.624382
1545	3.016402
1546	2.600883
1547	2.301328
1548	2.651057
1549	2.500258
1550	2.614328
1551	2.631882
1552	2.766176
1553	2.464656
1554	2.730474
1555	2.521784
1556	2.898376
1557	2.937164
1558	2.986399
1559	2.787739
1560	2.884406
1561	2.860088
1562	2.745958
1563	3.060743
1564	2.858501
1565	2.931294
1566	2.479553
1567	2.744103
1568	2.496657
1569	2.792921
1570	2.747379
1571	2.920190
1572	2.591429
1573	2.854507
1574	2.932714
1575	2.908213
1576	2.837499
1577	3.208675
1578	2.920550
1579	2.465824
1580	2.479091
1581	2.704835
1582	2.588353
1583	2.718786
1584	2.528045
1585	2.604289
1586	2.358881
1587	2.702333
1588	2.896337
1589	2.543339
1590	2.582302
1591	2.113050
1592	2.778003
1593	2.941241
1594	3.233604
1595	2.447320
1596	2.474275
1597	2.441608
1598	3.029998
1599	2.684813
1600	3.067410
1601	2.924672
1602	3.367291
1603	2.550787
1604	3.005905
1605	2.575152
1606	2.415660
1607	2.773153
1608	2.835293
1609	2.543322
1610	2.844800
1611	2.714296
1612	2.998165
1613	2.729745
1614	2.590348
1615	2.958056
1616	2.740822
1617	2.817057
1618	1.982398
1619	2.601249
1620	2.580353
1621	2.716672
1622	2.915422
1623	2.640951
1624	2.392212
1625	2.513822
1626	3.150778
1627	2.623931
1628	2.867772
1629	2.597812
1630	3.309667
1631	2.915718
1632	3.303472
1633	2.746799
1634	3.742314
1635	2.254354
1636	2.568187
1637	2.303436
1638	2.685981
1639	2.191665
1640	3.208177
1641	2.933170
1642	2.568466
1643	3.336778
1644	2.746311
1645	2.847083
1646	2.766751
1647	2.806924
1648	3.056356
1649	3.166103
1650	2.771537
1651	3.020540
1652	2.565462
1653	2.753788
1654	2.730003
1655	3.006359
1656	2.561130
1657	2.820018
1658	2.778940
1659	3.572032
1660	2.784694
1661	2.850998
1662	2.608644
1663	2.686373
1664	2.902339
1665	2.630953
1666	3.060034
1667	2.691432
1668	2.897411
1669	2.872870
1670	2.667078
1671	2.726131
1672	2.828601
1673	2.512271
1674	3.613706
1675	2.523371
1676	2.304215
1677	2.415489
1678	2.783201
1679	2.607106
1680	3.052377
1681	2.347719
1682	2.855751
1683	3.258544
1684	2.763783
1685	2.469533
1686	2.952487
1687	2.655296
1688	2.628707
1689	2.661034
1690	2.832687
1691	2.195857
1692	2.778886
1693	2.920580
1694	2.952711
1695	2.799657
1696	2.799893
1697	2.028050
1698	2.851386
1699	2.654449
1700	2.895945
1701	2.801713
1702	3.168643
1703	3.224439
1704	2.403933
1705	3.007420
1706	2.308009
1707	2.623982
1708	2.409171
1709	3.074557
1710	2.365378
1711	2.090381
1712	2.326604
1713	3.000851
1714	2.529070
1715	2.633042
1716	2.616292
1717	3.003150
1718	2.886899
1719	2.505797
1720	2.850473
1721	2.881442
1722	2.633134
1723	2.764073
1724	3.174789
1725	2.784692
1726	2.609156
1727	3.301544
1728	3.030941
1729	3.177518
1730	3.013204
1731	2.945740
1732	2.931178
1733	3.230185
1734	2.916059
1735	2.624974
1736	2.630439
1737	2.487310
1738	2.538543
1739	3.029141
1740	2.575055
1741	2.704128
1742	3.072488
1743	2.803193
1744	2.822308
1745	2.463392
1746	2.956621
1747	1.962981
1748	2.536990
1749	2.646995
1750	2.998096
1751	2.941106
1752	2.693308
1753	2.912285
1754	3.228218
1755	2.854837
1756	2.658608
1757	2.933906
1758	3.011196
1759	2.592237
1760	2.763764
1761	2.717536
1762	2.256925
1763	2.854344
1764	3.286381
1765	3.273255
1766	2.755595
1767	3.039916
1768	2.599288
1769	2.804355
1770	3.269589
1771	2.871759
1772	2.212081
1773	2.544680
1774	2.820730
1775	2.731519
1776	2.640266
1777	2.756119
1778	2.202223
1779	2.842726
1780	2.495877
1781	2.773933
1782	3.024865
1783	2.821575
1784	2.696164
1785	2.984911
1786	2.811014
1787	2.928068
1788	2.544069
1789	2.850632
1790	2.598870
1791	3.228885
1792	2.292551
1793	3.477484
1794	2.632205
1795	2.420000
1796	2.667399
1797	2.926189
1798	2.824715
1799	2.724350
1800	2.973363
1801	3.531250
1802	2.733111
1803	2.596939
1804	2.737499
1805	2.994580
1806	2.296255
1807	3.202873
1808	2.627092
1809	2.986451
1810	2.608774
1811	3.027041
1812	2.317005
1813	2.625528
1814	2.646110
1815	2.971649
1816	2.543873
1817	2.949932
1818	3.191630
1819	2.742738
1820	2.834892
1821	2.996566
1822	2.876756
1823	2.362310
1824	2.796675
1825	2.819377
1826	2.746601
1827	2.773533
1828	2.970488
1829	2.675894
1830	2.755905
1831	2.786538
1832	2.912216
1833	2.544347
1834	2.833265
1835	2.695865
1836	2.952644
1837	2.815071
1838	3.136292
1839	2.743172
1840	2.713931
1841	2.953879
1842	2.819149
1843	2.508124
1844	3.021408
1845	2.379979
1846	2.495393
1847	3.002846
1848	2.731817
1849	2.392924
1850	2.814760
1851	2.881146
1852	2.773967
1853	2.739581
1854	2.781424
1855	2.625050
1856	2.844095
1857	2.716043
1858	2.958949
1859	3.011928
1860	3.500698
1861	3.119839
1862	2.553627
1863	3.223740
1864	3.107990
1865	2.663743
1866	2.874198
1867	3.166444
1868	2.880104
1869	2.791043
1870	3.034799
1871	3.075822
1872	2.882082
1873	2.730293
1874	3.115187
1875	3.159763
1876	2.977344
1877	3.256102
1878	3.026566
1879	2.382623
1880	3.534223
1881	3.740373
1882	3.577425
1883	3.063874
1884	4.774118
1885	4.271931
1886	3.047704
1887	3.227008
1888	4.628068
1889	2.799017
1890	3.273926
1891	4.343587
1892	4.383173
1893	4.675589
1894	3.397228
1895	3.816406
1896	4.819186
1897	2.900399
1898	2.878581
1899	2.647435
1900	3.249653
1901	3.680353
1902	4.668805
1903	2.367996
1904	2.734318
1905	2.969191
1906	4.180922
1907	2.750070
1908	3.998862
1909	3.936038
1910	5.137242
1911	4.260445
1912	5.068837
1913	2.973719
1914	5.015387
1915	4.019428
1916	3.088985
1917	4.751971
1918	3.181919
1919	4.395003
1920	4.780721
1921	4.884186
1922	4.645611
1923	3.416956
1924	3.109098
1925	4.380295
1926	2.984812
1927	3.043257
1928	5.027463
1929	3.339986
1930	3.144975
1931	4.185715
1932	4.502497
1933	3.887520
1934	4.397429
1935	3.056372
1936	2.898515
1937	2.924807
1938	2.922620
1939	2.673028
1940	2.622939
1941	2.541260
1942	2.983859
1943	2.623681
1944	2.635808
1945	2.658874
1946	2.967210
1947	2.629640
1948	2.539814
1949	3.006650
1950	3.053030
1951	3.238040
1952	2.611611
1953	2.565953
1954	3.233175
1955	3.002234
1956	2.905789
1957	3.049026
1958	3.015527
1959	3.233669
1960	2.892147
1961	2.687848
1962	2.717370
1963	3.125628
1964	3.281005
1965	2.544663
1966	3.053525
1967	2.685557
1968	2.547980
1969	2.497977
1970	2.539138
1971	3.036923
1972	3.089756
1973	3.202546
1974	3.323162
1975	2.733516
1976	2.354420
1977	2.814356
1978	3.244473
1979	2.900846
1980	2.788908
1981	3.218276
1982	2.420950
1983	3.094222
1984	2.522382
1985	2.887802
1986	2.747382
1987	3.158374
1988	2.822784
1989	3.236739
1990	2.702200
1991	2.881771
1992	2.632830
1993	2.947728
1994	3.093929
1995	3.509532
1996	3.201419
1997	2.873344
1998	2.978555
1999	2.887267
2000	2.920225
2001	2.474150
2002	2.538937
2003	2.589944
2004	2.997100
2005	3.221816
2006	2.927266
2007	2.436985
2008	2.557458
2009	3.053750
2010	2.243414
2011	2.836797
2012	2.509384
2013	2.520079
2014	2.732053
2015	2.408428
2016	2.445340
2017	2.952322
2018	2.653638
2019	3.462372
2020	2.560956
2021	3.078134
2022	2.522558
2023	2.653915
2024	3.539872
2025	2.694753
2026	2.522878
2027	2.833367
2028	2.512127
2029	2.882514
2030	3.189451
2031	3.280760
2032	3.224128
2033	3.048839
2034	3.004283
2035	3.091843
2036	3.012869
2037	3.235109
2038	3.081054
2039	2.790914
2040	3.001281
2041	2.510005
2042	2.644412
2043	2.857589
2044	3.328744
2045	2.742807
2046	3.015109
2047	2.733053
2048	2.127574
2049	2.817534
2050	2.395390
2051	3.102676
2052	2.361230
2053	2.993462
2054	2.342757
2055	2.646550
2056	2.960642
2057	3.154505
2058	2.692715
2059	3.066698
2060	2.650379
2061	2.854930
2062	4.280628
2063	4.054397
2064	2.559960
2065	2.260225
2066	3.623676
2067	4.471072
2068	4.003922
2069	2.910446
2070	3.615818
2071	2.873276
2072	3.844909
2073	3.244291
2074	3.284235
2075	2.247976
2076	2.679014
2077	2.493532
2078	2.460343
2079	2.259296
2080	3.648921
2081	3.793824
2082	4.607176
2083	2.650703
2084	2.930567
2085	2.754654
2086	3.401444
2087	1.990806
2088	2.676364
2089	2.793530
2090	3.490068
2091	4.829660
2092	3.241912
2093	2.936412
2094	2.985115
2095	3.464056
2096	2.748767
2097	3.339848
2098	3.271039
2099	2.979816
2100	3.443904
2101	2.324584
2102	2.782142
2103	2.409271
2104	2.973570
2105	2.165942
2106	4.022416
2107	3.219130
2108	2.760689
2109	2.824550
2110	2.575853
2111	2.684062
2112	2.716860
2113	3.111415
2114	3.195091
2115	2.910412
2116	2.686613
2117	2.685239
2118	2.747523
2119	2.945420
2120	2.837287
2121	2.824464
2122	2.695291
2123	3.230697
2124	2.775518
2125	2.804995
2126	2.819379
2127	3.043209
2128	2.745266
2129	2.790161
2130	2.541993
2131	2.784616
2132	2.615262
2133	2.738284
2134	3.030797
2135	2.438317
2136	2.736676
2137	2.875638
2138	2.615209
2139	3.128276
2140	3.276431
2141	3.149321
2142	3.786211
2143	3.253385
2144	2.518276
2145	2.382558
2146	2.874943
2147	2.366874
2148	2.570932
2149	4.056146
2150	3.347847
2151	4.751220
2152	2.972781
2153	3.949356
2154	3.425331
2155	4.213953
2156	2.907506
2157	2.690316
2158	2.557907
2159	2.966782
2160	2.780506
2161	4.726669
2162	3.499373
2163	4.316063
2164	3.213225
2165	4.401467
2166	3.691733
2167	4.933569
2168	4.877149
2169	3.521024
2170	4.573234
2171	3.687938
2172	3.647217
2173	2.827775
2174	3.955969
2175	3.501401
2176	3.392512
2177	5.351305
2178	4.896168
2179	3.263574
2180	3.980365
2181	3.659410
2182	3.243299
2183	2.708413
2184	2.261507
2185	2.761194
2186	2.365645
2187	3.192593
2188	2.922962
2189	3.204325
2190	2.914942
2191	2.900118
2192	2.913748
2193	2.747236
2194	3.235212
2195	2.958261
2196	2.697022
2197	3.359704
2198	3.012873
2199	2.564956
2200	3.048247
2201	3.100582
2202	2.517021
2203	2.776996
2204	3.128337
2205	2.353741
2206	2.928292
2207	2.246975
2208	2.993478
2209	2.660941
2210	3.066219
2211	3.087409
2212	3.130447
2213	2.876910
2214	3.113552
2215	2.823348
2216	2.660114
2217	2.760777
2218	2.642385
2219	2.568482
2220	2.539054
2221	2.902276
2222	3.485631
2223	2.793060
2224	2.634238
2225	3.380610
2226	2.270109
2227	2.899206
2228	2.424970
2229	3.065453
2230	2.818882
2231	2.845722
2232	3.350671
2233	2.589284
2234	2.843663
2235	2.494678
2236	3.058334
2237	3.202405
2238	2.886556
2239	2.978134
2240	2.717521
2241	2.570041
2242	2.253392
2243	3.134852
2244	2.730307
2245	3.109395
2246	3.021472
2247	3.447039
2248	2.781999
2249	2.806991
2250	2.733753
2251	2.628250
2252	2.837813
2253	2.629866
2254	2.397654
2255	3.192382
2256	2.863421
2257	2.701497
2258	3.105690
2259	2.938267
2260	2.608409
2261	2.513922
2262	3.111367
2263	2.656109
2264	2.451576
2265	2.654917
2266	2.849787
2267	2.772814
2268	2.650829
2269	3.058906
2270	3.803693
2271	2.812773
2272	2.998216
2273	3.316773
2274	2.442498
2275	2.553803
2276	2.883680
2277	2.500021
2278	3.148983
2279	2.802254
2280	2.642142
2281	2.923386
2282	3.273361
2283	2.606953
2284	3.281604
2285	2.394279
2286	2.550465
2287	2.715823
2288	2.435357
2289	2.804516
2290	2.379286
2291	2.756203
2292	2.239750
2293	2.687247
2294	2.802463
2295	2.936697
2296	2.837010
2297	2.290432
2298	2.358540
2299	2.930413
2300	2.398664
2301	2.441187
2302	2.512884
2303	2.905597
2304	2.526696
2305	2.690985
2306	2.807505
2307	2.919367
2308	2.089619
2309	2.396043
2310	2.764251
2311	2.351105
2312	2.751232
