0	1.760400
1	3.722406
2	4.560296
3	4.285430
4	5.385397
5	3.615772
6	4.639321
7	3.556559
8	4.052713
9	1.985600
10	2.124453
11	3.491087
12	1.820469
13	2.452650
14	4.528629
15	1.686210
16	1.977146
17	1.860484
18	2.296564
19	1.728728
20	2.138809
21	4.660685
22	3.760666
23	3.179499
24	1.952026
25	3.311842
26	4.757194
27	3.832517
28	6.143371
29	1.941391
30	3.763031
31	4.248542
32	4.492550
33	4.181769
34	4.174051
35	3.585806
36	3.907875
37	4.393175
38	4.505506
39	4.106092
40	3.126486
41	4.343362
42	2.321595
43	3.513801
44	2.482780
45	2.082164
46	2.620189
47	2.073959
48	3.695753
49	3.143184
50	3.700461
51	2.512807
52	2.113715
53	1.688460
54	2.078001
55	1.801054
56	1.721452
57	4.431715
58	4.494019
59	2.052999
60	3.497156
61	2.206106
62	2.974173
63	2.909069
64	4.649150
65	4.944503
66	3.373708
67	4.679594
68	5.276079
69	3.376938
70	2.157082
71	4.676087
72	3.616310
73	4.499310
74	3.216227
75	3.055306
76	3.691545
77	3.983731
78	3.162690
79	4.335551
80	3.230679
81	3.716837
82	3.537358
83	3.811525
84	2.350870
85	3.689686
86	2.053097
87	4.861901
88	2.053484
89	2.303499
90	2.101193
91	1.944764
92	2.539310
93	3.110982
94	4.886490
95	4.821187
96	2.225533
97	4.829133
98	4.131464
99	5.652279
100	3.257267
101	2.031966
102	4.568260
103	2.074726
104	1.936728
105	2.258978
106	3.930409
107	1.967457
108	1.972938
109	2.074347
110	1.850025
111	1.871095
112	2.199887
113	1.907379
114	3.969701
115	3.690477
116	3.838779
117	2.032090
118	5.588925
119	2.140768
120	2.220114
121	5.417340
122	1.987185
123	2.070892
124	1.899394
125	2.122594
126	2.921814
127	2.030493
128	3.269388
129	3.263407
130	4.058003
131	4.346563
132	3.481793
133	3.960820
134	4.144985
135	5.241164
136	4.402204
137	2.608947
138	2.619790
139	5.218103
140	3.662895
141	2.945678
142	3.843453
143	2.131595
144	4.244536
145	3.600722
146	2.254819
147	2.115515
148	1.789555
149	5.885729
150	4.337490
151	2.065431
152	3.418494
153	2.122927
154	2.428271
155	3.731678
156	3.027689
157	1.855263
158	4.124923
159	2.274509
160	1.843939
161	1.800055
162	3.626015
163	2.055575
164	3.750785
165	2.721248
166	1.775751
167	1.787206
168	1.909265
169	5.956936
170	1.945278
171	5.232370
172	4.087224
173	1.827593
174	2.038849
175	3.847326
176	3.610806
177	2.395596
178	4.069164
179	3.464880
180	5.184207
181	1.818653
182	2.069153
183	3.513913
184	1.929609
185	4.024578
186	4.840609
187	4.957201
188	4.511254
189	3.786054
190	4.249023
191	3.782780
192	1.869597
193	3.116302
194	4.026437
195	4.942224
196	3.459913
197	3.414293
198	3.982299
199	4.597230
200	4.018793
201	1.954713
202	1.999626
203	4.641527
204	2.333966
205	3.221099
206	3.574202
207	4.210185
208	2.081970
209	3.257312
210	4.170289
211	2.074342
212	2.355020
213	4.491149
214	2.141052
215	1.904127
216	2.133214
217	4.245633
218	2.159006
219	4.644148
220	1.854858
221	2.024992
222	5.402758
223	4.123600
224	1.871123
225	3.056615
226	1.854426
227	4.537721
228	3.824449
229	4.479753
230	4.484831
231	1.732656
232	2.938198
233	2.792794
234	1.900817
235	1.891057
236	1.951664
237	4.866066
238	3.366853
239	2.827099
240	2.997233
241	2.114145
242	1.879813
243	3.972376
244	4.936893
245	4.602967
246	2.124098
247	3.569451
248	2.059733
249	3.925581
250	3.671662
251	5.253999
252	1.860406
253	2.025958
254	4.800562
255	1.831311
256	3.971977
257	3.404954
258	5.136662
259	1.768785
260	1.848973
261	2.027141
262	5.069559
263	1.958724
264	3.368249
265	3.686450
266	1.972537
267	1.953821
268	2.344822
269	1.887087
270	3.998322
271	2.139865
272	2.049634
273	2.879304
274	4.794680
275	3.201563
276	5.077263
277	1.939949
278	2.092321
279	1.989301
280	4.323806
281	2.778306
282	1.903705
283	1.893805
284	2.335019
285	2.231436
286	2.179313
287	3.717376
288	3.192832
289	2.001400
290	1.822226
291	4.145129
292	3.755483
293	1.939644
294	1.854642
295	2.109072
296	2.009971
297	1.933960
298	2.236476
299	4.228405
300	1.961887
301	4.101828
302	1.855856
303	2.201228
304	2.639751
305	3.870620
306	1.895600
307	2.369409
308	1.726988
309	2.180832
310	3.224291
311	2.656428
312	2.373206
313	3.527748
314	1.988822
315	2.957129
316	3.372517
317	3.386020
318	4.247188
319	3.550521
320	3.537568
321	4.097281
322	1.871336
323	4.149906
324	4.287804
325	4.923494
326	3.115013
327	3.518786
328	2.017374
329	5.160859
330	1.742328
331	2.121850
332	5.087144
333	1.719572
334	1.883882
335	2.040927
336	1.910860
337	1.817823
338	1.928063
339	5.048320
340	3.539197
341	1.981761
342	1.983733
343	1.907673
344	4.015214
345	2.166313
346	2.363240
347	3.963119
348	5.416537
349	4.511357
350	5.191884
351	3.831574
352	4.201409
353	3.436365
354	3.771325
355	2.288618
356	2.049217
357	4.099818
358	2.125140
359	4.771279
360	2.024502
361	1.958651
362	3.179095
363	3.630180
364	4.607615
365	4.107478
366	5.177541
367	5.304685
368	3.776093
369	4.728234
370	3.955115
371	2.652208
372	4.301714
373	2.127347
374	3.994076
375	3.993021
376	5.041152
377	5.021817
378	2.159077
379	5.225514
380	2.041294
381	2.381363
382	4.902174
383	3.582711
384	2.115655
385	3.876147
386	1.888412
387	3.562042
388	3.621225
389	3.607247
390	4.283793
391	4.327343
392	3.268421
393	4.726532
394	3.247843
395	2.175545
396	1.792036
397	3.504525
398	4.426373
399	1.995490
400	2.099740
401	2.960153
402	5.011842
403	3.891493
404	1.998500
405	1.824121
406	2.168452
407	1.725977
408	1.990804
409	2.105086
410	1.745103
411	2.588904
412	2.010922
413	4.887840
414	3.385673
415	3.830887
416	2.133798
417	1.920207
418	2.134221
419	4.181067
420	2.724225
421	5.092466
422	2.814891
423	2.763818
424	2.102789
425	3.106686
426	1.979216
427	1.817552
428	4.369733
429	1.912509
430	5.214576
431	3.424908
432	3.765235
433	4.162357
434	3.436192
435	3.960238
436	4.978361
437	1.970862
438	4.566344
439	4.576844
440	3.601996
441	3.642099
442	1.824559
443	3.802487
444	2.066519
445	3.733107
446	3.327779
447	3.914513
448	3.404776
449	3.521891
450	1.979649
451	4.411555
452	3.739213
453	4.547417
454	2.549864
455	1.976891
456	1.985269
457	1.875819
458	1.861908
459	1.914809
460	2.034824
461	3.412356
462	2.332791
463	1.880693
464	3.583773
465	2.088003
466	3.883063
467	3.755503
468	3.737527
469	4.302897
470	4.361705
471	3.979876
472	3.710432
473	3.910061
474	3.868045
475	4.270853
476	3.821897
477	4.214866
478	5.049207
479	3.940495
480	4.123374
481	5.471326
482	5.197508
483	3.811979
484	4.625773
485	3.411466
486	3.981068
487	3.689147
488	3.910167
489	3.007558
490	2.579068
491	4.189475
492	3.465056
493	4.456153
494	4.497766
495	3.815023
496	4.227848
497	4.912464
498	4.754375
499	4.430238
500	2.258098
501	3.488224
502	2.953929
503	2.230784
504	4.987368
505	4.186332
506	4.741782
507	4.406338
508	4.205246
509	3.507663
510	4.067723
511	1.989901
512	4.231555
513	3.625000
514	3.748980
515	4.978481
516	5.650667
517	4.087197
518	3.269020
519	4.707975
520	3.489733
521	2.273457
522	3.401856
523	6.651471
524	3.611785
525	2.831586
526	3.632467
527	2.953138
528	4.001315
529	3.498458
530	4.327976
531	4.752157
532	4.574986
533	3.776626
534	2.481335
535	4.047542
536	4.212190
537	4.136742
538	4.059203
539	5.562104
540	5.623250
541	3.738087
542	4.058195
543	3.651745
544	2.018416
545	4.603523
546	3.856958
547	4.842420
548	3.279054
549	4.846235
550	4.150447
551	4.417341
552	1.821675
553	2.099671
554	4.398475
555	3.651426
556	2.008011
557	3.476292
558	2.094968
559	1.949978
560	3.527989
561	4.880143
562	3.790566
563	4.646893
564	2.806633
565	2.200222
566	3.539474
567	3.807323
568	5.237308
569	5.372715
570	4.993965
571	4.258226
572	1.833606
573	3.977036
574	3.752026
575	4.889875
576	3.736015
577	1.982074
578	2.729431
579	2.377476
580	1.882175
581	5.265941
582	2.260288
583	1.824801
584	4.721111
585	4.979421
586	4.506068
587	2.801860
588	1.853702
589	3.167093
590	1.865425
591	2.157150
592	2.062713
593	4.158968
594	3.743115
595	3.415040
596	1.900683
597	1.925849
598	3.231640
599	2.221036
600	4.114219
601	4.437520
602	2.565344
603	3.288252
604	1.930023
605	4.582631
606	1.850135
607	3.436189
608	1.983452
609	2.659977
610	2.103973
611	1.882260
612	1.998672
613	4.467145
614	4.359689
615	4.300559
616	4.209229
617	4.958733
618	1.997047
619	2.758184
620	2.364506
621	3.151081
622	1.772031
623	3.447563
624	4.010461
625	2.111350
626	3.408253
627	3.210018
628	1.916950
629	1.950416
630	2.111539
631	3.925013
632	3.839649
633	3.567912
634	4.676386
635	4.331581
636	4.426587
637	2.228770
638	1.884942
639	1.793010
640	1.820469
641	2.302892
642	1.948077
643	1.923669
644	2.105255
645	1.965959
646	2.149463
647	1.953254
648	1.724125
649	1.760285
650	2.071014
651	1.716653
652	3.352270
653	4.341994
654	3.743727
655	4.272307
656	4.106459
657	3.277042
658	3.720872
659	3.599308
660	5.221273
661	3.480274
662	2.036785
663	3.983679
664	2.211175
665	2.912491
666	4.758098
667	3.835544
668	2.393032
669	3.370014
670	4.515406
671	1.890291
672	2.178508
673	2.613310
674	3.846895
675	2.049512
676	3.132463
677	2.045751
678	3.321763
679	2.138925
680	2.085496
681	4.438841
682	3.386088
683	2.002747
684	4.281005
685	3.374036
686	4.245599
687	3.457820
688	3.602414
689	3.586209
690	3.920317
691	4.666241
692	3.780755
693	5.274892
694	2.386081
695	2.470019
696	2.813986
697	1.952047
698	2.096402
699	4.786785
700	1.974970
701	2.025460
702	1.761730
703	1.987613
704	5.457205
705	2.040417
706	3.591479
707	4.247753
708	3.548714
709	2.927542
710	2.603269
711	3.805890
712	3.932851
713	3.266526
714	2.096952
715	3.543838
716	4.301163
717	1.910547
718	5.058478
719	6.958664
720	4.099756
721	3.781880
722	2.129907
723	4.244962
724	4.203106
725	3.848883
726	3.040214
727	3.647260
728	5.231528
729	2.704438
730	3.964605
731	5.018079
732	3.426732
733	2.172855
734	5.184265
735	4.016005
736	3.985644
737	4.055686
738	4.938635
739	3.423128
740	4.586832
741	4.142034
742	2.179426
743	3.594024
744	4.039380
745	3.645969
746	7.721433
747	4.335859
748	3.835492
749	3.530398
750	3.821335
751	4.023590
752	3.666425
753	4.312240
754	3.069510
755	4.423812
756	2.592394
757	1.777328
758	3.057940
759	4.593574
760	1.849784
761	2.498600
762	2.048364
763	1.820715
764	5.237173
765	4.663958
766	2.153529
767	3.285408
768	2.102239
769	3.583868
770	3.445592
771	4.702319
772	3.162863
773	2.750492
774	2.398734
775	1.890131
776	2.804017
777	2.009529
778	1.943062
779	2.582615
780	3.713824
781	1.996720
782	3.839648
783	4.287375
784	1.807930
785	2.226633
786	1.844020
787	2.277036
788	3.997513
789	2.080315
790	2.186800
791	4.920863
792	2.104568
793	1.802392
794	2.014596
795	4.167793
796	3.587548
797	5.770104
798	3.497271
799	5.415773
800	5.270537
801	2.109149
802	2.928652
803	3.448315
804	5.421559
805	5.133613
806	2.682590
807	3.325567
808	3.314137
809	2.329423
810	4.060700
811	1.901032
812	2.603251
813	4.107886
814	3.575069
815	4.737111
816	2.177064
817	3.404543
818	1.972205
819	1.831013
820	1.810775
821	4.773826
822	4.078286
823	2.114425
824	3.223260
825	2.066763
826	1.871095
827	1.994016
828	2.578724
829	1.821923
830	2.870488
831	3.128101
832	1.803164
833	3.530726
834	4.076247
835	3.875011
836	4.176123
837	3.583043
838	1.872402
839	2.050758
840	1.962121
841	1.955556
842	3.100225
843	1.821733
844	2.135673
845	2.107837
846	1.924810
847	5.014716
848	5.385743
849	1.820799
850	3.387167
851	3.797856
852	3.863610
853	2.312832
854	1.766269
855	3.434571
856	2.297174
857	3.358390
858	3.142405
859	4.033303
860	2.979576
861	2.102784
862	2.001226
863	3.845434
864	1.764879
865	4.014733
866	2.393036
867	1.946100
868	4.851752
869	3.347968
870	1.639850
871	2.061315
872	1.803467
873	1.773869
874	3.087736
875	4.291262
876	4.457154
877	5.305675
878	5.042603
879	2.138219
880	1.927303
881	2.039167
882	5.278494
883	3.458861
884	3.965678
885	3.209006
886	4.418993
887	3.454244
888	1.849351
889	2.586694
890	3.488469
891	2.160695
892	1.978433
893	3.456722
894	2.635040
895	3.203200
896	2.827477
897	3.344993
898	2.029182
899	2.613159
900	3.139107
901	3.900516
902	2.169446
903	3.233708
904	2.247555
905	2.035416
906	3.639784
907	3.273848
908	2.045726
909	3.150175
910	3.231158
911	3.445143
912	2.195040
913	3.316672
914	1.847105
915	2.694287
916	3.782023
917	3.071992
918	4.092381
919	3.910654
920	3.837883
921	3.925434
922	3.398527
923	3.464482
924	1.900135
925	4.740079
926	2.500916
927	4.558061
928	4.295599
929	3.920917
930	2.011736
931	1.911988
932	1.812346
933	1.986506
934	3.762459
935	3.609342
936	5.588961
937	6.110456
938	6.134436
939	5.250116
940	4.071832
941	5.295145
942	6.452055
943	6.825582
944	6.430192
945	5.888793
946	6.509693
947	3.927177
948	6.198467
949	5.428551
950	5.613173
951	5.200059
952	4.112191
953	3.760489
954	3.365306
955	3.951124
956	4.884805
957	2.224435
958	2.495375
959	5.181120
960	4.827356
961	2.071064
962	4.082387
963	1.920704
964	4.306670
965	5.087100
966	1.822577
967	2.076293
968	3.697485
969	2.923255
970	4.189163
971	1.701792
972	3.989821
973	4.327133
974	3.786093
975	2.005716
976	3.492131
977	3.235813
978	5.228170
979	4.368806
980	1.879730
981	4.516938
982	1.680328
983	1.908247
984	2.094969
985	2.928364
986	3.834966
987	1.895914
988	3.653391
989	3.514272
990	2.073100
991	2.466554
992	3.407558
993	3.184601
994	3.860126
995	4.474484
996	4.620546
997	5.051147
998	5.618198
999	3.763799
1000	7.244791
1001	3.922145
1002	3.738942
1003	5.212852
1004	3.381021
1005	3.337156
1006	4.905454
1007	4.223388
1008	4.682965
1009	5.003491
1010	5.374429
1011	4.685391
1012	4.756178
1013	4.528345
1014	4.630395
1015	5.071002
1016	3.773442
1017	4.232664
1018	5.324404
1019	2.950167
1020	1.937912
1021	4.145842
1022	5.275651
1023	4.531158
1024	1.986628
1025	1.930730
1026	3.412344
1027	3.505983
1028	3.469152
1029	2.604657
1030	2.209729
1031	3.901295
1032	3.307768
1033	3.637775
1034	2.636403
1035	4.973865
1036	3.273204
1037	3.307264
1038	2.437803
1039	1.821893
1040	1.963926
1041	4.007449
1042	3.273911
1043	1.959105
1044	3.528670
1045	2.889672
1046	3.318390
1047	3.020269
1048	1.979547
1049	2.520337
1050	3.193653
1051	2.916321
1052	4.167720
1053	3.505969
1054	1.748996
1055	4.238746
1056	2.291422
1057	2.586947
1058	3.069426
1059	2.833899
1060	3.111555
1061	3.677852
1062	2.062058
1063	1.989301
1064	2.068743
1065	3.388127
1066	2.352635
1067	2.222179
1068	2.212105
1069	3.290908
1070	2.104039
1071	2.519744
1072	3.633578
1073	7.308650
1074	4.302196
1075	3.911889
1076	4.622907
1077	3.810683
1078	4.632149
1079	3.397780
1080	4.884934
1081	5.086854
1082	4.790790
1083	3.847101
1084	3.031897
1085	3.189072
1086	2.780562
1087	3.645833
1088	2.046899
1089	3.781508
1090	1.914001
1091	3.620569
1092	1.882851
1093	1.919506
1094	1.901602
1095	1.996648
1096	2.312814
1097	1.920295
1098	2.716816
1099	2.198293
1100	3.374522
1101	3.311990
1102	3.747400
1103	1.962266
1104	2.663743
1105	3.810892
1106	3.720763
1107	3.188322
1108	3.796630
1109	2.184581
1110	1.912092
1111	3.404203
1112	3.336781
1113	1.744881
1114	2.792958
1115	3.280792
1116	1.951124
1117	1.944761
1118	3.123026
1119	3.626351
1120	2.948053
1121	2.586444
1122	3.219717
1123	3.642626
1124	1.994287
1125	2.154636
1126	1.979723
1127	2.133497
1128	1.913768
1129	1.752049
1130	1.867483
1131	1.884809
1132	2.112015
1133	1.911522
1134	1.820218
1135	2.256124
1136	2.039806
1137	2.082206
1138	2.989661
1139	3.312131
1140	1.936644
1141	3.665083
1142	1.979597
1143	3.054703
1144	3.397663
1145	1.939118
1146	3.037168
1147	1.805909
1148	1.867053
1149	2.113248
1150	2.074824
1151	2.252728
1152	2.998912
1153	3.111492
1154	3.384581
1155	2.719673
1156	3.317306
1157	3.495840
1158	2.992677
1159	3.565922
1160	3.953504
1161	1.952050
1162	3.124374
1163	3.243653
1164	2.631995
1165	2.265148
1166	1.892982
1167	3.126416
1168	1.901630
1169	3.394594
1170	3.395968
1171	3.602957
1172	3.216239
1173	3.731355
1174	3.978817
1175	3.358725
1176	3.160599
1177	3.325376
1178	2.540035
1179	3.620136
1180	1.736235
1181	4.004712
1182	2.622915
1183	2.553858
1184	3.583092
1185	2.006417
1186	2.198976
1187	4.126963
1188	3.480425
1189	1.856099
1190	2.198499
1191	1.987915
1192	2.301717
1193	2.372194
1194	2.423507
1195	1.930879
1196	1.801362
1197	2.030667
1198	2.115516
1199	1.861320
1200	1.705554
1201	2.130001
1202	5.955584
1203	3.919667
1204	3.914999
1205	4.796710
1206	3.364714
1207	3.559119
1208	3.963251
1209	4.628972
1210	4.033470
1211	4.962292
1212	3.310195
1213	3.360671
1214	3.625757
1215	4.810468
1216	4.671281
1217	3.093878
1218	3.889125
1219	1.928968
1220	3.510687
1221	2.071788
1222	2.281097
1223	2.092129
1224	3.434964
1225	2.962346
1226	4.937016
1227	4.109147
1228	2.757409
1229	3.436946
1230	3.515263
1231	3.666662
1232	3.653572
1233	4.901522
1234	4.028373
1235	4.409546
1236	5.257586
1237	3.312972
1238	2.066130
1239	2.818280
1240	3.459335
1241	2.189267
1242	1.993013
1243	3.931282
1244	1.906935
1245	1.830436
1246	2.282477
1247	1.850540
1248	1.830682
1249	2.779819
1250	3.329100
1251	1.892352
1252	1.826746
1253	2.007738
1254	2.064315
1255	2.009776
1256	2.656539
1257	2.971970
1258	1.966141
1259	2.228812
1260	2.316592
1261	2.063226
1262	3.155963
1263	3.277211
1264	2.400917
1265	2.857010
1266	3.493968
1267	3.548255
1268	3.346237
1269	3.118668
1270	1.920340
1271	3.851510
1272	3.811943
1273	6.546494
1274	5.084350
1275	5.098520
1276	3.342114
1277	4.214239
1278	3.905622
1279	2.029602
1280	4.181301
1281	3.155234
1282	3.201391
1283	2.913863
1284	2.524798
1285	3.294754
1286	3.613684
1287	3.115078
1288	3.838668
1289	2.220922
1290	2.181488
1291	2.209093
1292	2.071135
1293	2.024796
1294	2.543011
1295	2.493129
1296	3.058512
1297	2.196044
1298	1.972634
1299	2.750275
1300	2.811639
1301	3.434254
1302	3.473688
1303	2.037867
1304	2.697739
1305	1.742585
1306	3.243795
1307	2.873967
1308	3.292206
1309	1.858552
1310	1.879390
1311	3.312431
1312	3.274035
1313	3.215756
1314	2.410354
1315	2.069084
1316	2.145997
1317	1.921902
1318	2.903741
1319	2.340683
1320	3.690056
1321	3.910832
1322	1.966139
1323	1.913189
1324	2.097883
1325	3.687886
1326	3.926280
1327	3.971233
1328	2.506847
1329	1.980834
1330	3.473168
1331	3.570069
1332	3.196827
1333	1.916925
1334	2.650475
1335	1.902339
1336	4.063654
1337	2.299649
1338	2.145972
1339	1.740747
1340	1.942501
1341	2.025636
1342	2.071135
1343	1.938786
1344	3.230433
1345	2.213955
1346	2.877635
1347	2.041324
1348	1.843718
1349	2.026355
1350	2.965233
1351	1.997648
1352	2.917276
1353	1.946511
1354	3.532859
1355	3.233034
1356	3.052624
1357	2.124477
1358	3.260722
1359	2.099402
1360	2.348830
1361	2.838063
1362	4.034610
1363	2.830741
1364	2.312443
1365	2.425079
1366	2.077445
1367	2.603264
1368	1.838315
1369	2.055256
1370	4.139782
1371	1.977545
1372	3.387595
1373	2.080527
1374	3.432246
1375	2.639410
1376	3.510983
1377	3.316035
1378	1.719593
1379	3.208645
1380	2.804869
1381	3.464824
1382	2.146762
1383	3.147159
1384	2.051220
1385	3.087427
1386	3.108972
1387	3.801237
1388	4.043496
1389	3.976807
1390	3.737657
1391	3.506833
1392	2.273563
1393	2.272732
1394	2.167970
1395	2.236381
1396	2.002249
1397	1.916612
1398	1.939951
1399	3.037138
1400	3.126584
1401	2.004836
1402	2.073660
1403	2.119648
1404	2.285782
1405	1.858200
1406	1.896048
1407	1.922650
1408	5.175123
1409	1.856125
1410	1.834287
1411	2.006040
1412	1.865852
1413	1.849570
1414	2.126264
1415	2.185910
1416	2.536232
1417	2.156039
1418	1.949200
1419	2.005519
1420	1.873875
1421	1.706398
1422	2.065644
1423	1.957347
1424	3.513031
1425	3.374416
1426	4.871336
1427	5.192952
1428	3.846676
1429	1.941389
1430	5.084805
1431	2.153371
1432	2.076876
1433	1.922292
1434	1.865635
1435	2.076201
1436	2.023610
1437	1.863781
1438	2.256195
1439	2.046532
1440	2.051262
1441	1.767200
1442	1.882423
1443	1.989166
1444	2.048048
1445	2.087801
1446	3.695577
1447	3.960113
1448	2.372527
1449	4.765133
1450	1.985772
1451	3.992453
1452	4.078257
1453	4.100551
1454	3.080486
1455	3.085078
1456	2.722462
1457	3.127714
1458	2.031673
1459	1.907092
1460	1.940333
1461	2.053923
1462	2.373985
1463	1.859544
1464	2.397601
1465	1.898710
1466	1.927850
1467	3.810760
1468	1.766663
1469	5.191090
1470	3.422894
1471	3.821387
1472	4.002763
1473	1.977021
1474	3.553267
1475	1.838040
1476	2.050708
1477	2.011021
1478	1.883988
1479	2.194860
1480	3.925136
1481	3.025820
1482	1.929509
1483	5.238634
1484	4.412284
1485	2.066736
1486	3.567829
1487	1.924608
1488	4.522491
1489	3.434717
1490	3.618304
1491	3.371482
1492	2.027315
1493	4.634318
1494	5.748781
1495	1.855533
1496	2.187122
1497	3.059558
1498	1.910236
1499	1.793909
1500	1.927848
1501	1.798725
1502	4.517756
1503	1.836463
1504	3.910602
1505	2.222879
1506	3.644419
1507	1.828606
1508	3.479722
1509	4.117400
1510	1.676934
1511	1.804301
1512	3.311329
1513	2.198405
1514	2.362242
1515	1.934555
1516	2.175822
1517	1.831776
1518	1.980808
1519	1.730378
1520	2.007708
1521	1.824202
1522	3.998625
1523	1.785189
1524	1.980506
1525	2.162153
1526	3.564730
1527	2.060050
1528	1.886532
1529	1.743275
1530	1.873420
1531	2.034035
1532	1.855210
1533	1.890132
1534	3.432039
1535	1.847189
1536	2.226392
1537	4.033784
1538	3.215353
1539	3.513176
1540	3.376675
1541	1.774654
1542	1.888222
1543	3.457683
1544	3.916361
1545	4.396827
1546	3.535166
1547	1.755504
1548	2.843469
1549	1.962474
1550	1.964614
1551	5.610069
1552	4.649514
1553	3.179514
1554	1.865851
1555	3.262851
1556	1.964817
1557	1.899975
1558	1.806464
1559	1.836979
1560	2.302561
1561	1.827457
1562	1.827404
1563	1.771603
1564	1.771271
1565	2.600326
1566	1.904045
1567	1.728177
1568	2.147415
1569	1.797607
1570	2.152419
1571	1.933291
1572	3.509257
1573	2.105471
1574	2.179428
1575	2.874216
1576	1.984841
1577	1.945740
1578	1.925666
1579	2.368503
1580	1.971040
1581	2.267708
1582	1.910134
1583	2.444344
1584	5.953463
1585	4.920099
1586	3.849691
1587	3.804655
1588	2.031381
1589	1.717848
1590	1.903521
1591	1.977728
1592	1.810883
1593	1.994723
1594	1.932666
1595	1.965580
1596	2.431485
1597	1.901497
1598	2.114003
1599	1.900029
1600	1.779748
1601	3.252614
1602	4.323210
1603	3.698446
1604	4.723074
1605	2.010870
1606	3.936318
1607	4.688763
1608	1.808895
1609	3.855660
1610	4.508883
1611	1.986607
1612	2.262762
1613	2.178990
1614	1.993441
1615	4.081481
1616	1.905490
1617	2.260005
1618	3.054080
1619	3.659900
1620	3.334368
1621	4.365109
1622	6.011431
1623	4.020447
1624	4.394560
1625	3.552187
1626	4.247349
1627	5.530364
1628	3.459408
1629	1.776994
1630	4.333924
1631	2.174719
1632	4.452609
1633	4.531955
1634	1.841903
1635	3.166245
1636	2.193220
1637	4.073843
1638	3.635065
1639	4.407511
1640	5.487608
1641	4.171622
1642	6.394898
1643	1.916063
1644	3.873640
1645	3.627522
1646	4.215494
1647	3.593130
1648	1.963746
1649	2.698594
1650	1.917709
1651	3.845434
1652	4.045451
1653	4.609273
1654	3.564180
1655	4.687012
1656	5.504745
1657	3.129922
1658	4.840165
1659	3.586205
1660	3.928614
1661	1.860704
1662	1.710815
1663	1.868394
1664	1.728959
1665	1.953588
1666	4.457351
1667	1.945308
1668	2.169353
1669	4.182216
1670	1.903523
1671	2.442532
1672	3.487028
1673	2.882165
1674	3.812849
1675	2.013800
1676	3.307116
1677	5.334166
1678	2.039829
1679	3.364284
1680	4.103862
1681	1.921533
1682	3.985281
1683	3.117920
1684	3.944732
1685	1.850428
1686	2.419128
1687	3.646274
1688	2.041789
1689	1.837904
1690	2.180944
1691	1.990322
1692	2.360399
1693	1.749459
1694	2.421757
1695	2.011444
1696	3.341168
1697	3.949440
1698	1.891188
1699	1.844910
1700	2.033000
1701	1.870856
1702	3.646082
1703	4.003157
1704	2.277318
1705	2.062057
1706	2.071374
1707	1.844294
1708	1.940180
1709	1.831534
1710	1.837010
1711	1.747968
1712	3.224858
1713	4.034177
1714	4.019602
1715	2.020247
1716	1.944889
1717	2.143478
1718	1.929375
1719	2.040733
1720	1.716043
1721	1.921046
1722	1.947583
1723	2.052532
1724	1.779607
1725	2.079679
1726	1.942728
1727	1.849704
1728	2.187804
1729	1.839701
1730	1.927691
1731	2.119433
1732	2.187052
1733	1.791143
1734	1.834503
1735	1.907622
1736	4.683131
1737	1.695764
1738	1.920338
1739	2.107531
1740	1.925747
1741	2.045218
1742	1.948326
1743	1.899424
1744	1.731302
1745	1.722466
1746	1.883693
1747	1.949510
1748	1.841685
1749	1.854646
1750	1.912355
1751	1.965530
1752	2.046605
1753	1.931762
1754	1.938944
1755	1.881222
1756	1.932564
1757	2.322520
1758	1.765134
1759	1.948897
1760	1.796746
1761	3.363347
1762	2.581434
1763	1.983379
1764	1.825077
1765	1.772850
1766	1.776147
1767	1.916298
1768	2.377183
1769	1.760166
1770	3.957944
1771	4.647515
1772	4.188863
1773	4.822054
1774	1.949644
1775	3.732196
1776	3.622623
1777	2.417109
1778	2.028545
1779	1.966546
1780	2.805511
1781	1.860456
1782	2.077257
1783	1.763546
1784	1.922550
1785	2.013854
1786	3.483174
1787	2.040711
1788	4.148178
1789	3.644130
1790	4.370596
1791	2.885934
1792	3.157182
1793	2.818970
1794	3.527533
1795	1.649909
1796	3.237545
1797	1.838595
1798	3.816756
1799	5.135863
1800	3.844282
1801	4.718675
1802	4.679982
1803	1.767314
1804	2.201885
1805	4.200310
1806	3.612671
1807	3.993318
1808	4.851279
1809	4.071681
1810	4.876176
1811	3.911749
1812	3.861115
1813	3.831150
1814	3.663579
1815	3.177971
1816	3.684464
1817	4.851868
1818	4.791359
1819	4.808178
1820	3.790647
1821	3.618579
1822	1.794827
1823	5.404378
1824	3.033219
1825	2.817997
1826	5.446733
1827	1.997698
1828	5.014621
1829	4.626595
1830	2.523332
1831	3.389767
1832	1.947539
1833	2.015787
1834	3.330180
1835	3.167145
1836	1.905911
1837	1.818046
1838	5.533013
1839	4.347743
1840	3.571009
1841	3.879114
1842	2.055941
1843	3.886709
1844	5.655777
1845	4.074821
1846	5.373471
1847	3.656198
1848	2.059440
1849	4.623533
1850	4.370053
1851	4.583714
1852	4.117677
1853	3.657336
1854	4.244578
1855	3.927556
1856	1.955301
1857	3.466616
1858	1.928163
1859	5.262044
1860	1.947585
1861	1.764789
1862	3.290287
1863	3.404950
1864	1.817911
1865	1.907377
1866	2.354590
1867	3.882616
1868	4.557687
1869	1.953098
1870	1.975200
1871	1.824367
1872	3.098677
1873	1.792819
1874	4.895765
1875	3.834919
1876	3.467247
1877	4.092981
1878	3.854671
1879	2.421976
1880	2.021735
1881	2.455546
1882	3.394148
1883	3.022004
1884	4.366724
1885	3.881962
1886	3.958207
1887	2.294626
1888	2.076270
1889	4.265982
1890	1.724758
1891	4.662291
1892	3.260562
1893	2.808650
1894	2.012286
1895	2.835669
1896	4.083210
1897	4.551408
1898	3.061801
1899	3.657610
1900	2.261548
1901	5.097740
1902	3.319111
1903	4.468504
1904	3.953401
1905	4.548903
1906	3.203701
1907	4.745503
1908	5.130367
1909	5.215678
1910	3.928203
1911	3.903333
1912	4.325577
1913	2.083216
1914	4.095701
1915	2.878003
1916	2.727278
1917	2.403754
1918	1.897895
1919	3.807969
1920	2.872668
1921	4.462143
1922	2.256766
1923	4.071633
1924	2.074059
1925	4.153087
1926	2.056225
1927	4.160515
1928	4.968081
1929	3.314830
1930	4.026725
1931	5.232101
1932	3.539067
1933	3.306808
1934	3.285556
1935	3.113297
1936	3.397191
1937	3.851716
1938	4.213056
1939	4.504231
1940	3.384282
1941	1.861848
1942	1.950616
1943	2.135695
1944	1.792031
1945	1.973903
1946	1.808670
1947	1.770369
1948	1.926606
1949	3.972475
1950	5.407122
1951	4.052862
1952	3.665081
1953	3.755980
1954	3.740740
1955	5.300671
1956	2.833404
1957	3.579356
1958	3.580817
1959	4.241726
1960	4.636644
1961	5.565438
1962	4.857317
1963	5.071873
1964	4.692823
1965	4.480635
1966	4.658562
1967	1.994915
1968	5.107316
1969	3.919792
1970	3.988944
1971	4.443798
1972	3.885199
1973	4.055456
1974	5.346307
1975	4.055588
1976	4.542366
1977	4.976682
1978	4.293941
1979	5.105470
1980	3.466950
1981	5.176650
1982	5.236084
1983	4.890907
1984	3.772174
1985	6.517107
1986	5.860557
1987	3.444384
1988	3.315719
1989	4.357131
1990	5.255500
1991	5.148898
1992	4.207875
1993	3.776047
1994	4.286779
1995	3.875693
1996	3.938056
1997	3.975664
1998	4.333841
1999	4.522219
2000	5.278885
2001	5.367361
2002	4.007426
2003	5.073746
2004	1.955653
2005	2.526515
2006	1.864427
2007	1.931037
2008	2.202481
2009	1.958416
2010	4.633904
2011	2.110263
2012	1.863465
2013	2.141705
2014	1.867566
2015	1.889814
2016	3.714097
2017	4.801866
2018	4.059779
2019	4.090059
2020	3.740667
2021	4.779456
2022	3.363098
2023	3.314055
2024	1.998846
2025	1.837008
2026	3.164095
2027	2.079180
2028	3.766180
2029	1.891927
2030	2.149348
2031	3.541128
2032	3.801954
2033	4.048486
2034	4.987926
2035	3.977679
2036	4.675664
2037	4.148746
2038	5.967094
2039	6.176780
2040	4.430655
2041	4.262135
2042	1.858093
2043	3.274204
2044	4.247537
2045	4.379336
2046	4.260644
2047	4.722013
2048	5.750940
2049	5.917547
2050	5.587181
2051	4.210897
2052	5.524220
2053	3.998374
2054	2.914275
2055	3.843228
2056	5.795498
2057	3.558725
2058	3.204827
2059	3.177755
2060	4.229762
2061	4.936667
2062	3.387346
2063	6.176324
2064	4.312979
2065	4.025579
2066	4.861491
2067	4.639464
2068	3.035078
2069	4.389691
2070	4.040157
2071	3.410001
2072	5.211694
2073	4.136497
2074	4.668654
2075	3.837253
2076	4.984792
2077	2.577030
2078	5.252856
2079	5.249226
2080	4.633025
2081	4.418162
2082	4.062230
2083	6.058589
2084	3.949339
2085	3.725600
2086	3.711200
2087	4.301589
2088	4.010250
2089	4.529595
2090	3.598907
2091	4.019166
2092	4.270108
2093	3.721803
2094	3.561738
2095	3.821315
2096	3.919820
2097	4.191959
2098	5.168233
2099	3.497805
2100	5.771174
2101	4.326541
2102	4.405784
2103	4.962160
2104	3.886364
2105	4.747586
2106	4.033692
2107	3.980909
2108	3.595821
2109	4.021367
2110	2.024900
2111	4.115510
2112	3.297853
2113	3.625291
2114	4.187325
2115	3.492350
2116	4.080793
2117	4.586193
2118	3.807480
2119	4.154233
2120	4.639354
2121	4.817721
2122	4.731451
2123	4.846613
2124	4.396703
2125	5.065456
2126	3.837110
2127	3.406500
2128	4.031312
2129	3.517158
2130	3.164541
2131	3.855316
2132	5.233978
2133	3.660846
2134	4.010805
2135	3.648495
2136	4.257358
2137	5.753270
2138	3.924616
2139	6.347486
2140	4.468952
2141	4.595540
2142	4.240858
2143	3.611498
2144	5.472858
2145	6.318111
2146	2.655823
2147	3.638390
2148	4.351196
2149	3.961313
2150	4.281056
2151	5.094801
2152	3.592396
2153	3.696403
2154	3.985738
2155	4.738793
2156	1.949286
2157	3.829113
2158	3.815795
2159	5.734883
2160	4.161317
2161	3.673432
2162	4.497124
2163	5.901914
2164	4.022755
2165	4.348286
2166	3.974128
2167	4.205179
2168	4.088055
2169	3.998165
2170	4.280298
2171	4.949114
2172	5.098486
2173	5.371637
2174	3.716030
2175	4.991396
2176	4.044787
2177	3.932895
2178	4.849016
2179	5.776805
2180	3.454158
2181	3.339610
2182	4.820799
2183	4.324945
2184	4.038317
2185	1.851511
2186	1.924939
2187	1.883090
2188	2.173038
2189	1.947404
2190	1.939635
2191	2.028275
2192	1.808818
2193	1.787542
2194	1.957506
2195	1.789919
2196	1.890267
2197	1.980723
2198	1.952055
2199	2.034973
2200	1.822331
2201	1.784741
2202	1.789045
2203	3.381199
2204	2.102705
2205	2.987802
2206	1.941574
2207	2.130591
2208	2.424074
2209	1.838998
2210	1.896816
2211	1.901851
2212	1.927958
2213	1.815130
2214	1.967663
2215	4.872267
2216	2.538877
2217	2.151976
2218	1.831969
2219	2.336575
2220	1.981847
2221	1.911953
2222	1.712891
2223	1.992137
2224	1.728120
2225	1.773727
2226	1.964410
2227	2.011127
2228	1.882926
2229	2.069343
2230	3.607020
2231	3.490299
2232	3.361994
2233	4.877982
2234	4.096109
2235	2.205874
2236	1.920882
2237	1.915039
2238	3.574100
2239	2.175065
2240	2.409540
2241	5.265005
2242	1.793317
2243	1.945274
2244	1.715258
2245	2.205681
2246	1.848597
2247	2.746926
2248	1.997026
2249	4.160571
2250	1.841684
2251	1.915364
2252	2.024331
2253	2.300547
2254	1.901317
2255	3.018571
2256	2.111538
2257	1.781630
2258	1.786478
2259	1.903917
2260	1.985572
2261	4.146760
2262	1.978610
2263	1.904682
2264	4.171728
2265	2.260552
2266	2.102335
2267	4.367625
2268	2.452554
2269	3.432405
2270	3.968097
2271	2.253088
2272	3.970661
2273	4.186371
2274	4.053690
2275	4.788007
2276	4.654146
2277	4.872864
2278	3.643273
2279	3.619414
2280	1.910892
2281	1.846678
2282	1.650874
2283	2.214543
2284	4.156393
2285	4.296926
2286	4.082998
2287	5.042200
2288	4.744741
2289	2.989727
2290	3.345459
2291	3.912303
2292	1.930636
2293	5.362337
2294	3.860065
2295	2.649850
2296	3.688918
2297	3.715544
2298	3.375635
2299	4.481081
2300	2.648792
2301	3.799182
2302	4.390788
2303	4.476528
2304	4.993805
2305	3.696772
2306	3.417313
2307	5.754555
2308	5.411932
2309	3.559721
2310	5.518120
2311	4.119474
2312	4.192049
