0	12.388804
1	12.974858
2	12.685307
3	13.866292
4	12.374559
5	11.588969
6	12.198908
7	12.549391
8	13.042056
9	13.589849
10	13.727496
11	13.632278
12	13.050412
13	13.845789
14	12.657240
15	14.199655
16	11.105748
17	13.676412
18	14.109927
19	15.677604
20	15.582247
21	15.653769
22	15.515764
23	16.524179
24	16.290890
25	15.374306
26	14.681695
27	14.902151
28	16.141533
29	15.905080
30	15.253286
31	15.664959
32	14.659390
33	15.863403
34	16.324793
35	15.274298
36	11.477322
37	13.692776
38	15.007049
39	14.398450
40	15.920620
41	16.253578
42	14.883902
43	13.561756
44	15.369676
45	15.788873
46	15.326690
47	14.535672
48	15.329180
49	15.371859
50	14.931163
51	13.923833
52	13.601689
53	14.331123
54	13.320963
55	14.148985
56	14.363527
57	14.708677
58	15.530731
59	14.352100
60	13.556524
61	14.447887
62	15.012427
63	14.851025
64	13.837623
65	15.012708
66	14.094058
67	15.222253
68	15.156747
69	15.768568
70	15.192351
71	14.108504
72	14.437313
73	15.646304
74	14.272960
75	15.891525
76	15.419149
77	14.568079
78	14.470545
79	14.552548
80	14.376293
81	14.680539
82	14.565674
83	13.883009
84	14.435244
85	15.186250
86	14.537466
87	13.759757
88	14.900033
89	15.145832
90	14.037365
91	14.959823
92	15.799078
93	14.970954
94	13.903701
95	14.537145
96	15.045441
97	15.802017
98	14.756125
99	14.134530
100	15.051226
101	13.547262
102	14.625634
103	15.084370
104	15.232660
105	14.943702
106	14.962309
107	14.587572
108	13.104507
109	13.770218
110	13.569118
111	12.874776
112	14.854441
113	14.709064
114	14.087729
115	14.671148
116	14.500014
117	15.390943
118	14.498909
119	14.871993
120	14.733622
121	15.592393
122	14.975158
123	15.132503
124	14.346092
125	14.843188
126	14.093327
127	14.468273
128	14.438598
129	15.504800
130	13.859550
131	14.715038
132	14.234429
133	14.712991
134	15.862588
135	14.498340
136	14.920980
137	14.982829
138	14.321795
139	15.554663
140	14.970673
141	14.127848
142	15.019146
143	15.812687
144	14.112609
145	15.343232
146	15.965419
147	15.842820
148	15.911142
149	15.709948
150	15.536119
151	16.291080
152	16.369001
153	16.365110
154	16.043436
155	16.061554
156	16.435854
157	16.418375
158	16.232960
159	15.566901
160	15.399300
161	14.996235
162	15.889399
163	15.088808
164	15.489407
165	14.491826
166	15.847895
167	16.403522
168	15.318528
169	15.381696
170	16.217159
171	15.287687
172	15.843719
173	15.693710
174	16.121296
175	15.563518
176	15.149051
177	15.897601
178	15.372192
179	14.110212
180	14.490762
181	12.876313
182	16.084864
183	15.322275
184	14.826305
185	15.139587
186	15.386582
187	15.516706
188	15.917915
189	15.397356
190	15.962734
191	14.936702
192	14.862411
193	15.288716
194	14.977683
195	14.555511
196	15.352155
197	15.522953
198	15.214542
199	15.020205
200	14.944125
201	13.918886
202	14.864433
203	15.961217
204	16.221416
205	15.960917
206	15.551662
207	15.652308
208	16.315504
209	14.133351
210	15.491254
211	14.129743
212	13.531337
213	16.006838
214	15.647532
215	14.979651
216	14.896627
217	14.922174
218	15.761579
219	15.423968
220	15.464934
221	16.440586
222	15.140305
223	15.091977
224	15.602581
225	15.778811
226	15.779758
227	15.404558
228	16.071604
229	15.254700
230	14.663239
231	14.919025
232	13.445901
233	14.701960
234	14.946769
235	14.688373
236	14.724721
237	14.320456
238	14.935712
239	15.572494
240	14.867985
241	15.683334
242	14.188622
243	14.761100
244	16.394014
245	15.278769
246	15.192361
247	16.317862
248	15.988178
249	15.051475
250	15.453520
251	15.883306
252	16.725775
253	15.677922
254	15.417434
255	15.962797
256	15.067334
257	15.215102
258	15.469432
259	16.150896
260	16.458797
261	14.820776
262	15.427684
263	15.642269
264	15.383132
265	15.616982
266	15.254092
267	14.984178
268	15.862413
269	16.007118
270	15.553534
271	16.551535
272	16.297497
273	15.555412
274	15.291729
275	16.268410
276	16.059807
277	16.271301
278	15.197431
279	15.890703
280	15.878894
281	15.883937
282	16.312759
283	15.986005
284	16.015213
285	15.551055
286	16.035095
287	15.619681
288	15.635347
289	15.525754
290	15.607204
291	14.773354
292	16.065929
293	15.336527
294	15.164899
295	15.796067
296	16.047909
297	14.631320
298	16.139536
299	15.845394
300	14.836325
301	15.717934
302	16.204250
303	16.119858
304	15.488919
305	15.937433
306	14.966874
307	15.063710
308	14.641789
309	15.414881
310	15.988899
311	16.224674
312	16.223169
313	14.777802
314	16.285082
315	15.976401
316	16.347862
317	15.660881
318	14.429286
319	15.840686
320	15.341670
321	15.060445
322	14.377817
323	15.977075
324	16.772799
325	15.018018
326	14.054416
327	13.837850
328	14.997057
329	13.408458
330	13.967700
331	14.032395
332	14.270462
333	15.205494
334	14.747978
335	15.323986
336	15.806230
337	16.395445
338	15.826216
339	15.663178
340	16.147266
341	14.438480
342	15.763469
343	15.447777
344	15.388465
345	15.914907
346	16.024584
347	15.762888
348	15.416088
349	14.837296
350	16.806488
351	15.729162
352	16.188171
353	15.485557
354	15.745807
355	16.322393
356	15.439498
357	16.007456
358	15.135260
359	15.851233
360	15.701342
361	15.944220
362	15.869537
363	15.285425
364	16.688644
365	16.092340
366	16.107519
367	15.479931
368	16.079321
369	15.821259
370	15.539431
371	15.690743
372	15.729578
373	15.316555
374	15.423992
375	15.466337
376	15.970340
377	14.808448
378	15.015333
379	15.476568
380	15.038021
381	16.960663
382	16.047077
383	15.933990
384	15.643583
385	15.973798
386	16.367485
387	16.193634
388	14.791707
389	15.633035
390	15.979733
391	16.024336
392	15.315029
393	15.635531
394	15.210485
395	15.661436
396	15.488375
397	16.161026
398	15.601353
399	15.357160
400	16.443642
401	14.952460
402	14.692977
403	15.471477
404	16.599325
405	15.834351
406	15.323719
407	15.852407
408	15.091784
409	15.940905
410	15.747969
411	16.341450
412	15.901818
413	15.821077
414	15.474736
415	16.155102
416	14.671500
417	15.219519
418	15.422302
419	15.479515
420	15.547853
421	15.187795
422	15.341896
423	16.208086
424	16.188593
425	14.547304
426	16.017006
427	14.903117
428	14.315576
429	15.745653
430	15.813269
431	14.555882
432	14.791059
433	14.068352
434	14.139663
435	14.350102
436	14.075730
437	15.138340
438	14.473610
439	14.915449
440	15.208191
441	14.163306
442	14.582584
443	14.319575
444	15.659186
445	15.289849
446	13.055913
447	13.284737
448	14.744883
449	15.015113
450	11.889551
451	12.665049
452	13.372252
453	12.847014
454	13.463098
455	13.725309
456	12.915842
457	13.565950
458	12.732608
459	12.061660
460	12.881061
461	11.832314
462	11.896407
463	13.669794
464	13.153279
465	12.628579
466	12.301239
467	11.921567
468	13.114454
469	13.739100
470	14.045542
471	12.797930
472	12.301298
473	12.519225
474	12.483506
475	13.191117
476	12.076216
477	13.439229
478	12.057601
479	12.924942
480	12.557029
481	13.255331
482	13.034245
483	12.763991
484	12.656968
485	13.738742
486	13.342821
487	12.076134
488	12.255796
489	12.685821
490	12.423954
491	13.679021
492	12.739626
493	12.428889
494	13.661828
495	13.338566
496	12.854218
497	13.485044
498	13.518496
499	13.044632
500	12.032665
501	12.022002
502	13.640896
503	12.022602
504	12.732930
505	13.146791
506	12.414167
507	12.819434
508	12.283705
509	12.841373
510	12.003710
511	12.896575
512	13.108184
513	12.943730
514	13.497665
515	12.865376
516	12.984705
517	12.746060
518	12.265860
519	12.410114
520	10.610646
521	12.497571
522	12.525389
523	11.821524
524	10.349199
525	13.233337
526	12.866086
527	12.132357
528	13.650673
529	13.728928
530	13.633155
531	12.844893
532	11.485550
533	11.980352
534	11.534699
535	11.896588
536	12.826605
537	12.990312
538	11.999587
539	11.227138
540	10.798102
541	13.573404
542	12.846091
543	11.281174
544	10.562123
545	12.324433
546	11.651852
547	12.612796
548	10.786200
549	11.150072
550	10.853148
551	10.901858
552	11.292029
553	10.486310
554	10.555352
555	11.153356
556	10.115717
557	11.122252
558	10.063109
559	12.494781
560	11.765480
561	13.075018
562	12.938628
563	13.355502
564	13.284461
565	13.771521
566	13.467790
567	13.302186
568	12.917495
569	11.613205
570	11.922398
571	11.708993
572	13.489545
573	10.980775
574	13.730056
575	12.017997
576	9.203074
577	8.831952
578	10.903234
579	9.584657
580	9.487950
581	11.562947
582	10.605675
583	9.519669
584	11.463710
585	8.936314
586	8.746873
587	9.806313
588	9.467016
589	12.039140
590	15.320183
591	17.280239
592	15.528843
593	11.138134
594	10.361147
595	10.879235
596	11.539675
597	13.128874
598	12.533431
599	12.450708
600	12.567714
601	13.989820
602	12.447532
603	12.815843
604	11.984278
605	15.685985
606	13.996655
607	14.713836
608	14.288347
609	13.182969
610	13.754814
611	11.721168
612	13.492510
613	13.632145
614	12.799879
615	14.078799
616	13.084862
617	15.409236
618	13.262313
619	16.551769
620	13.837955
621	14.806532
622	14.194499
623	14.661556
624	12.777126
625	12.911987
626	14.281700
627	13.937205
628	13.914598
629	14.156208
630	13.993061
631	13.760678
632	14.475295
633	14.045697
634	12.769889
635	14.213214
636	13.803081
637	13.389551
638	14.047921
639	13.956745
640	13.912587
641	12.967135
642	13.889002
643	12.268531
644	13.952676
645	14.275117
646	16.509253
647	13.922951
648	12.446082
649	14.430892
650	15.158621
651	13.813234
652	13.826717
653	12.161930
654	13.204428
655	13.890197
656	13.679157
657	12.040442
658	12.666086
659	12.364984
660	12.191548
661	11.049477
662	12.557528
663	12.287006
664	13.215055
665	13.296747
666	13.739441
667	13.920174
668	13.746435
669	12.160738
670	12.554285
671	12.823128
672	14.126753
673	13.469673
674	13.541406
675	13.885608
676	14.074153
677	12.957254
678	13.944297
679	12.693971
680	13.138957
681	13.943662
682	13.422568
683	13.230700
684	13.071575
685	13.355727
686	13.288628
687	14.523353
688	13.346645
689	12.544091
690	13.561373
691	13.516816
692	13.773432
693	13.644051
694	13.757950
695	14.259757
696	14.080683
697	13.482471
698	14.256189
699	13.835079
700	14.033135
701	12.648226
702	13.977938
703	13.709455
704	12.868143
705	13.731726
706	12.242646
707	13.120005
708	13.242032
709	14.208591
710	12.577030
711	14.066872
712	13.540953
713	14.240635
714	13.573036
715	14.161586
716	14.105187
717	13.549870
718	13.865386
719	13.813359
720	13.176434
721	12.912297
722	13.698591
723	14.499803
724	15.249624
725	14.993375
726	14.081156
727	13.151681
728	14.086056
729	14.302869
730	14.382795
731	13.810158
732	14.465802
733	13.222764
734	14.660499
735	12.787513
736	12.216195
737	12.702227
738	12.212955
739	12.220457
740	12.021623
741	12.477234
742	13.432312
743	12.836978
744	12.578324
745	11.992670
746	13.818864
747	12.711056
748	13.359434
749	13.646762
750	13.280434
751	13.807022
752	14.027925
753	13.270818
754	12.426442
755	12.792944
756	13.761920
757	12.333974
758	13.203839
759	14.495976
760	12.527321
761	13.717951
762	13.256507
763	12.580662
764	13.676291
765	12.693377
766	12.681558
767	13.740163
768	12.924835
769	12.478863
770	11.501767
771	13.771227
772	13.139425
773	13.338904
774	12.921122
775	13.649537
776	12.544102
777	12.422563
778	12.800282
779	11.642100
780	12.535093
781	13.073185
782	12.626139
783	12.912877
784	12.783575
785	12.875766
786	13.471949
787	13.440089
788	13.288642
789	12.961409
790	13.735272
791	13.127323
792	14.132317
793	13.396588
794	12.449664
795	12.557488
796	12.994040
797	12.583486
798	12.761242
799	13.708516
800	12.740157
801	13.241540
802	12.884956
803	12.538299
804	13.212685
805	12.917077
806	13.122135
807	12.905289
808	11.664530
809	12.788612
810	13.635451
811	13.355104
812	12.230511
813	13.775570
814	11.283346
815	11.333514
816	13.446507
817	13.034430
818	13.851697
819	14.273667
820	13.762416
821	12.480405
822	13.366678
823	12.794647
824	13.199304
825	13.008112
826	13.634809
827	13.768399
828	14.199387
829	13.329558
830	12.966393
831	12.642056
832	12.805804
833	13.258537
834	12.218449
835	13.580066
836	12.560326
837	13.448067
838	12.928652
839	12.116328
840	12.567899
841	13.945956
842	12.344913
843	12.865230
844	11.638274
845	13.067222
846	13.198825
847	13.580667
848	12.874019
849	12.622785
850	12.361013
851	12.910855
852	13.075063
853	14.177167
854	12.910573
855	12.188589
856	12.441465
857	13.057524
858	12.432655
859	12.458364
860	13.712158
861	13.273246
862	12.274605
863	12.771196
864	12.469572
865	14.431540
866	12.863260
867	13.105839
868	13.392240
869	14.107971
870	13.318417
871	13.139449
872	13.629639
873	13.914712
874	13.467267
875	13.098117
876	12.533187
877	12.319449
878	12.352055
879	13.408420
880	13.474612
881	13.654380
882	12.617260
883	12.517797
884	12.556657
885	13.679111
886	13.383251
887	12.914095
888	12.440780
889	12.367264
890	11.927505
891	12.835966
892	12.382246
893	12.942585
894	13.369530
895	12.527796
896	13.348282
897	12.878454
898	12.788563
899	12.569352
900	12.125213
901	12.594534
902	12.954008
903	12.368155
904	13.404666
905	12.716291
906	13.598068
907	12.773966
908	13.320317
909	13.665906
910	13.544946
911	12.640167
912	14.629229
913	13.207177
914	12.777077
915	12.552746
916	13.011050
917	12.297820
918	12.651761
919	12.828254
920	13.011451
921	13.130243
922	12.090500
923	12.560662
924	12.582294
925	13.426906
926	12.659502
927	11.859868
928	13.610897
929	11.464279
930	10.834049
931	12.734363
932	12.452566
933	12.914563
934	13.191792
935	13.695989
936	13.223021
937	11.576221
938	10.809871
939	12.103214
940	11.175067
941	12.982222
942	9.114570
943	9.642685
944	9.060216
945	10.347103
946	9.757302
947	9.830820
948	10.121847
949	8.009749
950	8.010555
951	6.366805
952	7.997818
953	9.993428
954	9.177200
955	9.395847
956	9.435920
957	8.859424
958	9.644945
959	8.821055
960	7.148160
961	7.574039
962	6.974274
963	6.504221
964	6.572101
965	7.063901
966	8.106905
967	9.569245
968	6.932093
969	8.316162
970	9.087868
971	7.839616
972	9.376678
973	8.099139
974	8.890152
975	7.231888
976	8.390592
977	7.419366
978	9.392242
979	7.473137
980	7.468294
981	6.919458
982	8.647930
983	8.817190
984	6.972082
985	7.563503
986	7.513069
987	9.527400
988	6.112963
989	6.894097
990	7.107447
991	8.042146
992	6.898363
993	8.705872
994	9.658148
995	8.564602
996	7.089271
997	8.091704
998	8.613556
999	8.649796
1000	9.021831
1001	6.730210
1002	9.018764
1003	7.161181
1004	8.779013
1005	7.355992
1006	8.739288
1007	6.449415
1008	9.177804
1009	8.331000
1010	8.055790
1011	9.632672
1012	7.996513
1013	7.761837
1014	9.316940
1015	9.651329
1016	8.438312
1017	9.501597
1018	9.415533
1019	9.013223
1020	5.761844
1021	5.375141
1022	7.191526
1023	7.980911
1024	7.914537
1025	5.693306
1026	5.709545
1027	7.940634
1028	7.616073
1029	6.532814
1030	7.685898
1031	7.574703
1032	7.134383
1033	7.850996
1034	8.445811
1035	7.462556
1036	9.830517
1037	11.444950
1038	10.643442
1039	9.683912
1040	10.034193
1041	11.083074
1042	10.754112
1043	10.633181
1044	10.074389
1045	9.983535
1046	10.777703
1047	10.300174
1048	8.810502
1049	10.326333
1050	9.921603
1051	8.886400
1052	8.713584
1053	10.195612
1054	9.729098
1055	9.980361
1056	10.327504
1057	9.557627
1058	9.814675
1059	9.175149
1060	8.708135
1061	9.307323
1062	10.657779
1063	9.617639
1064	9.106371
1065	8.762995
1066	9.452085
1067	11.075280
1068	10.704343
1069	11.065581
1070	9.157250
1071	9.630453
1072	9.885473
1073	8.923066
1074	9.581928
1075	9.436558
1076	9.611605
1077	9.683214
1078	10.070759
1079	9.633455
1080	10.420754
1081	10.469882
1082	9.618944
1083	10.018424
1084	9.909823
1085	8.877648
1086	10.092316
1087	9.147446
1088	10.839272
1089	10.298357
1090	11.669197
1091	11.435008
1092	9.486117
1093	9.407730
1094	10.284178
1095	10.066705
1096	8.422097
1097	7.283021
1098	7.399879
1099	8.147053
1100	9.799866
1101	9.530264
1102	8.721435
1103	8.877727
1104	8.152452
1105	9.528262
1106	10.074260
1107	9.750210
1108	10.174465
1109	10.600518
1110	9.942121
1111	10.220937
1112	9.673172
1113	9.480186
1114	9.089485
1115	10.055475
1116	9.663808
1117	9.050265
1118	9.375477
1119	10.272553
1120	9.981164
1121	10.588353
1122	10.027809
1123	9.870402
1124	9.429497
1125	8.958599
1126	8.921648
1127	8.785888
1128	9.359129
1129	11.128921
1130	9.570844
1131	9.532098
1132	9.015123
1133	9.927087
1134	9.110202
1135	10.643008
1136	9.524040
1137	9.502562
1138	11.002881
1139	10.010185
1140	10.110335
1141	10.507607
1142	10.031642
1143	10.086480
1144	9.793742
1145	10.893397
1146	9.816079
1147	10.253633
1148	9.870371
1149	8.925484
1150	9.842933
1151	9.360642
1152	8.455542
1153	8.618552
1154	8.573802
1155	10.217335
1156	9.263850
1157	8.345172
1158	8.345778
1159	7.752386
1160	8.266830
1161	7.118469
1162	7.320098
1163	7.232527
1164	8.734136
1165	8.222853
1166	7.607372
1167	7.935553
1168	9.428665
1169	7.966066
1170	7.209640
1171	8.939047
1172	8.083231
1173	7.463713
1174	7.802179
1175	6.867974
1176	8.519828
1177	7.829386
1178	8.773618
1179	7.779150
1180	7.526629
1181	7.111490
1182	7.677123
1183	7.472833
1184	8.197609
1185	8.405633
1186	7.445430
1187	6.792503
1188	9.187737
1189	7.510597
1190	7.729118
1191	6.482061
1192	8.032696
1193	7.726201
1194	7.355237
1195	8.067968
1196	8.046386
1197	10.254629
1198	7.597456
1199	6.301883
1200	7.796516
1201	6.817285
1202	8.790164
1203	9.296423
1204	7.079020
1205	7.771642
1206	7.584499
1207	6.889855
1208	6.942304
1209	6.768267
1210	6.457252
1211	6.420039
1212	7.255136
1213	7.127279
1214	7.928874
1215	8.388917
1216	7.580748
1217	7.256024
1218	5.927579
1219	7.751088
1220	5.961594
1221	5.788718
1222	7.461810
1223	6.627775
1224	6.110931
1225	5.693872
1226	6.262091
1227	6.953953
1228	7.301472
1229	8.791074
1230	7.098999
1231	7.559401
1232	7.962451
1233	6.842669
1234	7.485080
1235	8.217565
1236	8.136029
1237	7.193790
1238	5.539610
1239	7.384274
1240	7.467993
1241	6.119200
1242	8.421858
1243	7.585591
1244	6.308351
1245	7.815407
1246	7.775258
1247	7.422027
1248	7.734921
1249	6.606503
1250	7.827521
1251	7.890106
1252	8.241523
1253	6.802880
1254	7.181817
1255	5.934619
1256	7.063561
1257	7.157185
1258	8.974016
1259	6.637778
1260	7.775609
1261	6.373335
1262	8.530780
1263	8.235271
1264	8.603087
1265	8.101085
1266	8.580892
1267	7.217680
1268	8.176266
1269	7.107130
1270	6.757936
1271	5.870213
1272	6.090206
1273	7.251876
1274	8.858327
1275	6.368839
1276	8.598162
1277	5.981797
1278	8.878122
1279	8.066759
1280	8.279286
1281	7.322083
1282	6.649501
1283	7.121728
1284	7.764914
1285	6.927527
1286	8.154611
1287	8.720510
1288	8.930437
1289	9.861241
1290	8.039184
1291	9.745280
1292	8.569488
1293	8.840979
1294	7.193838
1295	6.705221
1296	7.960264
1297	8.506775
1298	8.846758
1299	7.905421
1300	7.514294
1301	9.785605
1302	9.674461
1303	9.448942
1304	10.089977
1305	8.315943
1306	9.739693
1307	9.707898
1308	8.595958
1309	9.547568
1310	10.256757
1311	9.424023
1312	9.515562
1313	8.590992
1314	8.863159
1315	8.609009
1316	10.611439
1317	9.184557
1318	8.803279
1319	9.987937
1320	9.067777
1321	9.353699
1322	8.915504
1323	8.372846
1324	9.142899
1325	8.515327
1326	9.097652
1327	9.885490
1328	8.899551
1329	9.586238
1330	9.335379
1331	9.706622
1332	9.617556
1333	9.128803
1334	9.919080
1335	8.877913
1336	8.535563
1337	8.507758
1338	8.380776
1339	10.689360
1340	9.831911
1341	8.942379
1342	9.951285
1343	10.188254
1344	10.120538
1345	9.451307
1346	9.167047
1347	8.292872
1348	7.926570
1349	9.693757
1350	9.374041
1351	10.292963
1352	8.613258
1353	8.813399
1354	9.221436
1355	9.339860
1356	9.632035
1357	9.066961
1358	9.195832
1359	10.112299
1360	8.542061
1361	9.407302
1362	9.109874
1363	9.996284
1364	10.239777
1365	9.696048
1366	9.303817
1367	8.593801
1368	9.276746
1369	8.885506
1370	9.893098
1371	8.043831
1372	8.707550
1373	10.159932
1374	9.239529
1375	10.625263
1376	9.540681
1377	10.006568
1378	10.118981
1379	9.327249
1380	9.735674
1381	9.350465
1382	8.602825
1383	9.453693
1384	8.948264
1385	8.566826
1386	9.138320
1387	9.331485
1388	8.921286
1389	9.563002
1390	9.658043
1391	9.595260
1392	9.067797
1393	8.147599
1394	9.162259
1395	9.754457
1396	10.403261
1397	9.558420
1398	7.418490
1399	10.453386
1400	9.310929
1401	8.163908
1402	9.777824
1403	9.229973
1404	9.997224
1405	9.788876
1406	8.977916
1407	10.120245
1408	10.023706
1409	9.095103
1410	7.612607
1411	9.694172
1412	9.127479
1413	9.626731
1414	9.628422
1415	9.660668
1416	9.806454
1417	9.888863
1418	8.945555
1419	8.742225
1420	8.794426
1421	8.078372
1422	8.361215
1423	8.802791
1424	9.123235
1425	9.630332
1426	8.258741
1427	9.084739
1428	9.766717
1429	9.630374
1430	9.569311
1431	9.997807
1432	10.014380
1433	9.009252
1434	9.421650
1435	9.412536
1436	9.935273
1437	9.161911
1438	8.515127
1439	9.644947
1440	9.474075
1441	9.423512
1442	8.720383
1443	8.977984
1444	8.453715
1445	9.367640
1446	9.114155
1447	10.210532
1448	9.819388
1449	9.742612
1450	9.851985
1451	10.055964
1452	8.554184
1453	9.636777
1454	9.500160
1455	8.904619
1456	9.138429
1457	9.479866
1458	9.421493
1459	10.132918
1460	9.414485
1461	8.999033
1462	9.488673
1463	10.238584
1464	8.463413
1465	9.756418
1466	8.992380
1467	9.862114
1468	9.558682
1469	9.241354
1470	9.901198
1471	10.173382
1472	9.536776
1473	10.537009
1474	9.199330
1475	9.776031
1476	10.407862
1477	8.333030
1478	10.394039
1479	9.618772
1480	9.438079
1481	8.752222
1482	9.053574
1483	9.007279
1484	9.246924
1485	9.371542
1486	9.036961
1487	9.635984
1488	9.293810
1489	9.293242
1490	8.777372
1491	10.145245
1492	10.040882
1493	10.013103
1494	9.443288
1495	8.735253
1496	8.912441
1497	9.097533
1498	9.825946
1499	11.079932
1500	10.171027
1501	8.871991
1502	9.178785
1503	9.639757
1504	8.623026
1505	8.858190
1506	9.231354
1507	8.867243
1508	8.785676
1509	9.853937
1510	10.135942
1511	9.725688
1512	8.958152
1513	10.294374
1514	10.446362
1515	10.773046
1516	9.251574
1517	9.377170
1518	9.185746
1519	10.441588
1520	9.926960
1521	9.446668
1522	9.015973
1523	9.948433
1524	9.214310
1525	10.338699
1526	10.001723
1527	9.687833
1528	9.871296
1529	9.849949
1530	8.476933
1531	10.230016
1532	9.718143
1533	9.376807
1534	8.502722
1535	8.337511
1536	8.895269
1537	8.391776
1538	10.680041
1539	8.968362
1540	9.333454
1541	10.290606
1542	9.644288
1543	9.586208
1544	9.190202
1545	9.855424
1546	8.258842
1547	9.732698
1548	10.047907
1549	8.840867
1550	8.528882
1551	9.909922
1552	9.397473
1553	9.097971
1554	10.073728
1555	9.407571
1556	9.705412
1557	8.241370
1558	8.988872
1559	8.511688
1560	9.117332
1561	9.220786
1562	9.010439
1563	9.673894
1564	9.982758
1565	9.493990
1566	9.457174
1567	8.922988
1568	8.814290
1569	9.790411
1570	8.795169
1571	7.505661
1572	10.088321
1573	9.065922
1574	9.551732
1575	9.204700
1576	9.473022
1577	8.471706
1578	8.393123
1579	8.698478
1580	10.447495
1581	9.015649
1582	10.040104
1583	8.181455
1584	9.060552
1585	9.798090
1586	8.873134
1587	9.352863
1588	9.164556
1589	8.708898
1590	9.401969
1591	9.328216
1592	8.987336
1593	9.098328
1594	9.529464
1595	8.859899
1596	8.554173
1597	8.461327
1598	8.338981
1599	8.776229
1600	7.466628
1601	8.950502
1602	9.654065
1603	9.956113
1604	9.301749
1605	8.322317
1606	8.827894
1607	9.597601
1608	9.044343
1609	8.765072
1610	9.788411
1611	8.319857
1612	9.524206
1613	9.609523
1614	9.213691
1615	9.031507
1616	9.431339
1617	9.583867
1618	9.979664
1619	9.776420
1620	9.446106
1621	8.552361
1622	9.044982
1623	8.797670
1624	10.335889
1625	9.496742
1626	8.296232
1627	10.092903
1628	9.579253
1629	10.052427
1630	9.326677
1631	8.466978
1632	10.050263
1633	9.253481
1634	9.327884
1635	9.208708
1636	10.748201
1637	9.618621
1638	9.075956
1639	9.914243
1640	8.967279
1641	8.810789
1642	10.235799
1643	9.409000
1644	8.575005
1645	9.332471
1646	9.945931
1647	9.722650
1648	9.727943
1649	9.178197
1650	7.856445
1651	8.731586
1652	9.135627
1653	8.359550
1654	9.028001
1655	8.824313
1656	9.715051
1657	8.283006
1658	9.253637
1659	8.617267
1660	9.569980
1661	9.124440
1662	9.276173
1663	9.016562
1664	9.509917
1665	8.350186
1666	9.431802
1667	10.110840
1668	9.613771
1669	8.718679
1670	9.397558
1671	9.802168
1672	9.800612
1673	8.636464
1674	9.934641
1675	10.339857
1676	8.800289
1677	9.276100
1678	9.219333
1679	9.900981
1680	8.507352
1681	9.444707
1682	7.642167
1683	7.061423
1684	7.954120
1685	5.171865
1686	6.282087
1687	5.320206
1688	6.209058
1689	5.451532
1690	7.804901
1691	8.197057
1692	8.447618
1693	6.557179
1694	5.674936
1695	8.199419
1696	8.247248
1697	8.695368
1698	6.612335
1699	7.051736
1700	7.477380
1701	8.734971
1702	9.170203
1703	8.199913
1704	7.117437
1705	8.242429
1706	8.743026
1707	6.440379
1708	5.971851
1709	7.994816
1710	7.064200
1711	8.285806
1712	7.267632
1713	8.191546
1714	7.292326
1715	7.860304
1716	8.590181
1717	10.011784
1718	10.762874
1719	10.388882
1720	8.005075
1721	6.767952
1722	6.816488
1723	7.361177
1724	7.616069
1725	8.518888
1726	7.078006
1727	8.346624
1728	8.615428
1729	7.897359
1730	7.432648
1731	7.509981
1732	7.447476
1733	8.164812
1734	7.747143
1735	7.793134
1736	7.781854
1737	6.770648
1738	7.529902
1739	8.058537
1740	8.142850
1741	8.323763
1742	6.719412
1743	7.438242
1744	5.530588
1745	8.178926
1746	8.297155
1747	9.568993
1748	5.103745
1749	7.835160
1750	6.177690
1751	6.541378
1752	7.483878
1753	7.540862
1754	9.226516
