0	1.847622
1	2.898741
2	2.950746
3	3.095981
4	2.189497
5	2.483647
6	2.633534
7	2.848262
8	2.668690
9	2.668651
10	2.431419
11	2.771585
12	2.823014
13	3.642485
14	3.146887
15	3.220635
16	2.596152
17	2.746580
18	2.881771
19	2.603538
20	2.871968
21	2.829312
22	2.858038
23	2.741059
24	3.014117
25	2.521071
26	2.404289
27	3.069153
28	3.242234
29	2.915441
30	3.368518
31	3.121585
32	2.624538
33	2.750089
34	3.132493
35	3.019736
36	2.552296
37	2.753524
38	2.036394
39	2.174533
40	1.839131
41	1.834068
42	1.702497
43	1.900868
44	1.912850
45	1.993190
46	1.823625
47	1.823706
48	1.937991
49	1.894440
50	1.813672
51	1.844208
52	1.741523
53	1.845914
54	1.897920
55	1.722730
56	1.938168
57	2.189179
58	1.962651
59	1.804798
60	1.984594
61	2.240737
62	2.062645
63	1.996246
64	2.090599
65	1.847892
66	1.773048
67	2.289320
68	1.808147
69	1.863142
70	2.233673
71	1.752312
72	2.280724
73	2.108768
74	1.854967
75	1.937934
76	1.746943
77	2.140397
78	1.747944
79	1.942834
80	1.772062
81	2.005914
82	2.094018
83	1.912120
84	1.803800
85	1.991130
86	1.805685
87	1.854079
88	1.891721
89	1.730117
90	1.972285
91	1.919010
92	1.913867
93	1.914416
94	2.045336
95	1.760142
96	1.952690
97	1.754793
98	1.868103
99	1.767314
100	2.189385
101	1.798138
102	1.928029
103	1.829754
104	1.817744
105	1.768728
106	1.801194
107	1.932046
108	1.846778
109	1.922523
110	1.811020
111	1.919115
112	1.917835
113	1.928807
114	1.923408
115	1.822882
116	1.694375
117	1.872778
118	1.810691
119	1.855506
120	1.802053
121	1.916719
122	1.775305
123	1.984214
124	1.925123
125	2.130119
126	1.756076
127	1.717264
128	1.936725
129	1.874192
130	2.056427
131	1.992911
132	1.703995
133	1.859087
134	2.088634
135	1.796997
136	1.837444
137	2.000672
138	1.793490
139	1.916327
140	1.913400
141	1.824199
142	1.673377
143	2.035707
144	1.803803
145	1.813144
146	1.757898
147	2.561015
148	1.872485
149	1.962980
150	2.098902
151	1.733812
152	1.795799
153	1.691626
154	1.882259
155	1.817749
156	1.665892
157	2.372548
158	1.811353
159	2.040515
160	1.754651
161	2.138128
162	1.869116
163	1.709798
164	2.007061
165	2.118536
166	1.975371
167	1.787428
168	1.687987
169	1.902236
170	1.966746
171	1.719158
172	1.992311
173	2.256546
174	1.822250
175	1.832512
176	1.682234
177	1.931295
178	1.809559
179	1.782807
180	1.885154
181	1.990652
182	1.781180
183	1.798137
184	1.931243
185	1.863063
186	2.069685
187	1.946688
188	2.033202
189	1.735769
190	2.003022
191	2.019186
192	2.073546
193	1.892351
194	2.076196
195	1.967460
196	1.810361
197	2.026448
198	2.168800
199	2.478245
200	1.767766
201	1.737759
202	1.809834
203	2.360105
204	1.758266
205	1.946434
206	1.974359
207	1.870538
208	1.856825
209	2.073883
210	1.798497
211	1.633340
212	2.018910
213	1.855453
214	1.870269
215	2.013180
216	1.711170
217	1.756531
218	1.829151
219	2.278882
220	1.802969
221	1.902263
222	2.066712
223	1.881778
224	1.823350
225	1.779718
226	1.717762
227	1.683597
228	1.951562
229	2.168916
230	1.826936
231	2.035632
232	1.924606
233	1.857554
234	2.485336
235	1.911177
236	2.051780
237	1.892513
238	1.758752
239	1.772340
240	2.131431
241	1.735309
242	1.939975
243	1.726124
244	2.793743
245	1.759119
246	1.874085
247	1.638934
248	1.920651
249	1.771215
250	1.756304
251	1.719448
252	1.922552
253	1.794770
254	2.120989
255	2.066617
256	1.919790
257	1.705140
258	2.083507
259	1.787455
260	2.232355
261	2.038360
262	1.817966
263	1.819369
264	2.329355
265	1.713769
266	1.830355
267	1.815351
268	2.319679
269	1.790140
270	1.657860
271	2.030025
272	1.939226
273	1.763746
274	1.742469
275	1.846103
276	1.731647
277	1.741147
278	1.703995
279	1.921718
280	1.919843
281	2.176718
282	1.767795
283	1.822854
284	1.918567
285	1.776007
286	2.110092
287	1.802941
288	1.860700
289	1.894229
290	1.730722
291	2.489839
292	1.729914
293	1.988491
294	2.150375
295	1.892802
296	1.848922
297	1.913190
298	1.907117
299	1.775303
300	1.813089
301	1.962982
302	1.851322
303	1.861102
304	2.027657
305	2.068041
306	1.922237
307	2.164718
308	1.709326
309	1.732542
310	1.883322
311	1.983859
312	1.952175
313	1.819669
314	2.153324
315	1.863386
316	1.740632
317	1.961556
318	1.853134
319	2.140887
320	2.273741
321	1.942037
322	1.944042
323	2.073014
324	2.045752
325	1.919740
326	1.893699
327	1.972969
328	1.659185
329	1.916686
330	2.412842
331	1.977952
332	1.773443
333	1.740746
334	1.738791
335	2.073889
336	1.881064
337	1.776906
338	1.861024
339	2.251777
340	1.940361
341	1.811766
342	1.989119
343	1.716653
344	2.116838
345	1.946355
346	2.070579
347	1.814441
348	1.706165
349	1.758664
350	1.788463
351	1.893700
352	2.125466
353	2.045605
354	1.820604
355	1.918176
356	2.003246
357	1.740948
358	1.972054
359	1.918698
360	1.865371
361	1.951667
362	1.950102
363	1.820685
364	1.877499
365	1.997023
366	1.829401
367	1.918463
368	1.902130
369	1.938300
370	1.822691
371	2.076585
372	1.883878
373	1.911857
374	1.882816
375	1.903757
376	1.946203
377	1.757670
378	1.947433
379	1.937162
380	1.841112
381	2.414166
382	1.800084
383	1.819505
384	1.949513
385	2.086960
386	2.051267
387	1.956579
388	1.821374
389	2.037576
390	1.778176
391	2.014593
392	1.988616
393	1.866978
394	1.852511
395	1.868820
396	1.998949
397	1.963312
398	1.940876
399	1.717497
400	1.716130
401	1.763122
402	2.025637
403	1.877925
404	1.839618
405	1.781968
406	1.832950
407	1.855505
408	1.839052
409	1.967486
410	1.871281
411	1.758011
412	1.894991
413	1.872031
414	2.007510
415	1.731445
416	1.869597
417	2.312188
418	1.715518
419	1.962298
420	1.907301
421	2.010895
422	1.741147
423	1.890266
424	1.926291
425	3.425403
426	1.863357
427	1.640976
428	1.931478
429	2.333107
430	1.828689
431	1.874141
432	1.990177
433	2.185889
434	2.414185
435	3.010215
436	1.922210
437	1.899078
438	1.788435
439	2.127299
440	2.040929
441	2.121579
442	2.571867
443	3.318223
444	3.141417
445	1.953996
446	2.383172
447	1.999652
448	1.843608
449	1.816400
450	2.061773
451	2.013206
452	2.413502
453	2.028941
454	3.243240
455	2.293053
456	2.533416
457	1.912618
458	2.013704
459	2.103093
460	3.406933
461	2.736622
462	3.248046
463	1.802889
464	2.018838
465	3.600152
466	2.201139
467	3.750975
468	2.054507
469	2.131221
470	2.979311
471	3.344684
472	2.764977
473	2.007437
474	2.658345
475	2.649832
476	2.233227
477	1.861720
478	1.888410
479	3.057155
480	2.353082
481	1.757496
482	1.817743
483	1.928110
484	1.881833
485	3.515296
486	2.009128
487	3.282529
488	3.901642
489	3.214745
490	2.126053
491	2.452471
492	2.173888
493	3.301685
494	2.167602
495	3.371482
496	2.167143
497	2.198409
498	2.278443
499	1.913818
500	2.001750
501	1.825320
502	2.082906
503	2.434687
504	1.981036
505	2.248243
506	2.472753
507	2.227601
508	1.925277
509	1.833087
510	2.683169
511	1.849918
512	2.876559
513	2.059587
514	1.743673
515	1.989574
516	1.793378
517	1.856500
518	1.772147
519	1.771920
520	1.753738
521	1.804243
522	2.004070
523	2.049048
524	1.877923
525	1.827813
526	1.992007
527	1.946973
528	1.817992
529	1.860888
530	3.122483
531	1.941883
532	1.716216
533	1.731733
534	1.834882
535	2.056454
536	2.273786
537	1.752542
538	2.025589
539	2.691656
540	1.774429
541	2.063636
542	1.977219
543	1.980429
544	2.290896
545	2.105852
546	1.863626
547	2.084057
548	3.350597
549	2.013106
550	1.914523
551	2.158911
552	2.247530
553	1.861720
554	2.083197
555	1.854993
556	1.754223
557	3.049949
558	1.843690
559	1.694078
560	2.062764
561	2.243814
562	2.014596
563	2.108105
564	2.472997
565	2.038381
566	2.102999
567	1.900788
568	2.173132
569	2.280043
570	1.844940
571	3.830586
572	1.855964
573	3.153553
574	1.754907
575	1.873739
576	1.839157
577	3.561321
578	3.237486
579	2.786629
580	1.968629
581	3.541977
582	3.407198
583	3.384997
584	2.905355
585	3.888317
586	1.799054
587	2.395079
588	2.607760
589	3.282939
590	1.912146
591	1.837772
592	2.324759
593	2.955232
594	2.721505
595	3.146171
596	1.918646
597	3.064298
598	1.916483
599	1.743874
600	1.825679
601	2.187693
602	2.649020
603	2.780395
604	1.841548
605	1.840271
606	2.339101
607	3.469064
608	1.997248
609	1.891059
610	1.893806
611	1.940953
612	2.288229
613	1.884464
614	2.369851
615	2.169286
616	2.001249
617	1.907277
618	2.002225
619	3.201468
620	2.058398
621	1.895599
622	3.084604
623	2.591121
624	2.013430
625	2.113858
626	3.009005
627	1.898449
628	1.920026
629	2.592468
630	2.150674
631	3.559297
632	2.166518
633	1.974741
634	3.632754
635	3.781231
636	2.300216
637	1.914836
638	1.797942
639	1.716217
640	2.656108
641	1.929351
642	1.906044
643	1.854428
644	2.480506
645	2.172144
646	2.210406
647	2.286022
648	2.090000
649	1.817801
650	1.776625
651	2.185453
652	3.106205
653	1.980026
654	2.006912
655	1.873125
656	2.232959
657	2.340428
658	1.852215
659	2.023340
660	2.158032
661	3.165691
662	2.489095
663	1.756645
664	3.385056
665	1.924500
666	3.166796
667	2.024203
668	1.867700
669	1.889709
670	2.985648
671	1.981439
672	3.698297
673	1.947537
674	2.027880
675	1.793629
676	2.071957
677	2.005118
678	1.928575
679	2.331629
680	2.125134
681	2.397583
682	3.346176
683	2.070581
684	2.050124
685	1.983886
686	1.949435
687	1.994065
688	2.270043
689	1.951433
690	2.406845
691	1.790279
692	2.087316
693	1.732164
694	1.971194
695	1.871202
696	2.162174
697	2.033420
698	1.896183
699	2.198409
700	2.196748
701	3.075778
702	2.000900
703	2.220382
704	1.988042
705	3.212895
706	2.002450
707	2.090599
708	2.332682
709	1.903103
710	2.188792
711	2.735432
712	1.806460
713	2.482376
714	1.757952
715	2.047782
716	1.795355
717	2.280527
718	2.328668
719	2.080142
720	1.841033
721	2.136936
722	2.126477
723	2.919469
724	1.853051
725	1.832265
726	2.103236
727	2.994345
728	3.560139
729	2.469836
730	2.691728
731	1.944583
732	2.342222
733	2.236115
734	2.070460
735	2.282038
736	1.715867
737	1.893277
738	1.820138
739	2.131691
740	1.943220
741	1.780030
742	1.826418
743	2.554094
744	1.916090
745	1.915046
746	2.074681
747	1.816893
748	2.121439
749	1.864967
750	1.872671
751	1.956630
752	1.866978
753	2.086001
754	1.946818
755	1.821045
756	2.128779
757	2.211990
758	2.137147
759	1.875260
760	2.444813
761	1.777920
762	1.893066
763	1.812042
764	2.703533
765	2.032386
766	1.921614
767	2.669868
768	2.360107
769	2.418307
770	2.818971
771	3.160301
772	2.461503
773	2.531027
774	2.065188
775	1.971852
776	2.438423
777	1.937524
778	1.859542
779	2.534621
780	1.941648
781	1.790503
782	2.044629
783	2.513227
784	2.414062
785	1.925357
786	2.037204
787	2.736221
788	3.259769
789	1.840325
790	1.770142
791	1.880454
792	2.571634
793	2.370527
794	1.915750
795	2.288166
796	3.363286
797	2.079375
798	1.825734
799	2.025561
800	1.994719
801	1.971522
802	2.554329
803	1.805243
804	2.098047
805	2.170599
806	1.738074
807	2.308701
808	1.914106
809	2.214430
810	1.918411
811	1.922836
812	2.288647
813	1.709825
814	2.227555
815	1.786560
816	1.844808
817	1.871524
818	2.202217
819	2.113146
820	1.925434
821	2.021583
822	1.926110
823	2.429178
824	1.864430
825	1.990654
826	2.056405
827	1.719097
828	2.337114
829	1.901210
830	1.898578
831	1.840543
832	1.786729
833	2.874126
834	1.884622
835	2.152812
836	1.920755
837	1.837663
838	1.802831
839	1.942626
840	1.802886
841	2.093824
842	1.807706
843	2.298368
844	2.075868
845	2.086377
846	2.112728
847	1.938787
848	1.932382
849	3.159889
850	2.076992
851	1.986101
852	1.940978
853	1.882260
854	1.871816
855	1.701792
856	1.815296
857	2.028719
858	2.458066
859	1.919435
860	1.875633
861	1.932822
862	2.955232
863	1.783255
864	2.269050
865	1.863277
866	3.406157
867	2.145066
868	2.414517
869	1.725601
870	3.026665
871	2.020148
872	2.364466
873	2.970135
874	2.128050
875	1.872353
876	1.832758
877	2.064993
878	2.205472
879	2.567847
880	2.034911
881	1.805942
882	1.770684
883	2.177017
884	3.318334
885	1.966240
886	1.709859
887	2.364465
888	1.863235
889	2.011691
890	2.144985
891	2.023386
892	2.036811
893	1.977598
894	2.050612
895	1.828935
896	1.861853
897	2.150444
898	2.028078
899	1.942576
900	2.138133
901	2.290807
902	2.044970
903	2.064220
904	1.929352
905	1.954355
906	2.017819
907	2.067969
908	1.897814
909	3.165850
910	2.509203
911	2.350020
912	1.863867
913	1.945609
914	1.917968
915	2.812719
916	2.194494
917	1.898025
918	1.910837
919	1.910864
920	2.158286
921	2.091986
922	2.439836
923	2.047927
924	2.072511
925	1.883135
926	2.281296
927	1.632454
928	1.765476
929	1.747052
930	2.439795
931	3.671048
932	2.270684
933	1.931450
934	1.855963
935	1.690472
936	2.198861
937	1.746824
938	1.715488
939	2.144038
940	1.925071
941	2.398042
942	2.570311
943	3.114884
944	2.140516
945	2.369641
946	1.945149
947	2.148163
948	2.006641
949	2.172763
950	2.207373
951	3.044503
952	2.027658
953	2.272905
954	2.218220
955	2.529310
956	2.997480
957	1.812017
958	3.443211
959	1.983053
960	3.362679
961	3.394436
962	1.793878
963	1.793793
964	3.248829
965	2.950305
966	1.834722
967	2.253062
968	2.145226
969	1.868930
970	1.921824
971	2.089426
972	2.116978
973	2.120211
974	2.490962
975	2.646019
976	2.147253
977	2.067221
978	3.613335
979	3.366140
980	2.477457
981	1.768559
982	2.876142
983	1.930828
984	1.977422
985	3.144596
986	2.027904
987	3.524927
988	1.889390
989	2.040931
990	3.235011
991	1.744191
992	3.133561
993	2.021829
994	3.408150
995	1.913244
996	2.788868
997	1.925149
998	3.215039
999	2.241362
1000	3.303065
1001	2.927219
1002	1.957983
1003	2.193332
1004	1.894518
1005	3.329698
1006	1.953282
1007	3.307656
1008	2.998735
1009	2.887836
1010	2.468396
1011	1.978813
1012	3.035007
1013	2.222879
1014	1.836736
1015	2.036178
1016	2.316118
1017	2.746218
1018	2.105471
1019	2.250090
1020	2.430037
1021	2.221483
1022	2.091146
1023	1.756726
1024	1.972737
1025	2.000149
1026	3.531944
1027	2.283288
1028	3.254502
1029	2.853789
1030	2.150375
1031	1.831640
1032	3.318719
1033	2.742060
1034	1.910967
1035	2.602404
1036	2.516563
1037	2.514239
1038	1.898683
1039	1.986053
1040	2.026966
1041	2.161345
1042	1.931998
1043	2.284164
1044	3.017433
1045	1.958417
1046	3.304904
1047	2.920651
1048	2.166214
1049	3.499956
1050	1.982197
1051	1.778425
1052	2.170917
1053	2.001153
1054	3.250909
1055	3.280456
1056	3.796747
1057	3.668599
1058	3.696823
1059	3.510158
1060	3.495557
1061	3.100534
1062	1.795327
1063	2.005520
1064	3.218899
1065	2.325683
1066	3.395571
1067	1.896550
1068	1.847619
1069	1.994496
1070	1.925856
1071	3.038193
1072	1.919299
1073	2.292641
1074	2.833883
1075	3.385989
1076	3.708855
1077	3.151941
1078	2.352975
1079	3.400898
1080	3.694441
1081	3.367936
1082	3.368576
1083	3.322666
1084	3.183235
1085	3.201892
1086	4.404692
1087	3.689407
1088	3.129410
1089	3.703753
1090	3.591905
1091	3.402499
1092	3.244241
1093	2.958599
1094	2.915716
1095	3.374169
1096	1.795354
1097	2.015413
1098	1.828769
1099	3.338159
1100	1.988870
1101	2.151141
1102	2.302044
1103	2.019953
1104	1.866975
1105	3.589110
1106	3.779564
1107	2.085639
1108	2.137988
1109	1.816756
1110	2.517835
1111	1.871257
1112	3.376939
1113	2.037570
1114	1.775416
1115	3.791012
1116	1.828606
1117	2.590231
1118	2.101189
1119	3.815151
1120	3.538293
1121	1.990503
1122	2.268327
1123	2.648717
1124	1.929095
1125	3.580852
1126	2.825934
1127	2.593917
1128	2.662705
1129	1.760824
1130	1.973017
1131	2.380866
1132	1.686569
1133	2.128424
1134	3.016319
1135	1.843476
1136	1.991254
1137	3.552998
1138	1.839918
1139	1.891266
1140	1.885579
1141	1.947666
1142	1.980429
1143	2.219913
1144	2.081774
1145	2.097500
1146	1.717062
1147	2.038455
1148	3.470358
1149	1.891563
1150	2.495955
1151	2.156432
1152	2.244576
1153	2.083698
1154	2.483424
1155	1.841899
1156	2.198436
1157	3.588465
1158	2.110855
1159	1.844345
1160	1.956398
1161	3.114754
1162	3.211943
1163	2.261813
1164	1.910025
1165	3.632411
1166	1.917784
1167	3.492905
1168	2.178463
1169	2.348744
1170	2.136236
1171	1.720495
1172	3.154646
1173	1.807570
1174	2.001123
1175	1.741579
1176	2.631616
1177	2.129554
1178	2.577613
1179	1.796217
1180	2.249578
1181	1.811023
1182	3.079385
1183	2.394036
1184	3.676564
1185	3.576007
1186	1.813449
1187	2.258339
1188	1.879869
1189	2.244327
1190	2.934705
1191	2.992227
1192	3.160288
1193	2.345037
1194	3.505793
1195	2.266054
1196	1.885973
1197	2.008307
1198	2.137147
1199	2.075912
1200	1.939562
1201	1.789359
1202	1.874913
1203	2.919553
1204	1.810108
1205	1.887353
1206	1.931553
1207	3.656418
1208	3.300622
1209	3.258008
1210	3.392829
1211	2.087800
1212	1.985797
1213	2.921745
1214	2.648679
1215	1.989625
1216	2.780360
1217	1.996221
1218	2.503381
1219	1.806766
1220	1.911048
1221	2.447040
1222	1.764484
1223	2.083673
1224	1.889576
1225	1.828495
1226	2.340384
1227	3.527677
1228	2.072898
1229	1.871149
1230	2.432631
1231	1.925512
1232	2.059394
1233	2.119765
1234	2.001075
1235	2.207374
1236	2.198681
1237	2.541043
1238	2.567995
1239	3.407214
1240	2.001100
1241	3.489327
1242	3.692777
1243	1.853483
1244	1.888651
1245	1.925073
1246	2.274137
1247	1.847188
1248	2.044431
1249	2.112675
1250	2.079087
1251	1.894018
1252	1.983154
1253	3.511056
1254	2.092679
1255	1.993514
1256	2.966968
1257	1.982347
1258	1.680802
1259	1.741121
1260	1.902366
1261	1.972841
1262	1.775388
1263	1.910131
1264	2.044748
1265	2.021905
1266	2.327789
1267	1.896548
1268	1.892512
1269	2.216497
1270	1.970025
1271	2.335295
1272	2.735508
1273	3.198829
1274	1.955658
1275	1.905727
1276	1.802720
1277	2.123418
1278	1.846403
1279	3.153964
1280	1.939073
1281	3.284357
1282	2.260577
1283	2.079687
1284	1.903522
1285	3.195074
1286	3.082887
1287	2.185887
1288	2.020769
1289	3.123603
1290	2.234950
1291	2.380883
1292	2.153796
1293	2.185246
1294	3.152807
1295	2.965738
1296	1.905728
1297	2.551254
1298	1.923044
1299	1.931888
1300	2.358178
1301	2.114472
1302	2.225869
1303	1.767091
1304	2.024500
1305	2.185178
1306	1.805271
1307	1.986706
1308	2.214091
1309	1.886081
1310	1.918880
1311	2.875205
1312	2.826233
1313	1.818459
1314	1.839813
1315	2.660998
1316	1.908744
1317	2.157823
1318	2.603881
1319	2.343266
1320	1.896787
1321	1.861129
1322	1.977625
1323	1.884491
1324	2.243881
1325	2.189978
1326	2.540434
1327	2.187304
1328	2.176627
1329	2.319007
1330	1.887351
1331	1.849757
1332	1.969644
1333	2.997647
1334	2.191025
1335	2.047317
1336	1.896970
1337	1.851730
1338	2.221643
1339	2.125137
1340	1.902128
1341	2.048513
1342	2.133212
1343	1.817058
1344	2.383463
1345	1.863035
1346	2.188540
1347	2.006938
1348	1.807483
1349	1.755364
1350	1.828610
1351	2.182705
1352	2.267622
1353	2.129155
1354	2.515811
1355	2.536021
1356	2.136609
1357	2.026451
1358	1.800804
1359	1.974895
1360	1.770906
1361	2.628195
1362	2.434480
1363	2.283222
1364	1.877261
1365	1.972943
1366	2.509303
1367	1.791394
1368	2.021137
1369	1.920467
1370	1.984088
1371	2.372637
1372	2.872303
1373	2.124008
1374	1.812483
1375	2.033346
1376	2.928807
1377	2.087129
1378	2.090575
1379	1.943452
1380	1.818627
1381	2.029902
1382	1.828578
1383	1.984666
1384	2.163075
1385	1.910549
1386	3.810220
1387	2.088084
1388	2.064486
1389	2.319076
1390	1.751740
1391	2.241115
1392	1.899710
1393	1.733956
1394	1.923540
1395	3.262073
1396	2.355272
1397	2.156966
1398	2.152138
1399	2.740968
1400	1.809364
1401	1.913138
1402	1.884782
1403	2.200934
1404	1.785078
1405	1.857337
1406	1.776767
1407	3.548323
1408	1.774204
1409	1.737038
1410	2.029729
1411	2.008605
1412	2.037768
1413	1.864429
1414	1.803662
1415	2.280901
1416	1.986807
1417	1.813397
1418	2.703149
1419	3.860699
1420	1.953203
1421	1.919792
1422	1.987085
1423	1.858197
1424	2.168733
1425	2.073140
1426	2.081251
1427	2.017944
1428	2.476570
1429	2.006740
1430	2.031894
1431	2.132535
1432	2.514638
1433	1.819890
1434	2.197566
1435	2.246199
1436	2.286416
1437	1.883212
1438	2.031550
1439	2.003048
1440	2.194378
1441	2.068162
1442	1.986554
1443	1.944659
1444	1.826496
1445	1.773301
1446	2.014175
1447	3.204902
1448	2.334233
1449	1.929405
1450	1.806377
1451	2.270221
1452	2.942685
1453	2.756555
1454	1.863275
1455	1.966367
1456	2.589053
1457	2.428811
1458	1.930829
1459	1.845562
1460	2.029113
1461	2.080312
1462	1.951280
1463	1.768754
1464	2.153441
1465	1.818957
1466	2.437333
1467	2.000927
1468	2.583987
1469	1.825954
1470	1.992233
1471	2.268436
1472	1.797942
1473	2.072559
1474	2.118893
1475	2.680692
1476	2.072797
1477	2.056038
1478	1.989801
1479	2.140605
1480	2.354336
1481	2.018120
1482	1.934268
1483	1.919374
1484	2.125837
1485	2.146068
1486	2.003649
1487	1.952563
1488	2.528912
1489	2.422521
1490	2.512809
1491	1.989247
1492	2.186318
1493	1.932201
1494	1.784853
1495	2.278882
1496	1.972031
1497	1.959439
1498	1.749769
1499	1.842880
1500	2.237587
1501	2.017571
1502	2.133471
1503	1.959210
1504	1.961837
1505	3.223989
1506	1.999149
1507	2.025981
1508	2.014697
1509	1.990202
1510	1.817633
1511	1.853726
1512	1.810357
1513	2.122288
1514	1.864752
1515	2.141890
1516	1.765700
1517	1.837119
1518	2.051560
1519	1.805601
1520	2.408610
1521	1.955661
1522	3.141176
1523	2.164463
1524	3.530777
1525	1.903840
1526	3.256148
1527	2.478448
1528	1.908375
1529	1.955176
1530	3.655612
1531	2.222522
1532	1.891400
1533	1.916402
1534	1.925854
1535	1.866170
1536	2.236357
1537	1.874272
1538	2.534997
1539	2.148087
1540	3.231686
1541	1.818628
1542	2.116838
1543	1.977703
1544	2.060098
1545	1.827457
1546	1.775216
1547	2.100595
1548	1.805988
1549	2.519006
1550	1.823459
1551	2.082185
1552	1.889602
1553	1.867350
1554	1.838639
1555	1.887459
1556	1.961633
1557	1.899711
1558	1.931556
1559	2.712124
1560	2.065163
1561	2.298131
1562	1.803718
1563	1.882367
1564	1.952664
1565	2.048367
1566	1.744275
1567	2.746141
1568	2.255152
1569	2.055189
1570	1.927404
1571	2.051392
1572	2.021609
1573	1.797552
1574	1.889072
1575	2.233518
1576	1.886318
1577	1.942217
1578	1.846458
1579	2.620780
1580	3.066299
1581	1.829319
1582	2.517994
1583	1.820190
1584	2.477680
1585	1.878219
1586	1.995795
1587	1.915750
1588	2.190001
1589	2.334396
1590	1.933158
1591	1.955655
1592	2.114382
1593	2.167807
1594	1.984992
1595	1.805577
1596	2.225263
1597	2.110096
1598	1.760708
1599	2.525423
1600	1.967894
1601	2.479213
1602	2.206015
1603	1.902102
1604	3.051626
1605	2.087438
1606	1.893596
1607	1.986379
1608	2.114928
1609	2.503440
1610	2.051951
1611	2.010869
1612	2.252774
1613	1.993791
1614	2.030712
1615	1.995471
1616	1.943040
1617	2.388014
1618	1.945662
1619	2.255081
1620	1.893697
1621	1.939329
1622	2.183691
1623	1.853079
1624	2.350425
1625	2.129999
1626	2.817748
1627	1.960331
1628	2.745431
1629	1.904050
1630	1.982272
1631	2.466597
1632	2.003498
1633	2.299780
1634	1.730753
1635	2.348234
1636	2.109239
1637	2.029505
1638	2.225422
1639	2.028398
1640	2.051927
1641	2.133474
1642	2.025193
1643	2.009008
1644	2.027905
1645	2.189293
1646	3.210813
1647	2.253996
1648	1.793376
1649	2.239132
1650	1.905911
1651	1.970484
1652	1.871951
1653	2.591332
1654	1.809888
1655	2.245217
1656	2.689597
1657	2.039363
1658	2.005625
1659	2.281886
1660	2.396603
1661	2.097616
1662	2.055066
1663	1.902997
1664	2.146766
1665	2.024376
1666	3.586544
1667	2.156799
1668	2.554407
1669	2.470486
1670	2.077524
1671	1.983227
1672	1.942442
1673	3.502129
1674	1.899209
1675	2.993076
1676	1.811876
1677	1.870481
1678	1.964714
1679	2.251801
1680	1.872407
1681	1.887142
1682	1.949231
1683	1.834065
1684	2.065766
1685	2.763783
1686	2.167440
1687	2.632320
1688	2.095945
1689	1.711900
1690	2.743155
1691	2.369073
1692	2.271430
1693	1.950716
1694	1.748285
1695	2.170092
1696	2.118728
1697	2.319091
1698	3.272690
1699	3.160732
1700	3.076376
1701	1.934967
1702	1.781292
1703	3.233202
1704	1.985219
1705	2.651397
1706	1.977624
1707	3.116378
1708	2.004298
1709	1.923564
1710	2.087106
1711	1.886956
1712	2.465926
1713	3.057418
1714	2.858667
1715	2.037988
1716	3.541953
1717	2.876243
1718	1.780113
1719	1.892776
1720	2.423943
1721	2.310693
1722	1.927928
1723	2.298826
1724	2.142546
1725	2.078147
1726	1.753451
1727	1.837960
1728	1.678280
1729	1.998353
1730	2.835401
1731	1.866038
1732	2.845539
1733	3.244902
1734	2.281449
1735	1.872697
1736	1.864028
1737	2.107962
1738	2.578527
1739	1.878431
1740	2.576994
1741	2.198589
1742	1.959796
1743	1.870508
1744	2.070288
1745	2.038849
1746	2.357072
1747	2.010052
1748	1.988091
1749	1.845650
1750	2.073692
1751	2.006537
1752	2.074754
1753	2.045628
1754	2.190458
0	1.847622
1	2.649110
2	2.500140
3	3.018361
4	3.067932
5	2.165736
6	2.688752
7	2.891557
8	3.094608
9	2.592472
10	2.497081
11	3.064654
12	2.876213
13	2.455730
14	2.854888
15	3.206076
16	3.097306
17	2.706547
18	2.560390
19	2.839756
20	3.076655
21	2.602519
22	3.106703
23	2.680040
24	2.883955
25	3.160459
26	3.013321
27	3.086358
28	3.317362
29	2.772832
30	3.128915
31	2.842289
32	3.187759
33	2.812312
34	2.691190
35	2.707379
36	2.873902
37	3.153744
38	2.915255
39	3.058725
40	2.918730
41	2.849579
42	3.142911
43	3.198015
44	3.755542
45	2.789015
46	2.821666
47	3.293964
48	3.112056
49	2.625508
50	2.906648
51	2.741933
52	2.883018
53	3.504311
54	3.051785
55	3.259540
56	2.723546
57	3.198595
58	3.490358
59	2.766135
60	2.804925
61	2.644866
62	3.006261
63	2.938452
64	3.889949
65	3.028102
66	3.184744
67	2.709262
68	4.022015
69	2.873742
70	3.210265
71	2.856028
72	3.084882
73	3.135730
74	3.112137
75	2.773409
76	3.142196
77	2.810659
78	2.612911
79	3.188932
80	2.856344
81	3.141814
82	2.553370
83	2.643956
84	2.943432
85	3.201156
86	2.937926
87	2.703517
88	2.935542
89	3.341542
90	3.414470
91	3.291487
92	2.867089
93	3.429883
94	3.211245
95	3.095706
96	3.088446
97	3.084558
98	3.028846
99	1.749001
100	3.329443
101	2.866252
102	2.845716
103	2.715732
104	2.953118
105	2.533654
106	2.995497
107	2.942024
108	3.113326
109	3.185120
110	2.892509
111	3.270077
112	2.793527
113	2.951507
114	2.988595
115	2.706030
116	3.303346
117	3.041498
118	2.604554
119	2.988144
120	3.644668
121	3.296256
122	2.945132
123	2.893529
124	3.384806
125	2.896980
126	2.963124
127	2.645997
128	3.165517
129	2.470143
130	2.345763
131	3.089174
132	2.887281
133	2.883522
134	2.767309
135	2.847841
136	2.892388
137	2.553780
138	3.048853
139	3.142309
140	2.769187
141	2.371856
142	2.247399
143	2.313676
144	2.697054
145	3.435710
146	3.080796
147	3.125076
148	1.932046
149	2.558007
150	2.605572
151	2.774994
152	3.120722
153	3.308020
154	3.606397
155	2.372279
156	2.822444
157	3.304814
158	2.811459
159	2.809590
160	2.662442
161	2.986018
162	2.831413
163	2.900363
164	2.584532
165	2.845787
166	2.559315
167	3.258511
168	2.654920
169	2.876909
170	2.972457
171	3.274293
172	2.492028
173	2.909466
174	3.372566
175	2.846946
176	2.993126
177	3.112122
178	2.966666
179	3.181728
180	2.754143
181	2.608641
182	2.777533
183	3.321294
184	3.232631
185	2.828446
186	3.210374
187	2.655163
188	3.136494
189	2.614689
190	2.634123
191	2.924824
192	3.122354
193	1.908742
194	1.810137
195	2.397686
196	1.939406
197	1.822882
198	2.502378
199	2.145834
200	2.043282
201	1.975906
202	3.668841
203	2.054068
204	2.194221
205	1.965502
206	1.832730
207	2.242342
208	1.989523
209	1.936104
210	1.827841
211	1.834257
212	1.803137
213	1.900606
214	1.973246
215	2.026179
216	1.976790
217	1.788267
218	1.673619
219	1.740748
220	2.214340
221	1.763973
222	2.092319
223	2.142219
224	1.865931
225	1.853644
226	1.783087
227	1.991255
228	1.959106
229	1.721918
230	2.017721
231	1.772033
232	2.008034
233	2.069518
234	2.397353
235	1.816371
236	1.894756
237	2.006315
238	1.987108
239	2.019529
240	1.898683
241	1.726210
242	1.936647
243	1.892755
244	1.842879
245	1.903514
246	1.981060
247	1.870027
248	1.846726
249	2.091340
250	1.856502
251	1.911675
252	2.089474
253	1.811877
254	1.976461
255	1.878962
256	2.261791
257	1.685408
258	2.140608
259	1.886107
260	2.018267
261	2.139298
262	1.784405
263	1.824938
264	1.908140
265	1.931890
266	1.828359
267	2.175960
268	1.783508
269	1.796163
270	1.910104
271	1.964739
272	2.078605
273	1.727600
274	1.874274
275	1.788547
276	1.936647
277	1.881142
278	1.871390
279	1.721076
280	1.788435
281	1.965172
282	1.803414
283	1.902787
284	1.999875
285	2.035951
286	1.873872
287	1.852728
288	1.920078
289	1.999400
290	1.800140
291	1.894572
292	1.920079
293	2.118065
294	1.894466
295	1.800806
296	1.959260
297	2.112936
298	2.711844
299	1.935174
300	2.139089
301	1.987838
302	1.868717
303	1.795801
304	1.907904
305	2.739434
306	1.778229
307	1.784544
308	1.938479
309	1.710847
310	2.055821
311	1.907406
312	2.006315
313	1.980530
314	2.007461
315	1.751028
316	2.374405
317	1.922863
318	1.823266
319	1.839837
320	1.879734
321	2.051048
322	1.831229
323	1.797943
324	1.771836
325	2.035362
326	1.869866
327	2.112700
328	1.902446
329	1.805547
330	1.852161
331	2.090884
332	1.903707
333	1.728728
334	1.921542
335	1.695730
336	1.882791
337	1.979293
338	1.767314
339	1.863062
340	1.752968
341	2.199591
342	2.266583
343	2.057037
344	1.989699
345	1.851729
346	1.884993
347	1.930000
348	1.822333
349	2.123911
350	1.831447
351	1.943862
352	1.915202
353	1.890662
354	1.836600
355	2.016953
356	1.801055
357	1.810359
358	1.869866
359	1.746939
360	2.013702
361	1.760510
362	2.082330
363	1.987611
364	1.759716
365	1.875553
366	1.956579
367	1.873873
368	3.166466
369	1.922786
370	1.961710
371	2.049342
372	2.432447
373	1.928472
374	2.409169
375	1.851647
376	2.055480
377	2.022004
378	2.119103
379	2.136842
380	2.054507
381	3.288661
382	1.927848
383	1.776655
384	2.897740
385	2.124170
386	1.806268
387	1.829153
388	1.761306
389	1.941160
390	1.868288
391	1.958393
392	2.073307
393	2.076994
394	2.066374
395	2.218490
396	1.865984
397	1.970228
398	1.975728
399	1.820163
400	1.836547
401	1.840244
402	1.867430
403	2.512745
404	1.936106
405	2.074802
406	1.754022
407	1.967230
408	2.118728
409	1.878855
410	2.061772
411	2.094899
412	1.948205
413	1.971625
414	1.946587
415	2.001073
416	2.002624
417	1.928340
418	2.192852
419	2.094303
420	2.115986
421	2.153069
422	3.408154
423	2.333260
424	2.053022
425	1.934967
426	1.735685
427	2.069031
428	2.099358
429	2.043945
430	1.814882
431	1.758012
432	1.974842
433	1.903522
434	2.034918
435	1.890344
436	1.849215
437	2.019181
438	1.839075
439	1.816893
440	1.894519
441	1.853240
442	1.858871
443	1.943297
444	1.950742
445	1.685796
446	1.840355
447	1.786337
448	1.816289
449	1.907905
450	2.123984
451	1.916925
452	1.909397
453	1.876833
454	1.901395
455	1.700411
456	1.999827
457	2.567608
458	1.829919
459	2.173475
460	1.797248
461	2.357118
462	2.331717
463	2.589922
464	1.817416
465	1.693576
466	2.044237
467	1.748744
468	1.891267
469	2.097547
470	1.856179
471	1.800165
472	1.969214
473	1.906542
474	1.807847
475	2.376261
476	1.707249
477	1.778174
478	2.034551
479	2.079159
480	2.373986
481	1.833193
482	1.780252
483	1.954710
484	1.932899
485	2.682144
486	2.546272
487	2.247398
488	1.868608
489	2.046801
490	1.765219
491	1.805822
492	1.970100
493	1.818488
494	1.836598
495	2.192602
496	1.865853
497	2.007612
498	1.841954
499	1.943965
500	1.935485
501	1.957499
502	2.200430
503	1.912223
504	1.945791
505	1.795998
506	1.898893
507	1.905283
508	2.007236
509	1.948874
510	2.135979
511	1.775530
512	3.066351
513	3.329218
514	2.977700
515	2.879479
516	2.589421
517	2.864855
518	3.113809
519	2.610385
520	2.828213
521	3.280365
522	2.919520
523	3.102547
524	3.042681
525	2.624994
526	2.602865
527	2.960846
528	3.171421
529	3.342229
530	3.268332
531	2.795462
532	2.932523
533	3.157356
534	3.371869
535	3.297399
536	2.547126
537	2.842194
538	3.283121
539	2.765373
540	2.725069
541	3.139332
542	2.879202
543	2.697592
544	3.193634
545	2.875291
546	2.605322
547	2.889931
548	2.962988
549	3.471742
550	2.596786
551	3.099112
552	3.309834
553	2.612967
554	2.707508
555	3.192037
556	2.600577
557	3.387241
558	2.135345
559	2.569611
560	2.607336
561	3.282103
562	2.867787
563	2.961232
564	3.253614
565	2.482317
566	2.922790
567	2.971229
568	2.743155
569	3.160285
570	2.570564
571	2.645620
572	2.715382
573	3.046178
574	2.784564
575	3.993207
576	3.199594
577	2.993125
578	4.097194
579	2.933854
580	2.839931
581	3.080015
582	3.388304
583	2.986186
584	3.149381
585	2.524282
586	2.738997
587	3.696769
588	2.707195
589	2.974744
590	3.202951
591	3.032523
592	3.289225
593	2.731502
594	3.116424
595	3.212802
596	2.681884
597	3.419986
598	2.870209
599	2.874265
600	3.232677
601	2.828339
602	3.177452
603	3.342813
604	2.880190
605	3.323462
606	3.110064
607	2.594668
608	3.030330
609	3.193258
610	3.003881
611	2.987507
612	2.894632
613	3.458281
614	3.049247
615	2.481151
616	3.154758
617	2.497239
618	2.905340
619	2.862306
620	3.494725
621	3.129344
622	2.977198
623	3.038782
624	2.860246
625	3.175060
626	2.681733
627	2.749800
628	3.461012
629	3.092102
630	1.996521
631	3.283245
632	3.330390
633	3.089433
634	2.917207
635	2.704716
636	3.110530
637	2.861293
638	2.872369
639	3.362587
640	3.081687
641	3.378134
642	2.850157
643	3.074817
644	2.923901
645	3.092361
646	2.740165
647	2.812632
648	2.814763
649	3.096789
650	2.907593
651	3.023077
652	2.808325
653	2.192375
654	3.022714
655	3.474879
656	2.452875
657	3.710552
658	3.158196
659	2.870505
660	2.604399
661	2.929454
662	2.901931
663	1.829264
664	1.935483
665	1.997300
666	1.698851
667	2.157895
668	1.763661
669	2.136093
670	2.088181
671	1.940257
672	1.853726
673	1.696969
674	2.005517
675	1.889418
676	1.987083
677	1.812623
678	1.864430
679	1.671047
680	1.879387
681	2.144995
682	1.789217
683	1.971524
684	1.934967
685	1.952715
686	1.813834
687	1.867994
688	1.813090
689	1.795801
690	1.885602
691	2.065017
692	1.763548
693	1.772315
694	2.018167
695	1.765957
696	1.976460
697	1.840815
698	1.733927
699	1.954354
700	1.704641
701	2.049537
702	1.822251
703	1.968580
704	1.760538
705	2.078220
706	1.823542
707	1.783649
708	1.877738
709	2.096663
710	2.057815
711	1.818955
712	1.953457
713	1.651849
714	1.718518
715	2.010573
716	3.630564
717	1.722585
718	2.008134
719	1.802001
720	1.902340
721	1.761818
722	1.831202
723	1.670777
724	1.929172
725	1.994143
726	1.969160
727	1.872618
728	2.094687
729	2.360248
730	1.887699
731	1.837008
732	1.800473
733	1.912435
734	1.962803
735	1.870563
736	1.845321
737	1.876113
738	1.897025
739	1.803387
740	1.668442
741	2.191483
742	2.140162
743	1.840786
744	2.149046
745	1.999653
746	2.204950
747	1.907199
748	1.865959
749	1.856475
750	1.769548
751	2.055434
752	1.856800
753	1.918124
754	1.802249
755	2.061894
756	1.937784
757	1.932072
758	1.929924
759	1.918253
760	1.797499
761	1.685023
762	2.072946
763	2.101951
764	1.758749
765	1.919324
766	1.956400
767	1.767653
768	1.931553
769	2.208936
770	1.760850
771	2.018737
772	1.893303
773	2.038284
774	1.872432
775	1.840734
776	1.874540
777	2.050123
778	1.927124
779	1.762412
780	1.603779
781	2.079351
782	1.712922
783	1.840381
784	1.772371
785	1.794912
786	1.797833
787	1.927537
788	1.738563
789	1.879388
790	2.032535
791	2.030616
792	2.149745
793	3.939010
794	1.963542
795	1.772709
796	1.773528
797	2.134432
798	1.843962
799	1.912562
800	1.921953
801	1.752141
802	1.803385
803	2.067462
804	2.120519
805	1.735742
806	2.018069
807	1.879601
808	2.406221
809	2.041593
810	1.698263
811	1.712454
812	1.995545
813	1.703672
814	2.066132
815	2.074633
816	1.894201
817	2.167809
818	1.864885
819	1.974031
820	2.708302
821	1.884489
822	1.870134
823	1.836192
824	2.006689
825	1.871257
826	2.190730
827	1.930181
828	2.020990
829	2.324371
830	1.870989
831	1.952920
832	1.770565
833	1.955531
834	2.433331
835	1.815654
836	1.872912
837	1.720581
838	1.842010
839	1.999050
840	1.877392
841	2.363134
842	2.045190
843	1.962474
844	1.818708
845	2.001249
846	1.730260
847	1.844451
848	2.105351
849	2.193559
850	1.832594
851	1.943707
852	1.692336
853	1.739971
854	1.912616
855	1.889576
856	1.856718
857	1.833057
858	1.776233
859	1.936466
860	1.925513
861	1.842417
862	2.234681
863	1.914855
864	1.751925
865	1.986079
866	1.921822
867	1.765701
868	1.823705
869	1.781713
870	2.063516
871	2.143106
872	2.405929
873	2.017176
874	1.877927
875	1.787008
876	1.812676
877	1.949975
878	2.045932
879	2.066930
880	2.113386
881	1.883135
882	1.785834
883	1.919739
884	1.840597
885	1.861048
886	2.007138
887	2.004646
888	2.011736
889	2.073017
890	2.557909
891	1.790727
892	1.825760
893	1.884145
894	1.718663
895	1.746168
896	1.854885
897	2.015887
898	1.983155
899	1.727020
900	2.023141
901	2.007735
902	1.871683
903	1.986303
904	2.056526
905	1.768249
906	1.842606
907	1.787763
908	1.760710
909	1.961861
910	1.852296
911	2.182407
912	1.950127
913	1.991231
914	1.834719
915	1.773161
916	1.998199
917	2.102309
918	1.841588
919	1.761391
920	2.412427
921	1.761307
922	2.011589
923	3.036002
924	1.801251
925	1.663791
926	2.047487
927	1.779297
928	1.739367
929	1.950538
930	2.020173
931	1.959948
932	1.704993
933	2.171382
934	1.843936
935	1.900263
936	1.902446
937	1.829015
938	1.717760
939	1.699941
940	2.161710
941	1.785330
942	1.738448
943	2.022697
944	1.799138
945	1.973095
946	2.018338
947	2.053753
948	1.848153
949	1.869063
950	1.858225
951	1.912355
952	1.726644
953	2.031060
954	1.848188
955	2.036026
956	1.731676
957	1.985977
958	2.090383
959	1.767032
960	1.967053
961	2.312963
962	2.150162
963	2.552881
964	1.780870
965	1.833139
966	2.348830
967	2.095590
968	1.662348
969	1.914577
970	1.907407
971	2.152348
972	1.957778
973	1.703291
974	1.799806
975	1.741638
976	1.850324
977	1.806821
978	3.576898
979	1.881648
980	1.827840
981	1.868715
982	1.929352
983	1.849703
984	1.853322
985	2.000875
986	1.915777
987	1.872484
988	2.314584
989	1.796525
990	1.852916
991	1.913870
992	1.817388
993	2.234570
994	1.796385
995	1.936000
996	1.992737
997	3.041085
998	2.008407
999	1.884833
1000	1.974968
1001	1.807125
1002	1.701324
1003	1.894465
1004	2.036418
1005	1.739617
1006	1.948461
1007	2.079842
1008	2.025758
1009	1.973423
1010	1.899343
1011	1.886240
1012	1.874086
1013	1.833985
1014	1.884517
1015	2.619305
1016	1.921354
1017	1.772710
1018	1.818818
1019	1.744161
1020	2.568832
1021	1.945817
1022	2.073066
1023	1.781179
1024	1.814442
1025	1.912327
1026	1.994467
1027	1.779072
1028	2.054703
1029	1.860807
1030	1.830136
1031	1.775303
1032	1.925123
1033	1.722034
1034	2.196133
1035	1.798916
1036	1.812843
1037	1.854347
1038	2.360740
1039	1.751656
1040	1.886001
1041	1.819945
1042	1.886001
1043	1.724210
1044	1.835565
1045	1.796942
1046	1.951230
1047	1.924811
1048	2.006639
1049	1.861478
1050	1.742957
1051	1.701205
1052	1.929067
1053	1.777357
1054	2.000251
1055	1.938118
1056	1.995219
1057	1.868529
1058	2.088756
1059	1.857768
1060	2.406159
1061	2.026721
1062	2.051853
1063	1.947665
1064	1.887353
1065	1.876433
1066	1.842200
1067	2.140420
1068	1.846239
1069	2.203837
1070	2.229305
1071	1.989824
1072	2.100120
1073	2.071352
1074	1.878564
1075	1.840652
1076	1.953202
1077	1.878111
1078	1.978080
1079	2.078581
1080	1.941159
1081	2.008407
1082	2.164625
1083	1.804134
1084	1.989799
1085	1.779129
1086	1.809613
1087	1.825979
1088	1.813174
1089	2.035756
1090	1.953663
1091	1.978535
1092	1.896971
1093	2.079640
1094	1.829317
1095	1.945893
1096	1.763491
1097	1.677290
1098	1.924188
1099	2.077811
1100	2.023685
1101	1.757385
1102	2.260287
1103	2.018267
1104	2.014895
1105	1.892353
1106	1.981762
1107	1.911147
1108	1.989554
1109	1.897525
1110	1.986655
1111	3.095627
1112	2.088325
1113	3.213379
1114	1.696231
1115	2.922909
1116	1.997048
1117	1.925617
1118	1.853267
1119	1.924916
1120	1.824664
1121	2.335293
1122	1.827949
1123	2.082067
1124	1.940567
1125	1.904206
1126	1.808701
1127	2.159352
1128	1.897498
1129	1.859731
1130	1.869386
1131	2.022621
1132	1.879495
1133	2.044456
1134	2.891799
1135	2.959747
1136	3.087523
1137	3.330000
1138	3.140525
1139	3.071824
1140	3.198530
1141	2.951682
1142	2.616487
1143	3.029449
1144	2.847311
1145	2.585537
1146	3.112462
1147	2.982046
1148	3.212273
1149	2.653940
1150	2.901827
1151	3.307023
1152	2.507947
1153	2.669195
1154	3.267139
1155	3.259341
1156	3.308625
1157	3.116681
1158	2.684299
1159	3.533288
1160	3.167665
1161	2.771173
1162	3.337918
1163	2.881684
1164	3.292067
1165	3.446825
1166	3.120849
1167	3.409707
1168	3.030792
1169	2.896480
1170	3.131453
1171	3.053610
1172	2.892197
1173	2.814196
1174	3.620898
1175	2.984698
1176	2.885238
1177	2.687229
1178	2.938315
1179	2.697332
1180	2.734612
1181	2.808630
1182	3.049360
1183	2.309480
1184	3.161725
1185	3.022400
1186	2.654600
1187	3.192319
1188	2.915493
1189	2.843132
1190	2.927832
1191	2.915373
1192	2.412074
1193	2.963612
1194	3.261870
1195	2.774346
1196	3.303134
1197	3.179466
1198	2.534304
1199	3.507079
1200	2.868553
1201	3.853064
1202	3.167665
1203	3.359405
1204	3.322379
1205	2.855991
1206	2.822428
1207	3.079578
1208	3.705738
1209	3.429008
1210	4.023072
1211	3.440465
1212	2.974525
1213	2.951356
1214	3.096983
1215	2.822074
1216	3.202327
1217	2.912782
1218	3.159652
1219	2.700555
1220	2.870000
1221	3.057548
1222	3.004946
1223	2.791863
1224	3.022416
1225	3.022763
1226	2.745634
1227	2.710941
1228	3.012209
1229	3.013320
1230	2.991956
1231	2.925628
1232	2.802927
1233	3.152856
1234	3.048443
1235	3.153966
1236	2.872090
1237	3.049738
1238	2.747890
1239	2.836688
1240	2.550862
1241	3.189184
1242	2.638731
1243	2.729305
1244	2.847104
1245	2.907558
1246	2.784905
1247	3.286534
1248	2.657556
1249	2.986235
1250	2.707416
1251	3.147983
1252	2.591949
1253	2.436104
1254	2.704755
1255	2.692974
1256	2.650528
1257	2.756557
1258	3.250062
1259	2.704329
1260	2.810712
1261	3.063772
1262	2.765103
1263	2.927986
1264	3.025541
1265	3.548154
1266	2.839541
1267	2.927200
1268	2.431070
1269	3.068371
1270	2.962921
1271	3.037635
1272	3.020801
1273	2.898465
1274	2.925560
1275	3.278002
1276	2.205152
1277	2.721121
1278	3.311948
1279	3.266405
1280	2.877186
1281	2.972674
1282	2.601230
1283	3.111994
1284	3.312928
1285	3.063756
1286	2.951848
1287	3.403454
1288	2.967103
1289	2.901741
1290	3.233636
1291	2.646980
1292	3.187680
1293	3.087183
1294	3.044881
1295	2.750436
1296	2.840598
1297	2.756973
1298	2.729158
1299	2.896376
1300	3.304195
1301	2.790036
1302	3.404321
1303	3.053294
1304	2.567899
1305	3.352983
1306	3.164191
1307	3.098807
1308	2.941835
1309	2.478889
1310	2.624615
1311	2.901363
1312	2.997648
1313	2.786862
1314	2.541536
1315	2.862062
1316	2.988127
1317	2.020049
1318	3.054455
1319	2.436432
1320	3.229876
1321	2.671441
1322	2.776526
1323	2.935712
1324	2.853717
1325	2.979564
1326	2.682704
1327	2.631255
1328	2.638806
1329	2.465016
1330	3.124387
1331	2.974070
1332	2.511195
1333	2.913486
1334	3.113985
1335	2.959561
1336	2.846296
1337	3.051295
1338	2.673070
1339	2.790305
1340	2.629620
1341	2.450408
1342	2.839665
1343	2.782426
1344	2.964473
1345	2.993377
1346	3.240308
1347	3.125028
1348	2.468401
1349	2.552078
1350	1.983356
1351	3.059249
1352	3.219473
1353	2.773194
1354	3.314227
1355	3.567492
1356	3.177751
1357	2.965907
1358	2.672172
1359	2.783810
1360	2.962043
1361	3.379779
1362	2.704035
1363	2.737773
1364	3.345282
1365	2.949474
1366	2.740256
1367	2.744686
1368	3.148872
1369	2.459371
1370	2.683822
1371	2.942466
1372	2.663794
1373	2.957702
1374	2.732343
1375	2.984174
1376	3.198657
1377	2.433763
1378	2.808576
1379	3.181133
1380	3.005661
1381	2.757770
1382	3.244658
1383	3.196028
1384	2.877916
1385	3.192806
1386	2.873829
1387	3.304134
1388	3.012141
1389	2.767346
1390	2.674807
1391	2.820178
1392	3.257652
1393	2.792293
1394	2.897327
1395	3.053800
1396	2.957178
1397	2.969544
1398	3.257774
1399	2.733605
1400	2.925150
1401	3.158908
1402	3.196591
1403	3.264981
1404	3.657472
1405	3.202061
1406	2.963209
1407	3.347373
1408	2.962465
1409	2.899189
1410	3.262055
1411	3.726994
1412	2.572179
1413	3.229704
1414	2.731704
1415	2.590096
1416	3.407476
1417	3.258065
1418	2.859616
1419	3.264047
1420	2.660187
1421	2.876160
1422	2.896532
1423	3.041758
1424	3.055850
1425	3.497356
1426	2.528814
1427	2.980386
1428	3.046587
1429	2.806225
1430	2.979817
1431	3.087344
1432	3.293585
1433	3.096869
1434	3.413985
1435	3.075075
1436	2.982379
1437	2.977564
1438	2.753235
1439	3.455978
1440	2.716564
1441	2.254173
1442	2.674993
1443	2.637367
1444	2.798426
1445	3.201891
1446	3.359732
1447	2.505512
1448	3.368576
1449	2.902360
1450	3.248661
1451	2.947067
1452	2.852716
1453	2.793584
1454	3.614569
1455	2.971428
1456	3.538319
1457	2.922911
1458	2.671497
1459	3.168106
1460	2.908539
1461	2.821543
1462	2.966696
1463	2.795102
1464	3.214343
1465	3.081788
1466	2.859040
1467	3.056845
1468	1.999526
1469	3.201469
1470	2.827365
1471	2.889395
1472	2.999699
1473	2.896221
1474	3.156279
1475	2.835789
1476	3.269161
1477	3.152271
1478	2.916862
1479	2.766602
1480	3.079431
1481	3.146473
1482	2.847611
1483	2.928786
1484	2.780018
1485	3.378566
1486	3.019587
1487	3.545334
1488	2.844045
1489	3.097563
1490	2.498279
1491	2.644806
1492	2.827172
1493	2.739818
1494	2.548510
1495	3.383622
1496	3.028168
1497	2.452368
1498	2.868780
1499	2.990167
1500	3.310169
1501	3.206885
1502	3.127378
1503	3.374565
1504	3.127698
1505	2.401438
1506	2.504296
1507	3.111336
1508	3.092235
1509	2.795084
1510	2.261086
1511	3.023741
1512	3.505380
1513	2.668540
1514	3.388408
1515	2.748546
1516	2.961099
1517	3.212818
1518	2.262279
1519	3.189908
1520	2.787221
1521	3.254581
1522	3.075775
1523	3.021274
1524	2.842428
1525	2.798678
1526	2.811888
1527	2.901120
1528	2.984395
1529	3.296330
1530	3.077435
1531	2.767327
1532	3.074833
1533	2.699982
1534	3.292630
1535	2.789283
1536	3.420600
1537	3.250199
1538	2.685611
1539	2.315298
1540	3.266037
1541	3.068811
1542	3.426558
1543	2.928275
1544	2.642385
1545	2.843008
1546	2.895428
1547	3.000900
1548	2.722151
1549	2.683598
1550	3.031320
1551	1.955430
1552	1.746684
1553	1.844695
1554	1.891372
1555	1.756275
1556	1.816647
1557	1.819257
1558	1.791203
1559	2.143406
1560	1.790670
1561	1.902261
1562	2.751472
1563	2.048341
1564	1.857876
1565	1.992083
1566	1.965148
1567	1.909189
1568	3.315493
1569	1.897207
1570	1.866013
1571	1.985194
1572	1.899739
1573	1.693074
1574	2.075596
1575	2.253839
1576	1.796583
1577	1.734649
1578	1.741436
1579	1.824883
1580	2.513704
1581	1.859920
1582	2.131243
1583	2.008930
1584	1.726151
1585	2.793814
1586	1.831447
1587	2.280045
1588	1.955530
1589	1.909686
1590	1.919012
1591	1.700764
1592	1.851512
1593	1.968171
1594	1.862605
1595	1.843095
1596	2.076560
1597	1.935899
1598	1.741061
1599	1.866843
1600	1.854778
1601	1.865769
1602	1.841766
1603	2.189682
1604	1.829782
1605	1.730723
1606	2.020769
1607	2.026179
1608	1.932822
1609	1.814275
1610	1.806793
1611	2.104923
1612	2.130679
1613	1.962805
1614	2.171957
1615	1.992863
1616	1.779270
1617	1.866976
1618	1.897656
1619	2.212758
1620	1.847758
1621	2.086168
1622	1.758749
1623	1.911702
1624	1.994143
1625	1.754253
1626	1.963694
1627	2.208596
1628	1.767793
1629	1.907485
1630	2.286416
1631	1.939406
1632	1.885308
1633	2.133566
1634	1.974059
1635	2.115775
1636	1.888623
1637	2.019752
1638	1.748255
1639	2.495697
1640	1.810443
1641	1.809806
1642	1.940568
1643	2.464913
1644	1.819587
1645	2.201318
1646	2.066639
1647	2.131502
1648	1.782414
1649	1.732773
1650	1.841466
1651	1.717150
1652	1.833192
1653	1.807153
1654	1.812237
1655	2.049122
1656	2.125888
1657	2.095805
1658	1.743673
1659	1.974993
1660	2.262256
1661	2.053559
1662	2.222633
1663	1.787094
1664	1.886080
1665	1.808561
1666	2.192899
1667	1.968629
1668	1.737528
1669	1.873338
1670	2.208010
1671	1.877258
1672	2.084731
1673	2.134925
1674	1.688372
1675	2.134503
1676	2.018911
1677	1.970811
1678	2.005543
1679	2.080913
1680	2.033864
1681	1.887671
1682	2.110238
1683	1.976183
1684	2.215312
1685	1.906411
1686	1.816508
1687	2.693567
1688	2.061989
1689	1.816288
1690	2.347445
1691	1.984390
1692	1.787092
1693	1.702645
1694	1.776316
1695	2.314497
1696	1.878749
1697	1.955198
1698	1.796969
1699	1.937369
1700	1.799028
1701	1.798361
1702	1.853132
1703	1.802830
1704	1.847215
1705	1.956657
1706	1.847755
1707	1.834039
1708	2.121935
1709	1.903707
1710	1.736894
1711	2.324221
1712	1.895758
1713	1.878458
1714	1.868422
1715	2.182201
1716	2.025980
1717	1.946999
1718	1.759573
1719	1.965935
1720	2.282147
1721	2.033593
1722	1.834884
1723	2.200249
1724	1.867218
1725	2.771878
1726	1.978612
1727	1.752540
1728	1.805132
1729	1.880480
1730	1.908323
1731	2.037278
1732	1.928108
1733	1.861531
1734	1.960254
1735	1.927538
1736	1.977397
1737	2.146579
1738	1.992235
1739	2.016929
1740	1.890238
1741	2.435078
1742	2.403038
1743	2.000550
1744	1.830875
1745	1.994669
1746	2.001325
1747	1.784993
1748	1.974589
1749	1.938814
1750	2.058567
1751	2.279365
1752	1.828278
1753	1.898051
1754	1.955735
1755	1.904600
1756	1.722702
1757	1.936853
1758	2.097379
1759	1.946767
1760	2.026155
1761	1.976511
1762	2.012757
1763	2.024129
1764	2.286350
1765	1.899315
1766	2.548961
1767	2.094254
1768	2.147929
1769	2.058495
1770	1.725950
1771	1.933132
1772	1.984591
1773	2.001724
1774	1.909659
1775	2.036321
1776	1.823567
1777	1.756529
1778	2.003048
1779	1.861666
1780	1.767965
1781	2.018365
1782	1.972536
1783	1.800166
1784	1.761505
1785	2.054994
1786	2.049902
1787	1.786895
1788	2.876143
1789	1.675649
1790	1.876248
1791	1.947538
1792	2.079927
1793	1.894256
1794	1.924448
1795	2.040931
1796	1.696259
1797	2.366560
1798	2.159190
1799	2.103542
1800	2.047778
1801	1.910184
1802	1.859329
1803	1.814744
1804	1.778484
1805	2.026942
1806	2.092485
1807	1.817267
1808	1.921036
1809	1.748371
1810	2.194904
1811	1.965835
1812	1.991257
1813	2.130585
1814	1.979847
1815	1.869117
1816	2.182001
1817	2.038233
1818	2.079929
1819	1.832376
1820	2.081249
1821	1.849323
1822	1.688844
1823	1.712104
0	1.871814
1	2.786971
2	2.459491
3	2.901466
4	2.995947
5	2.995145
6	2.435529
7	2.530334
8	2.533398
9	2.631674
10	2.936972
11	2.867143
12	2.253487
13	2.835666
14	2.899963
15	2.925764
16	3.320632
17	2.948916
18	3.498945
19	3.014514
20	2.587934
21	2.158658
22	2.655899
23	3.625864
24	3.521960
25	2.897395
26	2.795102
27	3.156280
28	3.107428
29	3.023956
30	2.416692
31	2.779316
32	3.227102
33	1.962064
34	2.938520
35	3.114147
36	3.323143
37	2.577461
38	3.063512
39	3.047964
40	2.874490
41	3.508974
42	3.038832
43	2.963106
44	2.844189
45	3.180268
46	3.663797
47	3.103062
48	2.797854
49	3.517113
50	3.090324
51	2.868134
52	3.031981
53	3.003646
54	2.361485
55	3.218152
56	3.287155
57	2.782284
58	3.171198
59	2.687638
60	3.139967
61	3.241312
62	2.982150
63	2.802942
64	2.877378
65	3.027840
66	2.879671
67	2.850512
68	3.377723
69	3.703025
70	2.724080
71	3.191065
72	2.438236
73	2.900173
74	3.313896
75	3.004581
76	3.282087
77	2.982534
78	2.703146
79	2.512133
80	3.390076
81	3.527051
82	3.333901
83	3.186219
84	3.089287
85	2.810853
86	2.628210
87	2.820601
88	2.914739
89	3.351685
90	3.201532
91	2.355354
92	2.457253
93	2.671388
94	2.230764
95	2.573366
96	2.579324
97	3.676803
98	2.116364
99	2.443051
100	2.909639
101	2.187987
102	2.976660
103	2.962195
104	3.373558
105	3.115784
106	2.992473
107	2.290807
108	2.962330
109	2.353084
110	3.086064
111	2.548509
112	3.256207
113	3.008421
114	2.882413
115	3.000450
116	3.115928
117	3.188982
118	2.219935
119	2.512568
120	2.586581
121	2.706326
122	3.108327
123	3.186030
124	2.394033
125	3.200468
126	2.276442
127	2.266914
128	3.578785
129	3.024664
130	3.365114
131	2.531363
132	3.181147
133	2.820303
134	3.107989
135	3.318569
136	2.968737
137	2.980485
138	3.000216
139	2.708415
140	3.041629
141	3.077498
142	2.857079
143	2.840386
144	3.410190
145	3.158496
146	2.962260
147	2.812010
148	2.389831
149	2.184193
150	2.807596
151	3.230017
152	2.559960
153	2.780467
154	2.750581
155	2.951168
156	2.590772
157	3.049410
158	3.603901
159	2.832685
160	2.483325
161	2.905821
162	2.430371
163	2.290808
164	2.514081
165	2.780829
166	3.333378
167	3.072342
168	2.615892
169	1.998149
170	3.311874
171	3.118142
172	3.084999
173	2.318383
174	2.658626
175	2.840669
176	3.135681
177	3.284873
178	2.947099
179	3.129696
180	3.030660
181	2.587936
182	3.017382
183	2.863233
184	2.948795
185	3.039706
186	2.625684
187	2.617807
188	3.226470
189	3.394479
190	2.537775
191	2.789785
192	2.964658
193	3.418140
194	3.637995
195	2.897189
196	2.508008
197	3.248214
198	2.686056
199	2.889377
200	2.736586
201	2.514675
202	2.844819
203	2.701148
204	3.483016
205	2.622768
206	2.497240
207	2.722020
208	3.314785
209	3.470375
210	3.237917
211	2.844943
212	2.361820
213	2.766187
214	2.975601
215	3.193617
216	3.110449
217	2.740822
218	3.057614
219	2.659416
220	3.064262
221	3.373336
222	2.698313
223	2.966884
224	2.869372
225	3.514084
226	2.444278
227	3.046721
228	3.226578
229	2.789337
230	2.885203
231	2.652866
232	3.285454
233	3.175248
234	2.514458
235	3.192007
236	2.975718
237	3.119181
238	3.103337
239	2.096354
240	3.032508
241	3.099580
242	2.971500
243	2.520082
244	2.853787
245	2.721582
246	3.176713
247	3.073386
248	2.921677
249	2.309916
250	3.543456
251	2.817606
252	2.874736
253	2.397289
254	2.490241
255	2.941530
256	2.632659
257	2.417789
258	3.135377
259	2.571441
260	2.655505
261	2.980487
262	2.802640
263	2.823916
264	2.665877
265	3.477628
266	2.580563
267	2.462723
268	2.748108
269	2.979982
270	3.672449
271	3.122244
272	2.644407
273	2.736657
274	3.152539
275	3.283490
276	2.988912
277	3.096707
278	3.075387
279	2.629390
280	3.260628
281	2.907318
282	2.696460
283	2.592045
284	3.283382
285	2.483165
286	2.792510
287	2.830917
288	3.109615
289	3.654670
290	3.172713
291	3.430466
292	2.495557
293	2.995883
294	3.023309
295	2.618034
296	2.766966
297	2.752253
298	2.856152
299	3.032295
300	3.693727
301	2.540078
302	2.960830
303	3.251905
304	2.370424
305	3.292749
306	3.189481
307	3.043700
308	2.830727
309	3.038566
310	2.719208
311	3.449868
312	2.829169
313	2.876473
314	2.754651
315	3.055191
316	3.016885
317	2.980522
318	2.354275
319	3.111030
320	3.307353
321	2.660283
322	2.456524
323	2.381783
324	3.084366
325	2.878350
326	3.538785
327	2.498700
328	2.333451
329	3.064247
330	3.268578
331	3.333316
332	3.014199
333	3.228035
334	2.946863
335	3.063673
336	3.141927
337	2.890156
338	1.976285
339	2.918373
340	2.296367
341	2.886487
342	3.165643
343	2.183758
344	3.004230
345	3.210686
346	2.879045
347	2.998049
348	3.181602
349	2.986554
350	3.161093
351	3.233603
352	2.733735
353	1.901500
354	2.628193
355	2.960829
356	2.846681
357	2.462904
358	2.670599
359	2.485519
360	2.380023
361	2.278728
362	2.893460
363	3.054766
364	1.966952
365	1.812044
366	1.985974
367	3.052426
368	2.567198
369	3.254748
370	3.110114
371	2.758149
372	3.226700
373	2.713043
374	2.167810
375	2.219511
376	2.330147
377	2.514063
378	3.093655
379	3.131423
380	2.769367
381	2.864156
382	4.073796
383	3.017579
384	2.795319
385	2.850089
386	2.806065
387	3.163479
388	2.653242
389	2.875619
390	2.626653
391	3.059312
392	2.813699
393	2.968230
394	2.613423
395	2.691803
396	3.036486
397	2.143852
398	2.500259
399	3.486472
400	2.753616
401	3.043469
402	2.569159
403	3.046297
404	1.873421
405	2.798018
406	2.587934
407	3.158986
408	2.862062
409	3.006227
410	2.998733
411	3.302635
412	3.179654
413	2.889792
414	2.459330
415	2.950457
416	2.113432
417	2.203453
418	2.154832
419	2.897758
420	2.796466
421	2.780778
422	3.102697
423	3.161344
424	3.082386
425	2.660799
426	2.684940
427	3.170044
428	2.589287
429	2.990217
430	2.909588
431	2.908900
432	3.231610
433	2.372910
434	2.258663
435	2.618454
436	3.051101
437	2.532686
438	2.764308
439	2.916865
440	2.864839
441	2.557363
442	2.273434
443	3.267587
444	3.265658
445	3.135105
446	2.694072
447	3.313140
448	3.070798
449	3.518114
450	2.938928
451	2.991837
452	1.833521
453	2.474289
454	2.838961
455	2.832735
456	2.707472
457	1.907592
458	2.493289
459	2.375038
460	1.963696
461	3.099581
462	2.067099
463	2.599269
464	2.894581
465	3.152712
466	3.217141
467	2.355293
468	2.634634
469	3.333286
470	2.829700
471	2.676753
472	2.997100
473	2.871376
474	3.037054
475	2.383358
476	1.634442
477	2.958040
478	2.956671
479	2.977818
480	3.035919
481	2.258362
482	2.067389
483	3.335581
484	3.000283
485	3.065517
486	3.024996
487	3.028843
488	2.967509
489	2.559551
490	2.677369
491	3.284540
492	2.503777
493	2.874038
494	1.872484
495	2.339871
496	2.325446
497	2.948423
498	2.465704
499	3.140207
500	2.994979
501	2.491700
502	2.639451
503	2.932456
504	2.291135
505	2.372298
506	2.279956
507	2.833196
508	1.775641
509	3.016438
510	2.763584
511	2.976055
512	3.022120
513	2.104328
514	3.117580
515	3.360670
516	3.202888
517	2.578177
518	2.857920
519	3.190940
520	2.981575
521	2.607566
522	2.985064
523	3.026333
524	2.151279
525	2.955013
526	3.001401
527	2.897067
528	2.335338
529	2.998233
530	2.885238
531	3.122484
532	3.010332
533	2.831625
534	2.839789
535	2.711032
536	3.169416
537	2.870368
538	2.659868
539	2.907454
540	3.590683
541	3.371364
542	3.534586
543	2.917140
544	2.632278
545	2.618587
546	2.944913
547	2.578488
548	2.891298
549	2.716560
550	2.344417
551	2.878784
552	2.099787
553	2.377626
554	2.167487
555	2.923732
556	2.705900
557	2.554329
558	2.951760
559	2.613562
560	2.989748
561	2.767310
562	2.875934
563	3.091682
564	3.000699
565	2.838343
566	2.050121
567	2.510378
568	2.914582
569	2.833742
570	2.313459
571	2.614057
572	2.805674
573	2.788443
574	2.810445
575	3.155234
576	2.585266
577	2.893129
578	2.773482
579	2.651960
580	2.542457
581	2.222904
582	2.857290
583	2.954626
584	3.092671
585	3.180284
586	2.700854
587	3.299120
588	3.235399
589	3.131595
590	2.548274
591	2.368334
592	2.908353
593	2.964020
594	2.872734
595	2.757426
596	2.731759
597	2.283395
598	2.631084
599	2.770290
600	2.750616
601	2.738048
602	3.187146
603	2.996547
604	2.963884
605	2.961182
606	3.239091
607	3.018426
608	3.115124
609	2.944161
610	3.071627
611	2.485981
612	2.584686
613	2.882638
614	3.243673
615	2.859003
616	2.837268
617	2.643028
618	3.121571
619	2.734099
620	3.093444
621	2.817855
622	2.870278
623	3.178190
624	2.670842
625	3.258236
626	2.725637
627	2.639715
628	3.006743
629	2.684213
630	2.845770
631	3.080681
632	2.922142
633	3.144615
634	3.316218
635	2.710606
636	2.675986
637	2.857496
638	3.202308
639	3.175881
640	2.432794
641	2.735851
642	2.574566
643	2.735140
644	2.854275
645	2.682560
646	2.922838
647	2.489816
648	3.331516
649	2.694086
650	3.008421
651	3.336376
652	3.150331
653	3.110277
654	2.634937
655	3.106673
656	3.403309
657	2.176440
658	3.202496
659	2.802392
660	2.916217
661	2.654695
662	2.962179
663	2.715659
664	2.755723
665	2.769186
666	2.856609
667	3.399264
668	2.730824
669	2.766986
670	2.832985
671	3.100805
672	2.079689
673	2.615914
674	3.054342
675	2.025461
676	2.191551
677	2.719485
678	2.478084
679	3.044421
680	3.079381
681	2.941922
682	2.495296
683	2.650980
684	2.970136
685	2.619580
686	2.614803
687	3.067670
688	2.221014
689	2.987006
690	2.978471
691	3.216583
692	3.060737
693	2.904360
694	3.126327
695	3.060293
696	2.410353
697	2.776130
698	3.267705
699	3.506182
700	2.948696
701	2.051001
702	2.850508
703	2.613542
704	2.458516
705	2.865344
706	3.011544
707	3.055782
708	3.121618
709	3.016937
710	1.860671
711	3.051870
712	2.440102
713	3.355205
714	1.948691
715	3.153126
716	2.330602
717	2.594053
718	3.013618
719	3.977235
720	2.951355
721	2.675219
722	3.263558
723	2.765105
724	2.950218
725	2.554388
726	2.886069
727	3.345937
728	2.567509
729	2.557360
730	2.919829
731	2.727508
732	2.939047
733	2.888460
734	3.184289
735	2.664450
736	2.662124
737	2.823969
738	2.736676
739	2.445425
740	2.884406
741	2.733514
742	2.275018
743	3.112732
744	2.771228
745	2.258738
746	3.429590
747	2.769693
748	2.827117
749	2.926534
750	2.701872
751	2.833549
752	2.576571
753	2.552353
754	2.905340
755	2.369767
756	2.943110
757	2.744048
758	2.759530
759	2.593434
760	2.726280
761	3.216660
762	3.379821
763	2.397392
764	3.424762
765	2.959967
766	3.177090
767	2.983889
768	2.668220
769	2.854927
770	2.889741
771	2.843575
772	2.707970
773	2.751016
774	2.226790
775	2.645619
776	2.861607
777	3.247612
778	2.919691
779	2.676865
780	2.212805
781	2.535132
782	2.993375
783	2.615664
784	2.725360
785	2.838399
786	3.046603
787	2.672994
788	2.608659
789	3.006543
790	2.780844
791	2.538129
792	2.827032
793	1.935044
794	2.827047
795	3.322725
796	2.555681
797	2.788653
798	2.542460
799	2.866950
800	2.611016
801	2.536846
802	2.760780
803	2.360192
804	2.857378
805	2.209390
806	3.196013
807	2.652207
808	3.157670
809	2.770921
810	2.311127
811	2.608312
812	2.782303
813	2.371521
814	3.239463
815	2.198861
816	1.843040
817	2.448408
818	2.148348
819	3.628677
820	2.692120
821	3.059626
822	2.978942
823	3.158639
824	2.648413
825	3.676056
826	2.761123
827	2.864961
828	2.764075
829	2.435589
830	3.078457
831	2.763368
832	2.766548
833	2.581726
834	3.043287
835	3.053013
836	3.078524
837	2.873779
838	2.807455
839	2.350278
840	2.300694
841	2.993425
842	2.532566
843	2.474451
844	3.141308
845	2.808577
846	2.766604
847	3.711094
848	2.760907
849	2.078603
850	2.215105
851	3.067801
852	3.036642
853	2.618949
854	3.228949
855	1.730780
856	2.090885
857	2.800518
858	2.446263
859	2.566107
860	2.321852
861	3.249215
862	2.844363
863	2.866183
864	2.773379
865	3.093137
866	3.068707
867	3.001163
868	2.576140
869	2.527131
870	3.422182
871	3.083865
872	2.656894
873	2.576923
874	2.561133
875	3.217221
876	2.776869
877	2.474085
878	2.100500
879	2.577908
880	1.838369
881	2.208395
882	2.415965
883	2.018934
884	2.632584
885	2.094615
886	2.674958
887	2.549060
888	1.750830
889	2.953321
890	3.013403
891	3.346490
892	3.149253
893	2.422235
894	3.084589
895	2.551705
896	2.745378
897	3.762260
898	2.678748
899	2.336792
900	2.770487
901	3.024583
902	2.896133
903	2.978776
904	2.732946
905	2.934981
906	2.852527
907	3.530705
908	2.824627
909	2.353083
910	2.368078
911	2.502177
912	3.133130
913	2.883192
914	3.118893
915	3.322183
916	3.015905
917	2.447550
918	2.563179
919	3.435319
920	2.753363
921	2.933752
922	1.758808
923	2.022324
924	2.271872
925	2.828763
926	2.110000
927	2.732709
928	2.945316
929	2.620802
930	3.030120
931	2.686447
932	2.812278
933	2.385583
934	2.466636
935	2.732780
936	1.780813
937	2.425160
938	1.857582
939	2.109266
940	2.674921
941	2.903891
942	2.335763
943	2.061894
944	2.741737
945	2.045118
946	2.701870
947	1.994466
948	2.170461
949	1.896790
950	2.680468
951	2.817269
952	2.032387
953	2.648736
954	2.296848
955	3.054586
956	1.780253
957	2.982633
958	2.031701
959	3.259617
960	2.374994
961	2.753618
962	3.117069
963	3.010000
964	2.488214
965	3.062760
966	1.930205
967	1.835020
968	2.041422
969	2.270110
970	2.060921
971	2.141985
972	3.667124
973	2.805101
974	3.124708
975	2.488796
976	2.745122
977	2.563374
978	2.854926
979	1.947846
980	3.486862
981	3.808029
982	2.159836
983	3.398322
984	2.072608
985	3.014981
986	2.146950
987	2.167325
988	1.732570
989	1.939201
990	1.813587
991	2.378591
992	2.153648
993	2.098525
994	1.832431
995	1.842010
996	2.739800
997	2.568599
998	1.730260
999	2.489099
1000	1.947048
1001	1.933311
1002	1.958801
1003	1.845671
1004	1.915228
1005	2.028474
1006	1.773810
1007	2.023907
1008	1.942395
1009	1.833275
1010	1.799610
1011	2.197704
1012	2.150022
1013	2.940493
1014	1.949589
1015	1.749684
1016	1.999052
1017	2.672340
1018	1.990702
1019	2.014596
1020	1.796386
1021	1.868316
1022	2.245972
1023	1.945354
1024	1.717849
1025	1.921483
1026	1.813999
1027	1.713419
1028	3.035492
1029	3.756940
1030	1.735542
1031	2.014994
1032	1.879281
1033	2.761247
1034	2.369600
1035	2.010450
1036	3.161453
1037	2.147442
1038	3.788800
1039	2.017349
1040	1.840274
1041	2.099354
1042	1.981265
1043	2.890018
1044	3.550437
1045	2.055943
1046	2.416115
1047	1.900819
1048	2.027042
1049	1.922732
1050	2.274050
1051	1.796999
1052	1.696852
1053	2.378590
1054	1.968910
1055	1.965734
1056	1.883985
1057	2.160022
1058	2.535054
1059	1.995743
1060	1.740060
1061	2.449838
1062	2.436781
1063	2.126642
1064	1.908534
1065	1.984214
1066	1.910133
1067	2.672846
1068	1.918567
1069	3.072064
1070	1.762584
1071	2.048145
1072	3.167601
1073	2.367721
1074	1.975373
1075	2.086290
1076	2.514936
1077	1.952922
1078	2.201862
1079	2.278177
1080	1.945509
1081	3.287459
1082	1.837333
1083	2.094635
1084	2.642367
1085	1.920261
1086	3.502842
1087	1.823980
1088	1.863199
1089	2.038162
1090	2.656503
1091	2.436104
1092	1.933573
1093	2.086457
1094	1.965859
1095	2.307117
1096	2.022398
1097	2.104399
1098	1.954918
1099	2.033938
1100	2.073788
1101	1.765815
1102	1.983454
1103	2.203226
1104	2.084274
1105	2.477276
1106	3.032243
1107	1.990327
1108	2.203837
1109	2.055649
1110	3.285012
1111	2.544838
1112	3.116727
1113	2.373583
1114	2.673910
1115	2.455219
1116	1.935512
1117	1.857177
1118	1.877498
1119	2.009828
1120	2.474933
1121	2.758498
1122	1.803578
1123	2.034845
1124	2.512548
1125	2.046776
1126	1.785832
1127	1.816893
1128	1.907062
1129	1.873632
1130	1.803580
1131	1.752055
1132	1.957982
1133	1.962321
1134	1.728639
1135	1.683092
1136	2.080216
1137	2.023736
1138	1.763294
1139	2.022523
1140	1.938581
1141	1.720987
1142	1.819341
1143	1.903103
1144	1.842553
1145	2.121531
1146	1.890397
1147	1.857260
1148	2.211560
1149	2.006114
1150	2.403933
1151	1.913192
1152	2.010172
1153	1.943427
1154	1.714730
1155	2.696031
1156	2.344820
1157	1.826281
1158	1.872860
1159	2.226251
1160	2.169562
1161	1.666282
1162	1.923641
1163	1.891191
1164	1.890741
1165	2.324241
1166	1.871843
1167	1.900003
1168	2.031795
1169	1.827019
1170	1.918799
1171	1.862606
1172	2.005443
1173	2.330598
1174	3.074410
1175	2.499681
1176	2.105543
1177	2.014472
1178	2.287313
1179	1.830135
1180	3.258636
1181	2.307422
1182	2.078918
1183	2.142851
1184	2.056088
1185	2.696012
1186	1.916481
1187	2.016830
1188	1.717964
1189	2.216755
1190	2.418367
1191	2.722223
1192	3.011928
1193	3.141480
1194	3.413064
1195	2.273434
1196	1.941494
1197	2.045215
1198	2.148348
1199	2.302825
1200	1.974158
1201	2.003273
1202	1.905151
1203	3.507991
1204	2.425282
1205	1.856555
1206	1.854023
1207	1.778257
1208	2.003845
1209	2.863999
1210	2.152138
1211	3.525960
1212	1.834503
1213	3.360489
1214	2.642839
1215	1.821427
1216	2.491524
1217	1.740948
1218	2.182773
1219	3.320256
1220	2.282827
1221	1.862310
1222	3.343084
1223	2.091028
1224	1.789804
1225	3.756194
1226	1.856178
1227	1.913163
1228	2.492809
1229	3.474551
1230	3.180974
1231	3.421023
1232	3.941879
1233	3.004230
1234	3.519163
1235	1.786897
1236	2.774184
1237	3.216051
1238	1.887697
1239	2.803854
1240	3.302136
1241	2.817533
1242	3.824304
1243	4.019876
1244	2.189659
1245	1.754254
1246	1.744735
1247	3.274339
1248	1.898077
1249	2.311926
1250	1.909163
1251	2.053997
1252	3.188825
1253	1.989925
1254	3.013470
1255	1.859328
1256	2.300999
1257	2.274094
1258	2.246843
1259	2.174533
1260	2.013654
1261	3.005229
1262	3.540197
1263	1.770565
1264	3.306569
1265	2.897326
1266	1.778201
1267	1.706049
1268	1.981036
1269	1.780957
1270	1.876750
1271	2.123347
1272	2.503698
1273	1.877923
1274	2.919880
1275	2.042178
1276	1.790725
1277	2.818316
1278	2.016481
1279	2.468846
1280	2.311038
1281	2.056792
1282	1.983960
1283	2.797338
1284	1.842553
1285	2.410249
1286	1.813947
1287	2.362476
1288	1.927925
1289	1.886798
1290	3.500713
1291	2.565171
1292	2.594299
1293	1.952688
1294	2.413919
1295	1.801831
1296	2.091627
1297	1.855073
1298	3.413357
1299	3.233713
1300	1.972638
1301	1.937757
1302	3.047311
1303	3.195466
1304	2.091961
1305	2.173223
1306	2.601192
1307	1.995496
1308	2.362053
1309	2.779963
1310	2.675182
1311	1.837961
1312	1.988794
1313	2.670879
1314	1.936956
1315	1.864055
1316	3.242746
1317	1.778117
1318	1.826500
1319	2.014373
1320	1.723542
1321	2.268479
1322	3.056174
1323	1.720872
1324	1.890475
1325	1.845778
1326	2.054117
1327	2.006464
1328	1.806351
1329	3.513147
1330	1.935097
1331	2.947948
1332	2.476146
1333	2.555857
1334	1.934374
1335	2.112440
1336	1.882045
1337	2.267752
1338	2.050244
1339	2.622479
1340	2.184239
1341	2.281096
1342	1.895598
1343	3.314271
1344	1.933546
1345	2.592855
1346	2.383713
1347	2.716948
1348	2.329056
1349	1.812100
1350	1.833959
1351	2.089065
1352	1.853241
1353	2.979581
1354	1.843067
1355	2.131174
1356	2.051268
1357	2.504577
1358	2.733826
1359	1.700029
1360	2.055456
1361	2.080095
1362	2.061554
1363	2.105824
1364	3.185184
1365	3.205262
1366	1.925616
1367	2.123580
1368	3.018625
1369	1.857014
1370	1.820137
1371	3.219781
1372	2.843749
1373	1.875661
1374	2.677274
1375	1.858117
1376	2.924707
1377	2.026056
1378	1.855183
1379	2.907868
1380	1.942833
1381	2.091603
1382	2.366389
1383	2.583079
1384	1.786700
1385	1.792233
1386	1.785383
1387	1.841251
1388	3.442018
1389	1.926371
1390	1.887564
1391	2.218107
1392	2.950475
1393	2.766096
1394	3.104127
1395	1.883349
1396	3.051198
1397	2.002947
1398	1.758579
1399	2.477056
1400	1.799777
1401	3.212243
1402	2.348552
1403	3.580809
1404	1.826498
1405	1.894492
1406	2.097642
1407	2.383633
1408	1.837879
1409	2.004844
1410	1.950102
1411	2.033938
1412	2.165848
1413	2.149534
1414	2.753377
1415	2.196861
1416	1.847403
1417	2.782981
1418	1.749456
1419	1.982774
1420	2.468622
1421	2.396684
1422	1.811104
1423	1.972080
1424	1.959233
1425	2.441230
1426	2.177177
1427	3.508777
1428	1.846213
1429	1.999948
1430	1.729911
1431	1.942628
1432	1.860779
1433	2.054971
1434	1.863787
1435	1.888014
1436	4.096754
1437	2.568290
1438	1.961503
1439	2.130752
1440	1.743098
1441	2.010497
1442	2.094900
1443	1.982474
1444	1.954095
1445	1.916116
1446	3.332727
1447	2.108151
1448	2.057301
1449	2.560585
1450	1.985626
1451	2.266342
1452	2.099284
1453	1.877391
1454	1.954151
1455	3.156930
1456	2.862951
1457	3.401559
1458	1.930649
1459	2.041837
1460	2.415492
1461	2.010997
1462	1.902996
1463	3.865124
1464	1.959746
1465	1.863867
1466	2.206176
1467	1.862151
1468	1.813443
1469	2.178187
1470	1.779130
1471	2.032876
1472	3.128116
1473	2.408611
1474	1.782726
1475	1.972079
1476	1.740031
1477	1.826689
1478	3.202640
1479	1.967888
1480	2.320387
1481	1.987758
1482	2.634124
1483	2.164510
1484	2.074074
1485	3.185260
1486	3.453393
1487	1.850328
1488	3.405361
1489	2.778164
1490	3.168515
1491	2.050123
1492	1.902658
1493	1.897523
1494	1.954713
1495	3.218462
1496	3.618879
1497	2.431359
1498	2.761790
1499	1.950744
1500	3.445199
1501	2.006392
1502	1.888544
1503	2.286876
1504	2.277980
1505	2.316940
1506	2.150370
1507	3.253445
1508	3.091049
1509	1.802912
1510	1.919323
1511	1.840025
1512	2.199503
1513	2.627585
1514	1.831531
1515	2.431973
1516	1.811905
1517	2.059535
1518	1.836738
1519	2.407036
1520	1.951663
1521	2.482802
1522	2.073596
1523	1.834039
1524	2.057914
1525	2.606244
1526	2.014451
1527	1.987385
1528	1.953915
1529	2.484051
1530	2.270619
1531	1.928650
1532	2.284857
1533	3.247495
1534	1.863038
1535	1.923802
1536	2.420106
1537	2.157961
1538	1.935175
1539	2.006794
1540	2.086569
1541	1.803942
1542	2.083074
1543	1.924732
1544	3.151271
1545	1.859808
1546	2.145276
1547	3.063081
1548	1.916920
1549	2.033837
1550	2.086744
1551	1.962295
1552	2.737831
1553	1.806379
1554	1.828224
1555	2.128095
1556	1.842473
1557	3.153046
1558	3.491491
1559	1.841496
1560	1.933517
1561	1.993637
1562	2.054317
1563	2.193559
1564	2.788821
1565	1.831411
1566	2.223472
1567	1.944380
1568	1.803909
1569	1.970253
1570	2.675540
1571	2.169841
1572	2.009002
1573	1.924568
1574	2.094995
1575	2.018391
1576	2.051877
1577	1.961964
1578	1.999798
1579	2.132253
1580	2.413235
1581	2.266320
1582	1.924912
1583	2.122852
1584	1.849325
1585	3.441289
1586	1.942243
1587	1.704616
1588	1.971470
1589	1.830685
1590	2.657557
1591	2.239087
1592	2.004670
1593	2.529544
1594	1.817375
1595	2.255866
1596	2.044670
1597	1.856289
1598	2.158192
1599	2.211014
1600	2.078295
1601	1.916636
1602	1.980144
1603	2.071809
1604	1.827421
1605	2.028861
1606	2.372422
1607	1.865610
1608	1.965253
1609	1.887562
1610	2.075981
1611	1.779803
1612	1.786707
1613	2.559473
1614	2.706756
1615	1.957409
1616	1.973655
1617	2.951110
1618	1.933334
1619	1.974690
1620	1.904760
1621	1.993539
1622	1.937148
1623	2.117137
1624	2.008409
1625	2.409922
1626	2.096114
1627	2.079038
1628	1.842034
1629	1.754449
1630	1.886006
1631	3.740808
1632	1.824934
1633	2.504514
1634	1.959716
1635	1.887432
1636	2.029394
1637	2.220973
1638	2.907422
1639	1.963692
1640	2.160413
1641	2.056526
1642	1.705437
1643	1.765361
1644	2.361057
1645	2.009455
1646	2.258963
1647	2.588301
1648	1.981059
1649	2.478083
1650	2.095900
1651	1.898549
1652	2.111706
1653	2.267510
1654	1.836979
1655	2.695272
1656	2.804078
1657	2.069390
1658	2.488250
1659	3.327388
1660	2.043598
1661	1.800385
1662	2.007806
1663	1.912410
1664	1.819036
1665	2.262278
1666	2.238325
1667	3.133639
1668	2.496417
1669	1.887035
1670	1.882181
1671	1.968095
1672	2.144619
1673	1.989396
1674	1.942396
1675	2.070316
1676	1.986785
1677	1.971479
1678	1.745909
1679	1.716798
1680	2.561760
1681	2.047095
1682	1.958085
1683	2.035900
1684	2.475501
1685	1.851780
1686	1.800471
1687	2.337711
1688	1.906408
1689	2.814144
1690	1.980434
1691	3.469350
1692	1.931765
1693	2.092749
1694	2.140609
1695	1.851053
1696	1.962400
1697	1.950742
1698	2.142965
1699	1.808201
1700	2.154298
1701	1.770534
1702	1.748399
1703	2.026943
1704	2.592200
1705	1.936441
1706	1.819479
1707	2.520913
1708	3.169322
1709	2.147790
1710	1.918356
1711	2.030420
1712	2.961300
1713	1.895468
1714	2.290090
1715	2.129272
1716	1.883325
1717	1.760512
1718	1.893861
1719	1.760055
1720	1.819178
1721	1.809998
1722	1.848973
1723	1.860997
1724	1.862632
1725	1.838313
1726	1.946434
1727	2.070701
1728	2.135674
1729	2.621852
1730	1.752085
1731	1.904467
1732	2.147769
1733	2.857933
1734	1.863114
1735	1.854456
1736	2.217074
1737	2.097638
1738	2.349639
1739	2.161500
1740	1.791816
1741	2.059540
1742	1.910733
1743	1.999722
1744	2.194563
1745	1.916614
1746	2.209275
1747	1.845914
1748	2.432880
1749	2.484525
1750	1.973634
1751	2.125110
1752	2.693140
1753	3.524287
1754	1.833516
1755	2.040883
1756	2.307323
1757	1.943607
1758	1.863195
1759	1.814440
1760	2.058421
1761	2.567122
1762	1.988920
1763	1.996249
1764	1.895890
1765	2.918578
1766	1.942293
1767	1.959080
1768	2.053899
1769	2.365376
1770	2.715778
1771	1.743392
1772	1.725716
1773	1.825513
1774	1.882820
1775	1.958212
1776	2.759512
1777	1.843204
1778	2.340365
1779	2.379791
1780	3.018247
1781	2.175910
1782	1.925686
1783	2.392277
1784	2.035160
1785	1.755217
1786	1.917290
1787	1.850563
1788	2.087724
1789	3.429886
1790	1.832755
1791	1.923124
1792	3.316296
1793	2.022795
1794	2.298310
1795	1.719150
1796	1.782586
1797	1.701880
1798	1.885309
1799	1.816924
1800	2.455626
1801	1.983260
1802	1.770456
1803	2.003694
1804	2.034769
1805	2.316765
1806	1.651728
1807	1.801915
1808	2.406927
1809	1.934240
1810	1.861423
1811	3.865583
1812	1.801358
1813	1.910939
1814	1.796274
1815	1.774064
1816	1.823238
1817	1.892649
1818	1.756446
1819	2.362499
1820	1.744620
1821	1.791899
1822	1.960458
1823	1.715052
1824	1.891903
1825	2.735491
1826	3.175467
1827	2.252666
1828	1.827731
1829	1.736372
1830	1.893357
1831	2.141588
1832	2.568676
1833	1.952794
1834	3.299272
1835	1.838723
1836	1.741408
1837	2.172788
1838	1.738330
1839	2.869458
1840	1.839648
1841	1.888149
1842	2.172441
1843	2.050879
1844	2.349764
1845	1.989599
1846	1.895389
1847	1.759716
1848	2.319139
1849	1.810112
1850	1.966032
1851	2.363006
1852	1.979370
1853	1.755964
1854	1.896631
1855	1.753970
1856	1.951152
1857	2.899239
1858	1.949306
1859	1.863597
1860	1.834067
1861	2.227309
