0	3.456877
1	2.004469
2	2.338033
3	2.014149
4	1.956401
5	1.767853
6	1.984896
7	1.761903
8	1.743645
9	1.732601
10	1.791258
11	1.832237
12	1.794964
13	2.106609
14	1.759376
15	2.162242
16	1.957371
17	1.856368
18	1.901525
19	1.782722
20	1.817802
21	1.870348
22	1.686030
23	1.820469
24	1.988518
25	1.944916
26	1.799279
27	2.055945
28	1.816946
29	1.670000
30	1.758720
31	1.737527
32	1.962931
33	1.692661
34	1.821512
35	1.897076
36	1.783985
37	2.142638
38	2.208191
39	2.337112
40	3.454175
41	2.764704
42	2.603633
43	3.106592
44	2.741553
45	2.892163
46	2.871515
47	2.880295
48	2.897966
49	2.720624
50	3.215122
51	2.776077
52	2.810159
53	2.695681
54	3.053293
55	2.841568
56	3.210748
57	3.206398
58	3.320677
59	3.021095
60	2.792724
61	3.240217
62	2.588938
63	3.005098
64	2.581492
65	2.945677
66	2.822213
67	2.369069
68	2.895205
69	2.840720
70	3.182595
71	2.679497
72	2.547080
73	2.527645
74	2.803465
75	3.161785
76	2.869739
77	2.263403
78	3.019022
79	2.738793
80	2.658910
81	2.230759
82	3.190046
83	2.619275
84	2.833884
85	2.819274
86	2.931160
87	2.799376
88	2.440862
89	2.742884
90	3.008173
91	2.528834
92	2.980083
93	2.810569
94	2.813411
95	3.048888
96	3.161581
97	2.621391
98	2.567646
99	3.063510
100	2.540039
101	2.911371
102	2.888978
103	2.549432
104	2.881683
105	2.693215
106	2.439960
107	2.922090
108	2.957109
109	3.028827
110	3.004946
111	2.598251
112	2.686075
113	2.657727
114	2.458478
115	2.940288
116	2.439468
117	3.062975
118	3.060130
119	3.059690
120	2.824640
121	2.429527
122	3.015129
123	2.699498
124	3.201205
125	2.568773
126	2.760960
127	2.750669
128	2.728409
129	2.831501
130	3.373143
131	2.692919
132	2.934298
133	2.741240
134	3.441885
135	2.663326
136	2.553448
137	2.674379
138	3.319973
139	3.053838
140	2.637024
141	3.261734
142	2.552194
143	3.071433
144	2.635091
145	2.854294
146	2.973400
147	2.303799
148	2.771824
149	2.638067
150	2.770614
151	2.908077
152	2.935762
153	3.164380
154	2.563610
155	3.423099
156	2.456845
157	3.203577
158	2.693639
159	2.299306
160	2.777587
161	2.952506
162	2.583757
163	2.906288
164	3.091765
165	2.751325
166	2.853260
167	3.091293
168	2.632015
169	2.563221
170	2.792346
171	2.951255
172	3.053880
173	2.958699
174	2.620687
175	2.711476
176	2.672620
177	2.772256
178	2.807296
179	2.651811
180	2.535469
181	2.866723
182	2.926805
183	2.797428
184	3.195842
185	2.893614
186	2.822446
187	3.294933
188	2.886541
189	2.775499
190	3.148429
191	2.860229
192	2.903014
193	2.750654
194	2.474370
195	2.637005
196	2.717261
197	3.268240
198	2.612124
199	2.063130
200	2.495934
201	2.805495
202	2.690372
203	2.840227
204	2.895185
205	3.412011
206	2.256768
207	3.129555
208	3.005380
209	2.637441
210	2.603863
211	2.914191
212	2.845876
213	2.972038
214	2.994577
215	2.862883
216	2.657877
217	2.714458
218	2.835435
219	3.140015
220	2.673742
221	2.996284
222	2.504774
223	2.618950
224	2.546564
225	2.991288
226	2.579013
227	2.882031
228	2.683373
229	2.875377
230	2.594726
231	3.057008
232	2.848491
233	2.944878
234	3.338084
235	3.166466
236	3.085756
237	2.890743
238	2.908334
239	2.709630
240	2.432059
241	2.810180
242	2.356461
243	3.101515
244	2.146088
245	3.024748
246	2.445732
247	2.780233
248	2.631617
249	3.039228
250	2.444361
251	2.834749
252	3.101998
253	2.691265
254	2.962850
255	2.650243
256	3.164727
257	2.493133
258	2.572878
259	2.657553
260	2.923166
261	2.604325
262	3.217330
263	2.686077
264	3.308067
265	2.798392
266	2.936613
267	2.473598
268	2.812402
269	2.468260
270	2.760614
271	2.626194
272	3.249259
273	3.120033
274	2.601002
275	2.757790
276	2.508984
277	2.296257
278	2.397125
279	2.449205
280	2.714369
281	2.933207
282	2.736072
283	3.074604
284	3.068632
285	2.895411
286	3.126676
287	2.987056
288	3.107314
289	3.240153
290	2.319160
291	2.968521
292	2.631142
293	2.954860
294	2.568678
295	3.039274
296	2.709853
297	3.114112
298	2.802036
299	2.954694
300	3.195514
301	2.840318
302	3.083327
303	3.153872
304	3.064326
305	3.039816
306	2.628480
307	3.064018
308	3.262837
309	2.896498
310	3.116490
311	2.951916
312	3.041529
313	2.826411
314	3.361712
315	3.186741
316	2.964420
317	3.100083
318	3.700677
319	2.544818
320	3.131549
321	3.330137
322	2.640019
323	2.664994
324	2.875241
325	2.973078
326	3.006677
327	2.853665
328	2.546919
329	2.964066
330	3.544122
331	2.602266
332	2.867822
333	3.239891
334	2.770270
335	2.684439
336	2.666101
337	2.865310
338	2.526816
339	2.377628
340	3.211774
341	2.575286
342	2.798891
343	2.770596
344	3.243765
345	2.625928
346	3.353118
347	3.139632
348	2.962179
349	2.883783
350	2.789229
351	2.848948
352	2.595399
353	2.237610
354	2.953286
355	3.095966
356	2.003247
357	2.836441
358	3.050278
359	3.009635
360	2.853735
361	2.931416
362	3.301350
363	2.892229
364	2.952185
365	2.640228
366	2.947492
367	3.478652
368	2.716707
369	3.072085
370	2.719743
371	2.791794
372	2.293403
373	2.686615
374	2.556131
375	3.012408
376	2.860245
377	2.680634
378	2.895272
379	2.576315
380	2.907197
381	3.168611
382	3.169165
383	3.058726
384	2.986788
385	2.808169
386	2.868604
387	2.820301
388	3.287570
389	3.129411
390	2.614596
391	3.399616
392	2.926941
393	2.904806
394	3.269250
395	2.965737
396	2.571111
397	2.932930
398	3.338174
399	3.022085
400	2.484272
401	2.958530
402	2.891731
403	3.125220
404	3.267106
405	3.149524
406	2.984664
407	3.648207
408	2.652942
409	2.765701
410	2.605437
411	3.141165
412	3.568038
413	2.657574
414	3.074167
415	2.821027
416	2.921146
417	3.166135
418	2.896914
419	2.681287
420	2.927727
421	3.121088
422	2.776438
423	2.820305
424	2.692470
425	1.999072
426	2.617325
427	2.483650
428	3.155791
429	2.391715
430	2.759220
431	3.490975
432	2.912146
433	3.154648
434	2.386691
435	2.645032
436	2.797302
437	3.071433
438	2.600577
439	3.326337
440	2.702606
441	3.355501
442	2.967476
443	1.983156
444	3.014849
445	3.144217
446	2.586598
447	2.992338
448	3.039014
449	3.387819
450	2.898448
451	2.683375
452	2.463594
453	3.047638
454	1.807043
455	2.487690
456	3.627010
457	2.688699
458	2.916316
459	3.027688
460	1.994391
461	2.776058
462	2.013978
463	3.189451
464	2.746599
465	2.120471
466	2.673013
467	2.923323
468	2.560236
469	3.043600
470	2.058833
471	1.969570
472	2.738630
473	3.292174
474	2.124548
475	2.902554
476	2.700612
477	3.218836
478	3.466107
479	1.876033
480	3.290607
481	3.064979
482	2.898067
483	3.053161
484	2.498517
485	1.846128
486	3.078471
487	2.270024
488	1.855398
489	1.887456
490	2.687640
491	2.878992
492	2.884230
493	1.838643
494	2.937787
495	3.220527
496	2.548058
497	2.529545
498	2.954893
499	2.628099
500	3.286183
501	2.711658
502	2.924346
503	2.400602
504	3.248538
505	2.534915
506	2.602729
507	2.710055
508	3.150125
509	2.667939
510	2.403350
511	3.114018
512	2.264861
513	3.275651
514	2.935811
515	3.224719
516	2.556054
517	3.287687
518	2.695090
519	3.412155
520	2.771443
521	2.995830
522	2.752109
523	3.021160
524	3.126099
525	2.860228
526	3.056504
527	3.098483
528	3.291700
529	2.615664
530	1.912146
531	3.314046
532	2.977397
533	2.761468
534	3.155156
535	2.565094
536	3.096401
537	3.098256
538	2.732875
539	3.271300
540	2.918578
541	2.414310
542	3.318751
543	3.103435
544	2.959206
545	2.836990
546	2.817745
547	3.305328
548	1.837606
549	2.761178
550	3.013323
551	2.767021
552	2.456703
553	2.573111
554	3.424179
555	3.165107
556	3.137162
557	2.073981
558	2.984895
559	3.137421
560	2.392277
561	3.319669
562	3.321958
563	3.248107
564	3.385070
565	2.746090
566	2.940291
567	2.926432
568	2.704032
569	2.749056
570	2.912283
571	2.456135
572	2.952864
573	1.979039
574	2.763152
575	2.816631
576	2.832629
577	1.886213
578	1.960869
579	2.194133
580	2.727800
581	2.651302
582	1.914838
583	2.041497
584	2.203837
585	1.898657
586	2.911923
587	2.558087
588	2.811796
589	2.011616
590	3.207553
591	2.464488
592	2.833833
593	2.326288
594	2.635032
595	1.975499
596	3.174301
597	4.167361
598	3.228764
599	2.945588
600	3.137914
601	2.575733
602	2.432881
603	2.663006
604	3.131789
605	2.929812
606	2.637536
607	2.032880
608	3.446636
609	3.042533
610	3.196499
611	2.500620
612	3.105431
613	2.478729
614	2.534739
615	2.992056
616	3.249092
617	2.477156
618	2.523768
619	2.356459
620	2.942261
621	2.820655
622	1.916794
623	3.704173
624	2.879131
625	2.225242
626	2.032487
627	3.488123
628	2.590385
629	2.837799
630	2.879339
631	1.884383
632	2.947016
633	2.422087
634	2.103165
635	2.090431
636	2.675985
637	3.238843
638	2.378928
639	3.099968
640	2.994079
641	2.485177
642	2.823065
643	2.625756
644	2.419028
645	2.637897
646	2.706029
647	2.575152
648	3.194573
649	2.796713
650	2.841726
651	2.981292
652	2.491025
653	2.642821
654	2.962043
655	2.658458
656	2.507609
657	2.802892
658	3.293342
659	2.778381
660	3.571290
661	3.427623
662	2.894217
663	2.871255
664	1.723021
665	2.520814
666	1.963800
667	2.897534
668	3.086893
669	2.819133
670	2.750435
671	2.787454
672	3.729505
673	3.723735
674	3.254981
675	2.975551
676	2.618911
677	2.827386
678	2.979178
679	2.708874
680	3.327027
681	2.733111
682	2.144037
683	2.912696
684	2.509881
685	2.882534
686	2.728168
687	2.748763
688	2.764127
689	2.961350
690	2.434605
691	2.357137
692	2.604573
693	3.044749
694	3.072996
695	2.866931
696	3.107749
697	3.076004
698	3.205464
699	3.448334
700	2.991320
701	1.990503
702	2.413672
703	2.659343
704	3.319806
705	1.821704
706	2.625909
707	2.819734
708	3.102095
709	2.821366
710	3.094156
711	2.852172
712	3.293694
713	3.178191
714	2.869599
715	3.160017
716	3.082126
717	2.620114
718	3.361725
719	3.429371
720	3.131932
721	3.167222
722	2.867281
723	4.210322
724	3.042069
725	2.832983
726	2.818189
727	2.398165
728	3.119901
729	3.175327
730	2.376110
731	3.160158
732	2.122946
733	3.122484
734	3.039489
735	2.842781
736	2.802607
737	2.968854
738	3.076899
739	2.943912
740	3.088185
741	3.094353
742	2.925373
743	2.110949
744	2.980655
745	2.287574
746	2.099476
747	2.525292
748	3.351701
749	2.918783
750	3.175311
751	2.862605
752	2.900363
753	2.803712
754	3.125797
755	3.063755
756	2.655671
757	2.591873
758	2.227151
759	3.220947
760	2.627890
761	2.518947
762	2.621183
763	2.681585
764	3.163998
765	2.550079
766	2.833477
767	2.065478
768	2.620764
769	2.849035
770	2.681361
771	1.990025
772	2.578739
773	3.703743
774	2.820178
775	3.052999
776	3.529647
777	2.710461
778	3.065680
779	2.482136
780	2.266120
781	2.587355
782	3.479784
783	2.968334
784	2.613158
785	3.099436
786	2.788440
787	2.820674
788	2.409212
789	2.734995
790	2.941531
791	2.528518
792	2.522419
793	2.590657
794	2.883158
795	2.976138
796	2.133963
797	3.224484
798	2.720552
799	2.410207
800	3.188652
801	3.137818
802	2.072535
803	2.715253
804	2.750291
805	2.958817
806	3.034782
807	2.266495
808	2.842129
809	2.660263
810	2.733990
811	2.865624
812	3.629008
813	2.868554
814	3.200906
815	2.358665
816	3.129878
817	2.785854
818	3.423192
819	3.307541
820	2.742116
821	3.287263
822	2.791433
823	2.638598
824	3.269434
825	3.338668
826	3.383755
827	3.042466
828	3.527975
829	2.920770
830	2.785768
831	3.076719
832	2.604342
833	2.442147
834	3.130765
835	3.534813
836	3.274248
837	3.083002
838	2.946923
839	2.561581
840	3.177719
841	2.810142
842	2.729927
843	2.487107
844	2.712104
845	2.936744
846	2.634712
847	3.206899
848	2.241361
849	2.638901
850	2.840880
851	3.220776
852	2.675070
853	2.938621
854	3.164569
855	2.524302
856	2.854715
857	3.289939
858	3.206722
859	2.937810
860	2.698258
861	2.913743
862	2.131172
863	3.007889
864	3.120945
865	2.667285
866	1.896892
867	3.084980
868	2.422623
869	2.742899
870	1.977145
871	2.811989
872	3.009706
873	2.276336
874	2.877115
875	2.762953
876	2.616812
877	2.960049
878	2.787473
879	2.864266
880	2.785874
881	2.410550
882	2.510394
883	2.723954
884	2.866467
885	2.673537
886	2.742933
887	2.527408
888	3.157299
889	2.815120
890	2.716431
891	2.896670
892	2.939697
893	3.184660
894	2.850300
895	3.015791
896	2.926531
897	3.382856
898	2.820037
899	3.039839
900	2.515117
901	3.396481
902	2.729926
903	2.678282
904	2.736691
905	2.880363
906	3.309589
907	3.477613
908	2.601347
909	2.202682
910	1.780000
911	2.737900
912	3.089096
913	3.118750
914	3.134532
915	2.240312
916	2.403789
917	2.440940
918	2.486302
919	3.098952
920	3.585037
921	2.540670
922	2.384849
923	2.667810
924	3.340615
925	3.117532
926	2.658834
927	2.736513
928	3.139443
929	2.886743
930	2.530338
931	1.914838
932	2.445284
933	2.878557
934	3.281554
935	2.675333
936	2.719870
937	2.633781
938	3.134292
939	2.863670
940	2.811762
941	3.053883
942	2.520197
943	2.490725
944	2.588129
945	3.073205
946	2.717831
947	2.785265
948	2.605419
949	3.430655
950	3.650247
951	2.383128
952	2.341580
953	3.184619
954	2.805245
955	2.138131
956	1.829617
957	2.578100
958	2.097163
959	2.309068
960	2.149746
961	2.541300
962	2.595187
963	2.894149
964	1.831774
965	2.840932
966	2.708377
967	2.565657
968	3.066091
969	3.085030
970	3.214296
971	2.739360
972	2.817907
973	2.618185
974	1.924213
975	2.439756
976	2.858600
977	2.886399
978	1.979240
979	2.220406
980	2.793385
981	2.732635
982	2.394452
983	2.783702
984	2.698036
985	2.809179
986	2.817959
987	1.860457
988	2.910739
989	3.266510
990	2.011318
991	2.892751
992	2.610384
993	3.257391
994	2.138081
995	2.798892
996	2.386525
997	3.171043
998	2.455398
999	2.445912
1000	1.757986
1001	2.246711
1002	2.965686
1003	2.873416
1004	3.031876
1005	1.992640
1006	2.802164
1007	1.910264
1008	1.992134
1009	2.753947
1010	2.276882
1011	2.747745
1012	2.955954
1013	3.410425
1014	3.040020
1015	3.032788
1016	3.118667
1017	1.967437
1018	2.923061
1019	3.115814
1020	2.215311
1021	2.660317
1022	2.981541
1023	2.966917
1024	3.099110
1025	3.266817
1026	1.843939
1027	2.993646
1028	2.843660
1029	2.563064
1030	3.071644
1031	3.064555
1032	2.235955
1033	2.317670
1034	3.189247
1035	2.981677
1036	2.731520
1037	2.257982
1038	3.020563
1039	2.280242
1040	3.423535
1041	3.049526
1042	3.061992
1043	2.410521
1044	2.202111
1045	2.288121
1046	1.799224
1047	2.171704
1048	2.665539
1049	1.986178
1050	2.775861
1051	2.761322
1052	2.543876
1053	3.032309
1054	2.542555
1055	2.182866
1056	2.032270
1057	1.931169
1058	2.022799
1059	1.792294
1060	2.178900
1061	1.804358
1062	2.784762
1063	2.360278
1064	2.483282
1065	2.549057
1066	1.969117
1067	2.614150
1068	2.665975
1069	2.854210
1070	2.936426
1071	2.221170
1072	2.599040
1073	3.254122
1074	2.707639
1075	2.304388
1076	1.751401
1077	2.059394
1078	2.812308
1079	2.180025
1080	2.602921
1081	1.850326
1082	1.790282
1083	2.767994
1084	1.867031
1085	1.751372
1086	2.396227
1087	1.928627
1088	1.846131
1089	1.757982
1090	2.221645
1091	1.994867
1092	2.037349
1093	1.853484
1094	2.268284
1095	1.774432
1096	2.940714
1097	3.230247
1098	3.128769
1099	2.181971
1100	3.210763
1101	2.939524
1102	3.601597
1103	2.872003
1104	3.077352
1105	1.774403
1106	2.303454
1107	3.215743
1108	2.656181
1109	3.180238
1110	3.451216
1111	2.855505
1112	2.241474
1113	2.880245
1114	3.411832
1115	1.997850
1116	2.780164
1117	2.405201
1118	2.501380
1119	1.899945
1120	2.145344
1121	2.773267
1122	2.444138
1123	2.230359
1124	3.046146
1125	2.525036
1126	3.152476
1127	2.717426
1128	2.661729
1129	3.077954
1130	3.279039
1131	2.437825
1132	2.988028
1133	2.403765
1134	1.972081
1135	2.895548
1136	3.155201
1137	2.806059
1138	2.853084
1139	3.095609
1140	2.971090
1141	3.072799
1142	2.389581
1143	2.685834
1144	2.741055
1145	2.998618
1146	2.953539
1147	3.115252
1148	2.342947
1149	3.041872
1150	2.051684
1151	2.943074
1152	3.672398
1153	2.701277
1154	2.457050
1155	2.645410
1156	2.140026
1157	2.258893
1158	3.218231
1159	2.910363
1160	2.687841
1161	1.825953
1162	1.950458
1163	2.878697
1164	2.718912
1165	2.056939
1166	2.664546
1167	2.201679
1168	2.814584
1169	2.205696
1170	2.757029
1171	2.627090
1172	2.568696
1173	3.237161
1174	2.818316
1175	2.763855
1176	3.173814
1177	3.211374
1178	2.283638
1179	2.904307
1180	2.788082
1181	2.744614
1182	2.076730
1183	3.183125
1184	2.122854
1185	2.081563
1186	2.819823
1187	2.594800
1188	2.493293
1189	2.646752
1190	2.049658
1191	2.275083
1192	1.898290
1193	2.548157
1194	1.819366
1195	2.864631
1196	2.863004
1197	2.675183
1198	2.691577
1199	2.936547
1200	3.072229
1201	2.634200
1202	2.636571
1203	2.451388
1204	3.233789
1205	2.980903
1206	2.774993
1207	1.881197
1208	1.858952
1209	2.117688
1210	1.914003
1211	2.692751
1212	3.096674
1213	2.147187
1214	3.871187
1215	3.079123
1216	2.760690
1217	3.466917
1218	2.232511
1219	2.395224
1220	2.682126
1221	3.513719
1222	2.819663
1223	2.970959
1224	2.859979
1225	2.571906
1226	3.037251
1227	2.001451
1228	3.195340
1229	2.639605
1230	2.200361
1231	2.582478
1232	2.989065
1233	3.466109
1234	3.131598
1235	2.866513
1236	2.970760
1237	2.857516
1238	1.770368
1239	2.417065
1240	3.566076
1241	2.431584
1242	3.042813
1243	2.982835
1244	2.848035
1245	2.695199
1246	2.979211
1247	2.807953
1248	3.195700
1249	2.804942
1250	2.694327
1251	2.710533
1252	2.852264
1253	1.647484
1254	3.158495
1255	2.921044
1256	2.250643
1257	3.339850
1258	2.893820
1259	2.944928
1260	2.456868
1261	3.243594
1262	3.149240
1263	3.161834
1264	2.604342
1265	2.881578
1266	3.241437
1267	2.356732
1268	2.956587
1269	2.731233
1270	2.993025
1271	3.352732
1272	2.485257
1273	3.136208
1274	2.944334
1275	3.056485
1276	2.839964
1277	2.892146
1278	2.757643
1279	2.157057
1280	2.675704
1281	2.342860
1282	2.170230
1283	3.042942
1284	2.842077
1285	1.724239
1286	2.111493
1287	2.726904
1288	3.668053
1289	2.296320
1290	2.992204
1291	2.785210
1292	3.199608
1293	3.565514
1294	2.853648
1295	1.911572
1296	2.964236
1297	2.846998
1298	2.584144
1299	3.380444
1300	3.014978
1301	2.441189
1302	2.666046
1303	2.879669
1304	3.208270
1305	3.359672
1306	2.953268
1307	3.058758
1308	2.875188
1309	3.397970
1310	2.931109
1311	2.615222
1312	2.883920
1313	3.414673
1314	2.710244
1315	2.961757
1316	2.799590
1317	3.685295
1318	2.259423
1319	3.108585
1320	2.827457
1321	2.560523
1322	2.851072
1323	3.176068
1324	2.791594
1325	3.433526
1326	3.654956
1327	2.730000
1328	2.577014
1329	3.088838
1330	3.590947
1331	2.914875
1332	2.297169
1333	2.157523
1334	3.430381
1335	2.899965
1336	2.792366
1337	3.047117
1338	2.798051
1339	3.376297
1340	2.769007
1341	2.961707
1342	2.891386
1343	2.724946
1344	3.016304
1345	2.912130
1346	2.909346
1347	2.499500
1348	3.790581
1349	2.811849
1350	2.620707
1351	3.549564
1352	3.405554
1353	3.188277
1354	3.284569
1355	3.125732
1356	3.083132
1357	2.966362
1358	2.422684
1359	2.605225
1360	2.979831
1361	3.182594
1362	2.144854
1363	2.885775
1364	3.233020
1365	3.145681
1366	2.706492
1367	2.756029
1368	2.587065
1369	2.640568
1370	2.955420
1371	2.585302
1372	2.245909
1373	2.876421
1374	3.134900
1375	2.837004
1376	2.285127
1377	3.055439
1378	3.179607
1379	3.106992
1380	2.930136
1381	3.388894
1382	3.351863
1383	3.057926
1384	2.496579
1385	2.960020
1386	2.439178
1387	3.004612
1388	3.463438
1389	3.024799
1390	2.602845
1391	2.377856
1392	2.992926
1393	2.752527
1394	2.726555
1395	1.862796
1396	2.169749
1397	3.261503
1398	2.234591
1399	1.923174
1400	3.219191
1401	2.702314
1402	2.775121
1403	2.920688
1404	2.978454
1405	2.992441
1406	2.659041
1407	2.487829
1408	2.703588
1409	2.609749
1410	3.618286
1411	3.120898
1412	2.629274
1413	2.920016
1414	2.872577
1415	2.848368
1416	3.276108
1417	3.153984
1418	2.728921
1419	2.515515
1420	3.164901
1421	2.620881
1422	2.898156
1423	3.180329
1424	2.530416
1425	2.789087
1426	2.582517
1427	3.225943
1428	2.911115
1429	3.130083
1430	2.631102
1431	3.247463
1432	2.565112
1433	2.559784
1434	2.588860
1435	2.689186
1436	3.207834
1437	3.040083
1438	3.216831
1439	3.174444
1440	3.653781
1441	3.180706
1442	2.490262
1443	3.331426
1444	2.870557
1445	3.123218
1446	2.952101
1447	2.281688
1448	3.061540
1449	2.727012
1450	2.994529
1451	2.768555
1452	2.138505
1453	2.524857
1454	2.781812
1455	3.051100
1456	2.855188
1457	3.660536
1458	3.223945
1459	2.825986
1460	2.933410
1461	3.030826
1462	3.247692
1463	2.831589
1464	2.771705
1465	2.392553
1466	2.983186
1467	2.700631
1468	2.813644
1469	2.898294
1470	3.151223
1471	3.120304
1472	2.683004
1473	3.044520
1474	3.333361
1475	3.398426
1476	3.004279
1477	2.605417
1478	2.909742
1479	2.968669
1480	3.162373
1481	2.954336
1482	3.150841
1483	2.961941
1484	2.690612
1485	2.172625
1486	2.352042
1487	2.859825
1488	2.627414
1489	2.642839
1490	3.224872
1491	3.029786
1492	2.981089
1493	2.794173
1494	2.960052
1495	3.338698
1496	3.140716
1497	2.727820
1498	3.060114
1499	2.636457
1500	2.780972
1501	2.826676
1502	3.322770
1503	2.765104
1504	2.733825
1505	2.492027
1506	2.854837
1507	2.852402
1508	3.330481
1509	2.884268
1510	2.401208
1511	2.671947
1512	2.819449
1513	3.352729
1514	2.990168
1515	3.388819
1516	3.176084
1517	2.939015
1518	2.885585
1519	3.112443
1520	3.057924
1521	2.682275
1522	1.734185
1523	2.700482
1524	2.350340
1525	2.622326
1526	2.985631
1527	2.968854
1528	2.730311
1529	3.188512
1530	2.745213
1531	2.890225
1532	2.720387
1533	3.037400
1534	2.559003
1535	3.370580
1536	2.839119
1537	2.653414
1538	3.649740
1539	3.188322
1540	2.795961
1541	3.077158
1542	3.077921
1543	3.246999
1544	2.845083
1545	2.779749
1546	3.045603
1547	3.398736
1548	2.980536
1549	2.627793
1550	2.657630
1551	2.935097
1552	2.614037
1553	2.863162
1554	2.732636
1555	3.353042
1556	3.182406
1557	2.942125
1558	2.746107
1559	2.749346
1560	2.498760
1561	2.597133
1562	2.897327
1563	3.271376
1564	2.896791
1565	3.590892
1566	2.846579
1567	2.825968
1568	2.845943
1569	2.835242
1570	2.761230
1571	2.988411
1572	2.918664
1573	2.731097
1574	2.843606
1575	2.517480
1576	2.516525
1577	2.861643
1578	2.968314
1579	3.017713
1580	2.201046
1581	2.533400
1582	2.933444
1583	2.939489
1584	2.505694
1585	2.661147
1586	2.552451
1587	2.972103
1588	3.009868
1589	2.835385
1590	2.923030
1591	2.968318
1592	3.382099
1593	3.213175
1594	3.452347
1595	2.862794
1596	3.246258
1597	3.318331
1598	3.105190
1599	3.178004
1600	3.185661
1601	2.666288
1602	2.533610
1603	2.517716
1604	2.357413
1605	3.279538
1606	3.135238
1607	2.933799
1608	2.681271
1609	2.633517
1610	3.246815
1611	2.908799
1612	3.021608
1613	2.681382
1614	2.933408
1615	3.075016
1616	2.774111
1617	3.096596
1618	2.891868
1619	3.269694
1620	3.121184
1621	2.592084
1622	2.887228
1623	2.986922
1624	2.520993
1625	3.327130
1626	2.306186
1627	2.925662
1628	3.351627
1629	2.466942
1630	3.419080
1631	2.833688
1632	2.698260
1633	3.496125
1634	2.957400
1635	2.661013
1636	3.074167
1637	3.113117
1638	2.737113
1639	2.834308
1640	2.656634
1641	2.384554
1642	2.840795
1643	2.666102
1644	2.470952
1645	2.353824
1646	2.928004
1647	2.977113
1648	3.120236
1649	2.645242
1650	2.702375
1651	2.843132
1652	2.988259
1653	2.446733
1654	3.228205
1655	4.043194
1656	2.355311
1657	3.122436
1658	2.553233
1659	2.931018
1660	2.349810
1661	2.885794
1662	2.888409
1663	2.821364
1664	2.739437
1665	2.893181
1666	2.010398
1667	2.704921
1668	2.088659
1669	3.311632
1670	3.386872
1671	2.797373
1672	2.957261
1673	1.950512
1674	2.983155
1675	2.080792
1676	3.004346
1677	2.714293
1678	2.900586
1679	3.166972
1680	2.889619
1681	3.051327
1682	2.874128
1683	3.012274
1684	3.112090
1685	3.588175
1686	3.251985
1687	2.930682
1688	2.998282
1689	2.875867
1690	2.072896
1691	2.213094
1692	2.784189
1693	3.117707
1694	2.958818
1695	3.467611
1696	3.145377
1697	2.691729
1698	2.725106
1699	2.596460
1700	2.063082
1701	2.939305
1702	3.313322
1703	2.367213
1704	3.151557
1705	4.023160
1706	2.922122
1707	2.685870
1708	2.538403
1709	2.935677
1710	2.694458
1711	3.531375
1712	3.331426
1713	1.946356
1714	2.656802
1715	3.118621
1716	2.198954
1717	2.751945
1718	3.235198
1719	3.137147
1720	2.226611
1721	2.413751
1722	2.692583
1723	3.055113
1724	2.935595
1725	2.716341
1726	2.814391
1727	3.034946
1728	3.027577
1729	2.627490
1730	2.499979
1731	3.218338
1732	2.147884
1733	2.918146
1734	2.683001
1735	2.772252
1736	2.580426
1737	2.636263
1738	2.403723
1739	2.680765
1740	2.123323
1741	3.040448
1742	2.894956
1743	2.791932
1744	2.618185
1745	3.134537
1746	2.234590
1747	3.081789
1748	3.284966
1749	2.968595
1750	2.736751
1751	2.789120
1752	2.496119
1753	2.701207
1754	2.757645
0	3.456877
1	1.784404
2	1.773948
3	1.733724
4	1.822334
5	2.606090
6	1.795799
7	1.984818
8	2.017051
9	2.347680
10	1.825843
11	1.882208
12	1.798694
13	1.766070
14	1.924395
15	1.886003
16	1.807789
17	1.741811
18	1.770109
19	1.949053
20	1.720989
21	2.094848
22	1.690742
23	2.240916
24	2.070699
25	1.871632
26	1.957982
27	1.780252
28	2.120612
29	2.166794
30	1.828580
31	1.876755
32	1.998426
33	1.874619
34	1.912328
35	1.767654
36	1.725340
37	1.799141
38	2.113410
39	1.813422
40	1.940979
41	1.827512
42	1.835510
43	1.861531
44	1.788129
45	2.014672
46	2.295582
47	1.819037
48	1.996521
49	1.831666
50	1.707310
51	1.932072
52	1.884515
53	1.790501
54	1.893250
55	2.189519
56	2.007237
57	1.750145
58	1.876830
59	2.125511
60	1.825511
61	1.793991
62	1.882845
63	1.768191
64	1.840707
65	1.920052
66	1.863142
67	1.874993
68	1.961071
69	2.111752
70	1.936285
71	2.023685
72	2.098810
73	1.816397
74	1.982019
75	1.921872
76	2.164764
77	1.786645
78	2.028326
79	1.955145
80	1.811767
81	1.906436
82	1.903285
83	1.808590
84	1.913975
85	1.718634
86	1.827294
87	1.937677
88	1.832186
89	1.804523
90	1.873634
91	1.883692
92	2.179957
93	2.241652
94	1.794044
95	1.864348
96	2.391860
97	1.795382
98	2.051609
99	3.857331
100	1.984565
101	1.773386
102	2.004344
103	2.566048
104	2.032462
105	2.037570
106	1.873872
107	2.003623
108	1.978131
109	2.106797
110	1.909635
111	1.928886
112	1.889576
113	1.885152
114	2.000026
115	2.237364
116	2.077954
117	1.892009
118	1.960969
119	2.165296
120	1.950436
121	2.101691
122	2.129154
123	2.042889
124	1.719562
125	1.754592
126	1.927173
127	1.827897
128	2.043279
129	2.086865
130	2.847403
131	1.928472
132	2.113504
133	1.927718
134	1.805049
135	1.861693
136	1.937499
137	1.863274
138	2.096998
139	1.815352
140	1.792735
141	2.102118
142	1.951358
143	2.204813
144	1.694402
145	2.281975
146	1.703202
147	1.921303
148	3.387003
149	1.914027
150	1.891798
151	2.038307
152	1.912590
153	1.834939
154	1.837417
155	1.844832
156	1.883692
157	2.202202
158	1.730724
159	1.968884
160	1.860322
161	2.179795
162	1.868181
163	1.908219
164	1.915255
165	1.754338
166	2.579165
167	1.871843
168	1.790280
169	1.832183
170	1.681456
171	1.972155
172	1.874676
173	1.822140
174	1.820193
175	1.843556
176	1.952154
177	1.844449
178	1.778706
179	1.776655
180	1.796246
181	1.955660
182	1.766266
183	1.749369
184	1.780058
185	1.773697
186	1.954892
187	1.742930
188	1.735135
189	1.954531
190	1.921066
191	1.965349
192	2.188812
193	3.518110
194	2.952981
195	2.884061
196	2.921866
197	2.919692
198	1.970406
199	3.429141
200	2.834414
201	3.114579
202	1.940335
203	2.498420
204	2.891385
205	3.204200
206	3.328933
207	3.071025
208	2.841988
209	3.271177
210	2.749000
211	2.689405
212	2.843256
213	3.682676
214	2.447264
215	3.431400
216	3.443850
217	2.488894
218	3.067328
219	3.426207
220	2.743157
221	3.104545
222	2.939269
223	2.364974
224	2.631292
225	2.615378
226	2.821806
227	3.418844
228	3.170821
229	2.758641
230	3.056142
231	2.842500
232	3.311271
233	2.880574
234	2.733367
235	2.614746
236	3.004030
237	3.199298
238	2.675555
239	2.529546
240	3.065910
241	2.823011
242	2.338890
243	2.820218
244	2.761269
245	3.125798
246	3.117099
247	2.889619
248	2.904927
249	2.586233
250	2.668071
251	3.223926
252	2.832066
253	3.090647
254	3.181667
255	3.307280
256	2.510976
257	2.835824
258	2.963344
259	3.184932
260	3.293310
261	3.018823
262	2.841143
263	3.044372
264	3.128354
265	2.648680
266	2.803035
267	2.871394
268	3.159257
269	2.777588
270	2.605954
271	3.096095
272	3.155076
273	2.956822
274	3.074150
275	3.151842
276	2.759330
277	2.809430
278	2.638977
279	2.703054
280	2.708246
281	3.161724
282	3.292612
283	2.474288
284	2.734703
285	2.673968
286	3.089904
287	3.048048
288	2.691932
289	2.926671
290	2.696034
291	3.225695
292	2.817127
293	2.979027
294	3.020215
295	2.914515
296	3.137451
297	3.109051
298	3.106846
299	2.617061
300	2.796677
301	2.830177
302	2.896221
303	2.754543
304	2.766966
305	2.770199
306	2.524698
307	2.881076
308	2.470262
309	2.832154
310	2.957195
311	2.442662
312	2.998183
313	3.095852
314	3.373558
315	2.813273
316	2.542224
317	2.656633
318	2.623070
319	3.121810
320	2.641231
321	2.866095
322	2.794441
323	2.397228
324	3.524103
325	3.216784
326	2.600711
327	2.712951
328	3.094333
329	3.211449
330	2.923355
331	3.156470
332	3.229938
333	3.120721
334	2.821827
335	2.779370
336	3.110466
337	2.355292
338	2.782175
339	3.162831
340	2.987457
341	2.442969
342	3.365873
343	2.601403
344	2.634178
345	2.864156
346	2.945539
347	2.879478
348	2.876403
349	3.038124
350	2.730584
351	2.916729
352	2.641894
353	3.132890
354	2.906080
355	2.813859
356	2.825190
357	2.874317
358	2.790359
359	2.565872
360	3.280399
361	2.912579
362	3.499499
363	3.002200
364	3.231099
365	3.111222
366	2.713337
367	2.736603
368	1.880586
369	2.987006
370	3.646616
371	2.829364
372	3.038899
373	2.883834
374	2.733587
375	3.673337
376	3.100742
377	2.563611
378	2.923252
379	2.925799
380	2.702386
381	1.758521
382	2.755158
383	3.190816
384	1.974361
385	2.690483
386	2.851982
387	3.102596
388	2.881025
389	3.047769
390	2.833901
391	3.328499
392	2.956366
393	2.336194
394	3.138917
395	2.952186
396	3.057090
397	2.726408
398	3.148999
399	3.109502
400	3.121362
401	3.044815
402	3.017831
403	2.725874
404	2.667002
405	2.541494
406	3.562483
407	3.224684
408	2.944929
409	3.492936
410	2.844081
411	2.890278
412	3.121954
413	2.781745
414	2.830706
415	3.635643
416	2.542224
417	2.856903
418	2.618415
419	3.051754
420	3.198655
421	2.444381
422	2.013802
423	2.366369
424	3.463093
425	3.355684
426	2.819681
427	3.042072
428	2.756828
429	3.078069
430	2.942074
431	2.844664
432	2.915082
433	3.433964
434	3.078455
435	2.708468
436	2.851000
437	2.306339
438	2.828179
439	2.483948
440	3.133385
441	2.996750
442	2.309394
443	3.040196
444	2.796803
445	2.790233
446	3.006228
447	2.725603
448	3.227105
449	2.631901
450	2.981041
451	3.390295
452	2.730607
453	3.053555
454	3.805338
455	2.896029
456	3.056748
457	2.389352
458	3.191879
459	3.430947
460	3.090469
461	2.972709
462	3.127444
463	3.118926
464	2.717240
465	2.843606
466	3.354833
467	3.058775
468	3.405303
469	2.802820
470	2.705201
471	2.669754
472	2.656030
473	3.104095
474	3.405467
475	3.250431
476	3.199295
477	3.051787
478	2.707342
479	2.838961
480	2.608046
481	3.669467
482	3.376700
483	2.917343
484	3.262466
485	2.002148
486	1.886716
487	2.019160
488	2.784853
489	2.709171
490	2.868919
491	3.296497
492	2.734539
493	2.998849
494	3.056335
495	3.171576
496	3.202391
497	2.794998
498	2.971363
499	2.929760
500	2.846560
501	2.876962
502	3.010614
503	2.851193
504	3.036264
505	2.761831
506	2.555719
507	3.072996
508	2.098070
509	2.187350
510	2.687675
511	2.952930
512	1.818738
513	1.859921
514	1.847484
515	1.760510
516	1.856450
517	1.970811
518	1.811904
519	1.923903
520	1.835865
521	1.781403
522	1.973932
523	1.808092
524	1.899314
525	1.860132
526	1.874807
527	1.899319
528	1.881092
529	1.904443
530	2.104732
531	1.912354
532	1.868930
533	1.713388
534	1.871709
535	1.909164
536	1.930131
537	1.835266
538	1.945969
539	2.003946
540	1.910861
541	2.273767
542	1.958291
543	1.852055
544	1.779045
545	1.764027
546	1.872912
547	2.204314
548	1.932901
549	2.046949
550	1.819808
551	1.854426
552	1.920574
553	1.769832
554	2.173613
555	2.046340
556	2.083652
557	2.263560
558	2.874195
559	2.062255
560	1.952562
561	1.753911
562	1.778427
563	2.094875
564	1.955991
565	2.099382
566	2.011791
567	2.260133
568	1.936232
569	1.844424
570	2.277409
571	2.124922
572	2.119198
573	1.895758
574	1.926863
575	1.967079
576	2.207101
577	1.834068
578	1.992611
579	1.812843
580	2.226681
581	1.812705
582	1.984591
583	1.997476
584	1.983659
585	1.711376
586	1.693075
587	1.881861
588	2.020002
589	1.841167
590	1.905781
591	1.975576
592	2.065283
593	1.944968
594	2.444525
595	2.190115
596	1.700440
597	1.825295
598	1.927770
599	1.861667
600	2.157917
601	1.817856
602	2.209251
603	1.954842
604	1.685083
605	1.910235
606	1.717847
607	1.927304
608	2.066035
609	1.871390
610	1.917629
611	1.926475
612	1.774117
613	2.020769
614	1.775641
615	1.708481
616	1.753569
617	2.020693
618	1.744275
619	1.962322
620	1.971903
621	1.874910
622	1.985424
623	1.730289
624	1.716743
625	1.911385
626	1.787566
627	1.774063
628	2.078197
629	1.896786
630	3.253336
631	2.060628
632	1.868424
633	1.893803
634	1.897206
635	1.792509
636	1.762385
637	1.765929
638	1.799584
639	1.690385
640	1.729826
641	1.836898
642	2.090837
643	1.838640
644	1.800583
645	1.798584
646	1.929430
647	1.756276
648	1.756016
649	1.972839
650	1.691417
651	1.912615
652	2.168061
653	2.604344
654	1.988618
655	1.788126
656	1.867271
657	1.748855
658	2.137778
659	2.054702
660	2.110758
661	1.883240
662	1.701118
663	3.133591
664	2.770289
665	3.393377
666	2.940101
667	3.122660
668	2.767562
669	2.930887
670	3.142516
671	3.748772
672	3.336375
673	3.299166
674	3.335686
675	2.744995
676	2.344653
677	3.177735
678	3.490517
679	2.637006
680	3.378416
681	3.333587
682	2.990535
683	3.265640
684	2.993142
685	3.267507
686	2.604343
687	2.917328
688	3.149143
689	3.430116
690	2.877934
691	3.127267
692	2.837481
693	2.910155
694	3.321114
695	2.784833
696	2.601749
697	2.469433
698	2.919863
699	2.807045
700	2.961233
701	2.632585
702	3.294511
703	3.278689
704	3.235938
705	3.299045
706	3.023509
707	2.782553
708	2.904582
709	3.207008
710	3.715346
711	3.151094
712	3.015774
713	3.150143
714	3.420365
715	2.968720
716	2.226455
717	3.411775
718	3.334803
719	2.723712
720	2.903086
721	3.163637
722	3.174933
723	3.233001
724	3.413195
725	2.939730
726	2.943704
727	3.253605
728	3.262530
729	2.903327
730	3.063319
731	2.582717
732	2.901763
733	2.858760
734	2.654827
735	3.126997
736	3.010427
737	3.158751
738	2.880356
739	2.791436
740	3.011992
741	3.190578
742	3.484047
743	3.637624
744	3.322474
745	3.389192
746	2.956745
747	2.985633
748	2.724133
749	3.318885
750	3.103773
751	2.873779
752	3.147079
753	3.536385
754	3.260061
755	2.633344
756	3.128482
757	3.234393
758	2.999234
759	2.662218
760	3.428732
761	3.055831
762	3.305299
763	2.719963
764	3.163068
765	3.141114
766	2.756719
767	2.895479
768	2.534048
769	2.470831
770	2.949932
771	2.477599
772	3.284950
773	3.006560
774	3.250077
775	3.067914
776	2.642366
777	2.754923
778	3.181446
779	3.291155
780	3.096870
781	2.910773
782	2.742116
783	3.133640
784	3.105624
785	3.216162
786	3.118237
787	2.580446
788	3.110307
789	3.354490
790	3.074509
791	2.840599
792	3.491876
793	2.177062
794	2.929078
795	2.846717
796	3.070732
797	2.637650
798	3.709474
799	3.476291
800	3.292704
801	2.774941
802	2.830883
803	2.488955
804	3.090016
805	3.033496
806	2.893096
807	3.364714
808	2.657536
809	2.779550
810	2.949763
811	2.704405
812	2.795371
813	2.690093
814	2.792581
815	3.175359
816	3.109759
817	3.436073
818	3.264889
819	3.348104
820	3.214530
821	2.673687
822	2.619714
823	2.608410
824	3.459437
825	2.921935
826	2.694604
827	2.880349
828	3.563566
829	3.521434
830	3.853997
831	3.007674
832	3.087621
833	2.907611
834	2.919692
835	2.885239
836	2.900827
837	2.796802
838	2.966918
839	2.816772
840	2.900292
841	2.382457
842	2.467895
843	3.096385
844	3.024781
845	3.323387
846	2.978607
847	3.199329
848	3.411877
849	2.616754
850	2.954285
851	2.982933
852	3.611675
853	2.904791
854	3.254795
855	2.855118
856	3.161297
857	2.732141
858	2.784135
859	3.260231
860	3.125908
861	2.924824
862	2.616448
863	3.153376
864	3.303586
865	2.973433
866	2.932815
867	3.208084
868	2.661767
869	3.458338
870	3.128914
871	2.962669
872	2.828584
873	3.547534
874	2.859824
875	3.127042
876	2.930887
877	3.047261
878	3.140318
879	2.439263
880	2.463818
881	2.626118
882	3.386222
883	3.424104
884	3.237855
885	3.547308
886	2.781798
887	3.180268
888	2.735396
889	2.227060
890	3.029290
891	2.902825
892	3.741791
893	2.729854
894	3.121315
895	3.256548
896	3.173847
897	3.000882
898	3.096546
899	3.233914
900	2.893545
901	3.268838
902	2.685015
903	2.990217
904	3.342632
905	3.333183
906	3.378993
907	3.266833
908	3.313639
909	2.967036
910	3.060457
911	3.081444
912	3.112764
913	2.492970
914	3.001950
915	3.230805
916	2.570195
917	2.822020
918	2.993353
919	2.716872
920	2.992174
921	2.678470
922	2.545997
923	1.712688
924	3.495983
925	2.489539
926	2.850068
927	3.029405
928	2.873065
929	2.631819
930	3.184668
931	3.273285
932	3.518751
933	3.772373
934	3.524147
935	2.483184
936	2.913435
937	2.876195
938	2.801250
939	2.896583
940	2.777787
941	2.586330
942	2.740839
943	2.749399
944	3.862308
945	3.555348
946	3.048499
947	2.882216
948	3.188331
949	2.469155
950	3.146864
951	3.256763
952	3.498600
953	3.256102
954	3.068550
955	3.470591
956	3.074508
957	2.481895
958	3.189247
959	3.096417
960	3.023475
961	2.460042
962	3.161091
963	2.501640
964	3.061536
965	3.503155
966	3.371217
967	3.116632
968	3.070293
969	3.049607
970	2.582131
971	2.343609
972	3.284844
973	2.690465
974	3.284555
975	2.929914
976	2.607566
977	3.204763
978	1.860484
979	3.232058
980	2.958057
981	3.211556
982	3.207273
983	3.192883
984	2.635355
985	2.918703
986	2.676957
987	2.665577
988	2.472933
989	2.940391
990	2.462641
991	2.709447
992	2.981610
993	3.425667
994	2.756319
995	3.155217
996	3.509002
997	2.251976
998	2.732123
999	3.030528
1000	3.040081
1001	2.925150
1002	3.124949
1003	3.235027
1004	2.923848
1005	2.503477
1006	2.715512
1007	2.397832
1008	2.885689
1009	3.042077
1010	2.899191
1011	2.833513
1012	2.620325
1013	3.010565
1014	3.036412
1015	3.488652
1016	2.978634
1017	3.238627
1018	2.771967
1019	3.175925
1020	2.614440
1021	2.905741
1022	3.245729
1023	2.733826
1024	2.820159
1025	3.527194
1026	3.116538
1027	2.516267
1028	3.109389
1029	2.650755
1030	3.402616
1031	3.109116
1032	2.937822
1033	2.996097
1034	3.345773
1035	3.148920
1036	3.188432
1037	3.228142
1038	2.995597
1039	3.301908
1040	2.854505
1041	2.805958
1042	2.790895
1043	2.959206
1044	3.162657
1045	3.245551
1046	3.151921
1047	3.411774
1048	2.822658
1049	3.264904
1050	2.834943
1051	2.672434
1052	3.216613
1053	3.299666
1054	3.114788
1055	3.402851
1056	3.520738
1057	2.850302
1058	2.847086
1059	2.887993
1060	2.827667
1061	2.854849
1062	2.513544
1063	2.908247
1064	3.333917
1065	3.141990
1066	3.093235
1067	2.986285
1068	3.256409
1069	3.282804
1070	3.169195
1071	3.414221
1072	2.615550
1073	3.014050
1074	3.261702
1075	2.546292
1076	2.867351
1077	3.285742
1078	3.681059
1079	3.372284
1080	3.262514
1081	2.860297
1082	2.945318
1083	2.982969
1084	2.981191
1085	3.008605
1086	2.911512
1087	2.692693
1088	3.139060
1089	3.042345
1090	2.814267
1091	2.871881
1092	2.803373
1093	2.915922
1094	3.597680
1095	3.451681
1096	3.025971
1097	3.221739
1098	2.680187
1099	3.565501
1100	3.208146
1101	3.082888
1102	3.463062
1103	3.088527
1104	3.362811
1105	2.873412
1106	2.936189
1107	2.795283
1108	3.137964
1109	3.316338
1110	3.556473
1111	2.077523
1112	3.016703
1113	2.297085
1114	2.725986
1115	2.743246
1116	3.097838
1117	3.244580
1118	2.890692
1119	3.217281
1120	3.257039
1121	2.953523
1122	2.759185
1123	3.284449
1124	3.545787
1125	2.981845
1126	2.942108
1127	2.864210
1128	3.375175
1129	2.812312
1130	3.042515
1131	3.270305
1132	2.978675
1133	3.414645
1134	1.938943
1135	1.776879
1136	1.994017
1137	1.813533
1138	1.803634
1139	2.072150
1140	1.835809
1141	1.684517
1142	2.258562
1143	2.067607
1144	1.795829
1145	1.986277
1146	1.630798
1147	1.982171
1148	1.881569
1149	1.742010
1150	2.062814
1151	1.810939
1152	1.884038
1153	1.805602
1154	2.199682
1155	2.000426
1156	1.708596
1157	2.092080
1158	2.148698
1159	1.892910
1160	1.736348
1161	1.741896
1162	1.788435
1163	1.771694
1164	2.015416
1165	1.787289
1166	1.973068
1167	1.743588
1168	1.808149
1169	1.909188
1170	1.828933
1171	2.373794
1172	1.809034
1173	1.882339
1174	2.129649
1175	1.905309
1176	1.763122
1177	1.748771
1178	1.689261
1179	1.979975
1180	1.926447
1181	2.248579
1182	1.910444
1183	1.932459
1184	1.971802
1185	2.097355
1186	2.263737
1187	2.192373
1188	1.733263
1189	1.859246
1190	1.782078
1191	1.767398
1192	1.990100
1193	1.808784
1194	1.880664
1195	2.014075
1196	1.954379
1197	1.841142
1198	1.809004
1199	2.166864
1200	1.802470
1201	1.721452
1202	1.867136
1203	1.969010
1204	2.104591
1205	1.815076
1206	2.195861
1207	2.210159
1208	1.879308
1209	2.020396
1210	2.395747
1211	1.984211
1212	1.734042
1213	1.864215
1214	1.675739
1215	1.896575
1216	1.949205
1217	1.828251
1218	2.060995
1219	2.204655
1220	1.823238
1221	2.014870
1222	2.025167
1223	1.733464
1224	1.617436
1225	1.900657
1226	1.857095
1227	1.772061
1228	1.915621
1229	1.663641
1230	1.817387
1231	2.024919
1232	1.805547
1233	1.905885
1234	1.959286
1235	2.075717
1236	2.051074
1237	1.820879
1238	1.848107
1239	1.833740
1240	2.985046
1241	2.033814
1242	1.951128
1243	2.211900
1244	1.924423
1245	2.067608
1246	2.140514
1247	1.926474
1248	1.934373
1249	1.928936
1250	1.887486
1251	3.871460
1252	1.713768
1253	2.669381
1254	2.047292
1255	2.038358
1256	2.050438
1257	1.845779
1258	2.021931
1259	1.826582
1260	1.799583
1261	1.961070
1262	2.091529
1263	2.305038
1264	1.908010
1265	2.053704
1266	1.772059
1267	1.833931
1268	2.100334
1269	1.888598
1270	1.868207
1271	2.161250
1272	1.704992
1273	2.099738
1274	2.065165
1275	2.196406
1276	2.651263
1277	2.004719
1278	1.866681
1279	2.183987
1280	1.896233
1281	1.709882
1282	1.820467
1283	2.021956
1284	1.960739
1285	1.811214
1286	2.105256
1287	1.999201
1288	1.968223
1289	1.757101
1290	1.955966
1291	2.046975
1292	1.980732
1293	1.972638
1294	2.137242
1295	1.758550
1296	1.811215
1297	1.863384
1298	1.736490
1299	1.854561
1300	2.011093
1301	1.755849
1302	1.939330
1303	2.035043
1304	1.936414
1305	1.799695
1306	2.240178
1307	1.731359
1308	2.102998
1309	3.132554
1310	1.986227
1311	1.907591
1312	2.179771
1313	1.812015
1314	1.988971
1315	1.686002
1316	1.821428
1317	3.179576
1318	1.875607
1319	2.568754
1320	1.751571
1321	2.276598
1322	2.139766
1323	2.100024
1324	1.936025
1325	1.958417
1326	1.820467
1327	2.191005
1328	1.850703
1329	1.809805
1330	1.823239
1331	1.964102
1332	1.804301
1333	2.191209
1334	1.930129
1335	1.745995
1336	1.747828
1337	1.853106
1338	2.025092
1339	1.742211
1340	2.033839
1341	2.969191
1342	2.070435
1343	1.786532
1344	1.947947
1345	1.847078
1346	1.844044
1347	2.138083
1348	1.896155
1349	2.110877
1350	3.832140
1351	1.731415
1352	1.861855
1353	2.312704
1354	1.865771
1355	2.071545
1356	1.907197
1357	2.031871
1358	1.910236
1359	2.048950
1360	1.901105
1361	1.856179
1362	1.997699
1363	2.045727
1364	1.826417
1365	1.752113
1366	2.034454
1367	2.019356
1368	2.005642
1369	2.009230
1370	2.055773
1371	2.054508
1372	2.067535
1373	1.836790
1374	2.026672
1375	1.780197
1376	2.065817
1377	1.820247
1378	1.948256
1379	1.837308
1380	1.694373
1381	1.899000
1382	1.935175
1383	2.166980
1384	2.020323
1385	1.998151
1386	1.788547
1387	2.160765
1388	1.847592
1389	1.766409
1390	2.042792
1391	1.815957
1392	1.910209
1393	2.042278
1394	1.817801
1395	2.028003
1396	1.766126
1397	1.810497
1398	2.015961
1399	2.375099
1400	1.981438
1401	1.867967
1402	2.012908
1403	1.847756
1404	2.246463
1405	1.973777
1406	1.716072
1407	1.987914
1408	1.950128
1409	1.895283
1410	1.788239
1411	2.012907
1412	1.988846
1413	2.054482
1414	1.804744
1415	1.889629
1416	1.869037
1417	1.951767
1418	1.910473
1419	1.912146
1420	1.792791
1421	1.877151
1422	2.062111
1423	2.159141
1424	1.969011
1425	1.828279
1426	1.865368
1427	1.716684
1428	2.061309
1429	2.061795
1430	1.975576
1431	2.401562
1432	2.300153
1433	2.324887
1434	1.863598
1435	2.072099
1436	1.889471
1437	1.885895
1438	1.899107
1439	1.874298
1440	1.769238
1441	3.111284
1442	2.116930
1443	1.911909
1444	1.706105
1445	1.821867
1446	1.931166
1447	1.982777
1448	2.129651
1449	1.897656
1450	1.931683
1451	1.928443
1452	1.884701
1453	2.157291
1454	2.048148
1455	1.701555
1456	1.979368
1457	1.727950
1458	2.027905
1459	1.841166
1460	1.882150
1461	2.033866
1462	1.950945
1463	1.911175
1464	2.027681
1465	1.914733
1466	1.872806
1467	2.045703
1468	2.579649
1469	1.879175
1470	1.817635
1471	2.020396
1472	2.111869
1473	1.760626
1474	1.934398
1475	1.745110
1476	1.802083
1477	2.008734
1478	1.955120
1479	1.756986
1480	1.661563
1481	1.734529
1482	1.747397
1483	1.926889
1484	2.374637
1485	1.776090
1486	1.920519
1487	1.854154
1488	1.903705
1489	1.973294
1490	2.401627
1491	1.710234
1492	1.971598
1493	1.866896
1494	1.871392
1495	2.010324
1496	1.910656
1497	2.033864
1498	1.851781
1499	2.335488
1500	2.033446
1501	2.045507
1502	1.933650
1503	1.865609
1504	1.709534
1505	2.202818
1506	2.351361
1507	2.199751
1508	1.791342
1509	2.259336
1510	2.491928
1511	2.523726
1512	2.092915
1513	1.979824
1514	1.875261
1515	2.282675
1516	1.852728
1517	2.129250
1518	2.722610
1519	2.018763
1520	1.879415
1521	1.816618
1522	2.337584
1523	1.850052
1524	1.837961
1525	1.956580
1526	1.933856
1527	1.957398
1528	1.962167
1529	1.783730
1530	2.050392
1531	1.836000
1532	2.016035
1533	1.702996
1534	1.878137
1535	2.035561
1536	1.901865
1537	1.872778
1538	1.755590
1539	1.894755
1540	1.842389
1541	1.835241
1542	1.955352
1543	2.094111
1544	2.787866
1545	1.922212
1546	2.082907
1547	1.889815
1548	2.528892
1549	2.069662
1550	1.935613
1551	3.054096
1552	2.937379
1553	3.086001
1554	3.008802
1555	2.704718
1556	3.355994
1557	2.929468
1558	3.089498
1559	3.081862
1560	3.151522
1561	3.459638
1562	2.413754
1563	3.196578
1564	2.865467
1565	3.033381
1566	3.025493
1567	3.121873
1568	2.156316
1569	2.992086
1570	2.681904
1571	2.942552
1572	3.228654
1573	3.086000
1574	3.346849
1575	3.646888
1576	2.811369
1577	2.949119
1578	2.723712
1579	3.312100
1580	2.792314
1581	2.825104
1582	2.756340
1583	3.214421
1584	3.121330
1585	2.316333
1586	2.942840
1587	2.959763
1588	3.076019
1589	3.239381
1590	2.818262
1591	2.536475
1592	2.556464
1593	3.016886
1594	3.044698
1595	2.814072
1596	2.825351
1597	2.747962
1598	3.107432
1599	2.848335
1600	2.834395
1601	2.686002
1602	3.157119
1603	3.417982
1604	2.820515
1605	2.987993
1606	2.925149
1607	2.839875
1608	3.335163
1609	3.172964
1610	3.240588
1611	2.696164
1612	3.007823
1613	3.057744
1614	2.885758
1615	2.767146
1616	2.788585
1617	2.718639
1618	2.967507
1619	2.516526
1620	2.842341
1621	2.913484
1622	2.976592
1623	3.252539
1624	2.960337
1625	3.052489
1626	2.635394
1627	3.590403
1628	3.278932
1629	2.510080
1630	2.940918
1631	3.043321
1632	2.954239
1633	3.346176
1634	2.749363
1635	3.047804
1636	2.914687
1637	2.918716
1638	2.775192
1639	3.676493
1640	3.286731
1641	2.971214
1642	3.054358
1643	2.953033
1644	2.681940
1645	3.564955
1646	3.157040
1647	3.038765
1648	2.968417
1649	2.906427
1650	2.791219
1651	2.883436
1652	3.267797
1653	2.933342
1654	2.696982
1655	2.906839
1656	3.031269
1657	3.051835
1658	2.816524
1659	3.019802
1660	3.224437
1661	3.002550
1662	3.144487
1663	3.163495
1664	2.840387
1665	3.092602
1666	3.047769
1667	2.731464
1668	2.583699
1669	3.080747
1670	3.259817
1671	3.192007
1672	2.965434
1673	2.392844
1674	3.064784
1675	3.057989
1676	3.754318
1677	3.298210
1678	3.442296
1679	2.988996
1680	2.897172
1681	3.252230
1682	3.497156
1683	2.871724
1684	2.901070
1685	2.792579
1686	3.122354
1687	2.757916
1688	3.239428
1689	3.193274
1690	3.198373
1691	2.734977
1692	2.795889
1693	2.884961
1694	3.094561
1695	2.981375
1696	3.417177
1697	2.976441
1698	2.800518
1699	3.205465
1700	2.899672
1701	3.254552
1702	2.981681
1703	3.300984
1704	2.750000
1705	2.969007
1706	2.999616
1707	2.994229
1708	2.943552
1709	2.867055
1710	2.684380
1711	2.710351
1712	2.988394
1713	2.584165
1714	3.250801
1715	2.418595
1716	2.747144
1717	2.714334
1718	2.661014
1719	3.104335
1720	2.873569
1721	3.171183
1722	3.000349
1723	2.638844
1724	2.897136
1725	3.561812
1726	3.036808
1727	3.254427
1728	2.833672
1729	2.988596
1730	3.383653
1731	3.194542
1732	3.509916
1733	3.193899
1734	3.071579
1735	2.444932
1736	2.403770
1737	3.199280
1738	3.273972
1739	3.015330
1740	2.851476
1741	2.279759
1742	2.372443
1743	2.946879
1744	2.626958
1745	3.067932
1746	2.900588
1747	2.794923
1748	2.646300
1749	2.515651
1750	2.670487
1751	3.202827
1752	2.875308
1753	3.227724
1754	2.447265
1755	3.020512
1756	3.102531
1757	2.839878
1758	3.074118
1759	2.934366
1760	3.002465
1761	3.070635
1762	3.151587
1763	3.162436
1764	2.827366
1765	3.367641
1766	2.639773
1767	3.285194
1768	2.780306
1769	3.506637
1770	2.904410
1771	3.366318
1772	2.996949
1773	3.152349
1774	2.819822
1775	3.016505
1776	2.578584
1777	2.789156
1778	2.891402
1779	2.701814
1780	3.004396
1781	2.677481
1782	2.714609
1783	2.940799
1784	3.096741
1785	2.189635
1786	3.473140
1787	2.875847
1788	3.450232
1789	2.944928
1790	3.345354
1791	2.840300
1792	3.128034
1793	2.838345
1794	2.874578
1795	3.040806
1796	3.529504
1797	2.778833
1798	3.060213
1799	2.579534
1800	2.685237
1801	3.320889
1802	3.125589
1803	3.001083
1804	2.428848
1805	2.950356
1806	3.213585
1807	2.824144
1808	2.585266
1809	3.185876
1810	2.787222
1811	2.902914
1812	3.301089
1813	2.560390
1814	2.581260
1815	3.283317
1816	3.061049
1817	2.663343
1818	3.394511
1819	2.863982
1820	2.692675
1821	3.233356
1822	2.560488
1823	3.412608
0	3.343965
1	1.850108
2	2.161065
3	1.710584
4	1.872273
5	1.915360
6	1.947640
7	1.930388
8	1.899737
9	2.081968
10	1.918984
11	1.919114
12	2.250935
13	2.005791
14	2.147300
15	1.899499
16	1.973651
17	2.062259
18	2.119293
19	1.750742
20	2.445281
21	3.319970
22	1.926473
23	2.490362
24	2.007684
25	1.938583
26	1.971318
27	1.881063
28	1.810278
29	1.733235
30	1.859493
31	1.763801
32	2.050754
33	2.868557
34	2.493232
35	2.103782
36	2.404349
37	2.672342
38	1.969975
39	2.094703
40	1.855881
41	2.461241
42	1.977195
43	1.923588
44	2.036517
45	3.145332
46	2.645090
47	2.077811
48	1.832295
49	1.847618
50	1.921820
51	1.725660
52	1.815187
53	1.996420
54	3.200017
55	2.367554
56	2.072485
57	1.741181
58	2.863426
59	2.049149
60	1.858626
61	2.078029
62	2.189293
63	2.202633
64	1.856690
65	3.042975
66	1.828058
67	1.756985
68	1.821375
69	2.998966
70	2.572584
71	2.113317
72	2.207803
73	2.189568
74	1.913191
75	1.873607
76	1.891082
77	2.438463
78	2.191941
79	2.339019
80	2.433312
81	2.526699
82	2.026498
83	2.311041
84	1.777247
85	1.790277
86	1.910552
87	1.965499
88	1.952743
89	1.933778
90	1.794131
91	2.430863
92	2.720017
93	2.294865
94	2.617996
95	3.629671
96	1.850190
97	2.486843
98	3.655611
99	2.095971
100	1.897209
101	2.341068
102	2.402164
103	1.805380
104	2.077451
105	1.834011
106	3.698175
107	2.195679
108	1.856288
109	2.461768
110	1.772258
111	1.978763
112	2.059563
113	1.806461
114	2.011046
115	2.306578
116	2.177038
117	2.060532
118	2.285040
119	3.771951
120	1.937859
121	2.045533
122	1.888225
123	2.395494
124	1.738676
125	1.773722
126	2.518351
127	3.202293
128	2.278266
129	1.894440
130	2.262919
131	1.865610
132	2.625890
133	1.961351
134	2.166357
135	1.912067
136	2.709353
137	1.929301
138	2.841020
139	2.038186
140	1.953715
141	2.398437
142	1.946639
143	1.843963
144	2.583524
145	1.939613
146	1.970659
147	2.006016
148	2.764162
149	2.980872
150	1.938169
151	2.085401
152	1.842523
153	2.546253
154	2.214454
155	2.417975
156	1.996846
157	1.878883
158	2.113954
159	1.720495
160	2.122144
161	1.987913
162	2.147233
163	2.416465
164	2.101691
165	1.831422
166	1.994318
167	2.461828
168	2.362794
169	2.673595
170	2.076851
171	2.016383
172	2.000326
173	2.125042
174	2.155388
175	2.339447
176	2.523867
177	1.881863
178	1.879068
179	1.937034
180	2.652453
181	2.425221
182	1.896784
183	1.903183
184	1.846455
185	1.953176
186	2.425573
187	1.906070
188	1.921302
189	2.151278
190	1.876432
191	1.814551
192	1.972967
193	1.972257
194	2.609332
195	1.822335
196	1.976792
197	2.061698
198	1.825843
199	1.948613
200	1.842309
201	2.022523
202	2.226567
203	2.779317
204	1.996747
205	2.340983
206	1.938351
207	1.908165
208	2.055163
209	2.016558
210	1.897840
211	1.908508
212	2.635602
213	2.998800
214	1.924942
215	1.974992
216	1.949770
217	1.997199
218	2.201999
219	2.247264
220	2.051926
221	2.456420
222	1.940850
223	2.005643
224	1.855449
225	2.960673
226	1.989926
227	2.064584
228	2.229753
229	1.985877
230	1.935281
231	1.916613
232	1.903419
233	1.863865
234	2.854698
235	2.394849
236	2.225399
237	1.909974
238	2.145741
239	2.823774
240	1.964815
241	2.411742
242	1.974767
243	3.353105
244	1.984817
245	1.964814
246	1.985775
247	2.235218
248	1.986580
249	2.577014
250	2.113291
251	1.977701
252	2.234591
253	2.454669
254	1.925772
255	1.846157
256	1.719593
257	2.033448
258	2.037006
259	2.258805
260	1.791116
261	1.804218
262	2.804460
263	2.420867
264	1.902235
265	1.903811
266	2.317886
267	1.927979
268	2.008705
269	2.496738
270	2.115867
271	2.110095
272	2.321077
273	2.319008
274	2.036148
275	2.500679
276	2.612279
277	2.073501
278	1.923278
279	1.948974
280	2.353274
281	1.912955
282	2.032781
283	1.931346
284	2.512847
285	1.984061
286	1.912197
287	1.837089
288	2.445650
289	2.687900
290	2.248332
291	2.050024
292	2.765105
293	2.068817
294	1.778119
295	2.290677
296	1.870777
297	2.703144
298	1.799888
299	1.743130
300	2.046951
301	2.178918
302	2.090309
303	2.018983
304	1.888943
305	1.830547
306	1.881728
307	2.173961
308	2.007736
309	2.003919
310	2.438647
311	2.310108
312	2.108861
313	2.096998
314	1.791898
315	2.894236
316	2.015093
317	3.132427
318	1.725951
319	2.144131
320	2.300890
321	1.892116
322	2.079160
323	2.288121
324	1.902868
325	2.481089
326	1.855533
327	1.997223
328	1.860914
329	2.469900
330	2.008035
331	2.839067
332	2.021733
333	2.014796
334	1.921536
335	1.921692
336	1.890664
337	1.883694
338	3.168659
339	2.180779
340	2.374321
341	1.972689
342	1.778200
343	3.710660
344	1.940128
345	2.346870
346	1.853238
347	2.127650
348	2.027683
349	2.085859
350	1.779129
351	2.057280
352	2.283638
353	3.095723
354	1.917315
355	1.926032
356	2.236382
357	2.239689
358	1.820384
359	2.061093
360	2.063856
361	1.890688
362	1.873872
363	2.706935
364	3.379362
365	2.720239
366	2.319933
367	1.945818
368	1.962397
369	1.994516
370	2.136658
371	2.867610
372	2.471215
373	2.667900
374	3.037697
375	2.600115
376	2.969124
377	1.909982
378	2.883142
379	2.422293
380	2.820707
381	2.368092
382	2.424809
383	2.117190
384	1.915254
385	1.765675
386	1.747855
387	2.021928
388	1.911518
389	1.853376
390	1.865074
391	1.752542
392	2.053095
393	2.654599
394	2.613428
395	2.036100
396	1.891585
397	2.847826
398	2.488493
399	2.009872
400	2.190934
401	2.075405
402	2.006315
403	1.718166
404	3.047901
405	1.737903
406	2.259491
407	1.964537
408	2.071858
409	1.645997
410	2.014671
411	2.111612
412	2.517417
413	1.700968
414	1.812014
415	2.083220
416	3.169559
417	2.482318
418	2.914464
419	1.811437
420	1.746942
421	1.960739
422	1.867884
423	1.848081
424	1.955657
425	2.104661
426	2.012413
427	1.831972
428	1.763974
429	1.714992
430	1.977960
431	2.139462
432	1.700971
433	2.407407
434	2.525131
435	2.105801
436	1.754593
437	3.250985
438	2.036273
439	1.730378
440	2.468076
441	2.527391
442	1.763434
443	2.312098
444	1.918488
445	2.443401
446	3.047179
447	1.904256
448	1.831503
449	2.070215
450	1.742777
451	2.059077
452	3.311148
453	2.378951
454	3.397235
455	1.934578
456	2.091843
457	3.526400
458	2.173613
459	2.629411
460	3.398441
461	2.394932
462	3.338097
463	2.361630
464	2.203134
465	2.100736
466	1.907591
467	3.232988
468	1.789888
469	2.160116
470	2.104138
471	1.832456
472	1.733205
473	1.791592
474	1.840461
475	2.369767
476	3.130767
477	1.992087
478	2.626346
479	2.251501
480	1.812705
481	2.700167
482	2.944707
483	1.910210
484	1.756588
485	1.775866
486	1.868181
487	2.078124
488	1.844397
489	2.514618
490	3.024733
491	2.582655
492	2.539311
493	1.845506
494	3.719905
495	2.004021
496	1.921950
497	1.969924
498	1.959338
499	2.086480
500	2.105278
501	2.395754
502	3.177059
503	2.003495
504	2.551393
505	2.539629
506	2.324756
507	2.070073
508	3.324184
509	1.963721
510	2.544563
511	1.985751
512	1.871393
513	2.989999
514	2.176441
515	2.283002
516	1.980555
517	2.270990
518	1.920158
519	2.588087
520	1.742582
521	2.026968
522	1.991834
523	1.879788
524	2.107818
525	1.931320
526	1.830984
527	1.876035
528	2.963124
529	1.647058
530	1.659697
531	1.989097
532	1.900052
533	2.200500
534	2.123206
535	1.735337
536	1.786841
537	1.794131
538	1.890000
539	1.742582
540	1.942654
541	1.916924
542	2.101664
543	2.199931
544	2.084274
545	1.714321
546	1.958800
547	1.643110
548	1.758579
549	2.095258
550	2.362707
551	1.863276
552	3.498985
553	1.894468
554	3.149176
555	1.871898
556	2.080314
557	2.207623
558	1.855693
559	1.832075
560	1.753654
561	2.392486
562	2.972761
563	2.119198
564	2.323209
565	1.930000
566	3.985738
567	2.162153
568	1.866977
569	1.862766
570	2.042937
571	2.054872
572	2.133566
573	2.140234
574	2.215312
575	1.902079
576	2.120801
577	2.589112
578	2.076488
579	1.867218
580	1.832402
581	2.899412
582	2.029016
583	1.941418
584	1.912120
585	2.032218
586	2.040933
587	1.829235
588	2.236202
589	1.837226
590	2.030910
591	3.278946
592	1.692013
593	2.636077
594	2.050193
595	1.989221
596	1.820687
597	2.317025
598	2.272048
599	1.769122
600	1.851215
601	1.705842
602	2.225533
603	1.895152
604	1.980051
605	1.897709
606	2.673369
607	1.865314
608	1.921120
609	2.054165
610	2.465380
611	2.594822
612	2.663118
613	1.938866
614	2.589884
615	1.764370
616	1.871471
617	1.970026
618	1.935924
619	2.066132
620	2.229215
621	1.758920
622	1.748313
623	2.352742
624	1.867779
625	1.915985
626	1.877898
627	3.189561
628	2.001873
629	1.709356
630	1.810579
631	2.335422
632	2.526084
633	2.085474
634	1.837525
635	1.847052
636	1.871096
637	1.924708
638	1.992737
639	1.964155
640	2.139742
641	2.124572
642	2.421735
643	1.978434
644	1.799636
645	1.811246
646	1.970303
647	1.899580
648	2.034818
649	2.273081
650	1.907904
651	1.956760
652	1.710001
653	1.862257
654	1.955863
655	1.923669
656	1.995721
657	2.317950
658	1.888330
659	1.990979
660	2.179198
661	2.209028
662	2.008258
663	2.106252
664	1.822828
665	2.056647
666	1.726615
667	2.284842
668	1.805491
669	1.761392
670	2.062693
671	1.933237
672	2.132533
673	1.611769
674	3.645861
675	2.546154
676	2.604880
677	2.147509
678	1.981944
679	2.013107
680	1.853266
681	1.962320
682	2.259956
683	1.887724
684	2.088372
685	1.804135
686	1.963796
687	2.448858
688	2.753707
689	1.916297
690	2.223264
691	1.824857
692	2.081850
693	1.869439
694	2.014200
695	1.938790
696	2.370677
697	1.725367
698	2.763999
699	1.838398
700	2.176854
701	3.203638
702	1.782694
703	1.865314
704	2.183093
705	1.856906
706	1.791367
707	2.138343
708	1.751573
709	1.817966
710	3.396264
711	1.939614
712	2.078798
713	1.918176
714	3.155408
715	2.133987
716	2.178463
717	1.899395
718	1.850539
719	2.522497
720	1.918827
721	2.571479
722	2.102832
723	1.933908
724	1.946202
725	1.858090
726	2.446158
727	2.371370
728	1.960893
729	2.367214
730	1.963111
731	1.912930
732	1.811132
733	2.417975
734	2.470810
735	1.785664
736	1.789582
737	1.919375
738	1.846456
739	2.072174
740	2.232173
741	2.021508
742	2.130399
743	2.810943
744	2.209999
745	2.673182
746	1.874992
747	2.006739
748	1.940516
749	2.028275
750	2.104616
751	2.102311
752	3.297181
753	2.344951
754	2.188720
755	1.727656
756	2.083122
757	1.975502
758	2.046708
759	1.917184
760	1.853912
761	1.761649
762	2.148717
763	2.615585
764	2.251444
765	2.347936
766	2.103545
767	2.217071
768	1.821593
769	1.903969
770	2.196476
771	2.005293
772	2.237364
773	2.089617
774	1.935692
775	1.786560
776	1.944170
777	2.065815
778	2.156060
779	1.945611
780	2.106607
781	2.391211
782	2.176695
783	1.857362
784	1.847483
785	2.014151
786	2.070218
787	2.284973
788	1.784683
789	1.881621
790	2.361377
791	2.786397
792	2.122591
793	3.577834
794	2.213254
795	1.898868
796	1.871576
797	2.212940
798	2.005271
799	1.855019
800	2.221552
801	1.875152
802	2.065770
803	1.828691
804	2.429507
805	3.361874
806	2.309458
807	1.960051
808	2.691077
809	1.770506
810	2.415845
811	2.062860
812	2.034234
813	2.534897
814	2.053388
815	3.119037
816	3.494739
817	1.886400
818	2.736182
819	2.129930
820	2.241563
821	2.043576
822	2.004544
823	2.182293
824	2.556659
825	2.141494
826	1.765902
827	1.836600
828	1.860484
829	1.968809
830	1.983153
831	2.038481
832	2.061018
833	2.012512
834	2.239732
835	2.455850
836	1.953203
837	1.994844
838	2.382478
839	1.998699
840	1.865503
841	1.686446
842	1.682914
843	2.676379
844	2.071014
845	2.018910
846	1.782273
847	2.555152
848	1.860161
849	3.297028
850	2.072728
851	1.896786
852	1.787763
853	2.126241
854	1.873233
855	3.554785
856	3.112426
857	2.072824
858	2.086097
859	2.034748
860	2.504815
861	1.895521
862	2.185292
863	1.936648
864	1.869395
865	1.830738
866	1.991279
867	1.830236
868	1.911465
869	1.804882
870	1.899142
871	1.769322
872	2.051792
873	2.777251
874	2.608332
875	2.014026
876	1.986781
877	2.200683
878	2.194858
879	2.076223
880	3.517428
881	3.643749
882	1.708244
883	3.581256
884	2.280131
885	2.081225
886	3.059460
887	2.914105
888	3.588662
889	2.029631
890	1.997624
891	1.916377
892	2.467892
893	2.971300
894	1.981847
895	2.095255
896	1.754166
897	2.086863
898	2.062572
899	2.300869
900	1.908767
901	2.352018
902	2.334993
903	1.824227
904	2.239577
905	2.116152
906	1.985576
907	2.010397
908	2.253486
909	2.178670
910	2.410830
911	2.075149
912	2.526776
913	1.922344
914	1.849217
915	2.547477
916	1.992106
917	2.463027
918	2.991669
919	2.623911
920	2.049025
921	2.359555
922	3.471973
923	2.659564
924	2.300739
925	1.890080
926	2.775454
927	3.236016
928	2.046460
929	1.938815
930	1.956415
931	1.867725
932	1.874380
933	1.881068
934	1.912824
935	2.397104
936	3.262912
937	2.257721
938	2.989734
939	3.219626
940	2.959798
941	2.038894
942	2.187325
943	2.624158
944	1.823241
945	3.426863
946	2.890643
947	3.005213
948	2.936154
949	3.299000
950	1.723168
951	2.376259
952	3.148412
953	1.926758
954	2.801250
955	1.870051
956	3.354326
957	2.287073
958	2.762065
959	1.966722
960	3.097884
961	2.870298
962	2.166428
963	1.894571
964	2.094683
965	2.250357
966	2.777283
967	2.970959
968	2.074632
969	2.787919
970	2.682555
971	3.182124
972	2.102020
973	2.293402
974	2.290938
975	3.077189
976	2.857603
977	2.629486
978	1.898551
979	3.105945
980	2.025119
981	2.079664
982	2.484855
983	2.155572
984	2.698259
985	2.218425
986	2.826465
987	2.350427
988	2.407176
989	2.950476
990	3.113278
991	2.868204
992	2.987322
993	2.897742
994	2.751945
995	2.996451
996	1.944043
997	2.374554
998	2.909590
999	2.551392
1000	2.807580
1001	2.472671
1002	2.682480
1003	3.030081
1004	2.490485
1005	2.661353
1006	3.213811
1007	3.196843
1008	2.858157
1009	3.125553
1010	3.056320
1011	3.155343
1012	2.671349
1013	2.504575
1014	3.482700
1015	2.945333
1016	2.756537
1017	3.035424
1018	2.912764
1019	2.410268
1020	2.795675
1021	3.125939
1022	3.329474
1023	2.950475
1024	2.784298
1025	3.188571
1026	3.199764
1027	3.175312
1028	2.009703
1029	1.893066
1030	3.047980
1031	2.937449
1032	2.834114
1033	2.269756
1034	2.401500
1035	2.760978
1036	1.967076
1037	2.451061
1038	2.104353
1039	2.805727
1040	2.931535
1041	2.833672
1042	3.133531
1043	2.537024
1044	1.914497
1045	2.979666
1046	2.417068
1047	2.289234
1048	2.897484
1049	2.937433
1050	2.119670
1051	2.755706
1052	3.091844
1053	3.544051
1054	2.799748
1055	3.007078
1056	2.710812
1057	2.898447
1058	2.799623
1059	2.850155
1060	2.690522
1061	2.398459
1062	3.036085
1063	3.112636
1064	2.768644
1065	2.542225
1066	2.517262
1067	2.553194
1068	3.263390
1069	2.621621
1070	2.940222
1071	2.717095
1072	2.000999
1073	2.556031
1074	2.969139
1075	2.903378
1076	2.361482
1077	2.966397
1078	3.174365
1079	3.232616
1080	3.071303
1081	2.377579
1082	2.720460
1083	2.597325
1084	2.396226
1085	2.914705
1086	1.887988
1087	2.813024
1088	2.706809
1089	3.251261
1090	2.903001
1091	2.938858
1092	2.936835
1093	3.117051
1094	3.114192
1095	3.053012
1096	2.970975
1097	3.263174
1098	3.155597
1099	2.627336
1100	3.319955
1101	3.054323
1102	3.018891
1103	2.770903
1104	2.770430
1105	3.459189
1106	2.527234
1107	3.238733
1108	3.236418
1109	3.077173
1110	1.789246
1111	2.579399
1112	2.048805
1113	3.011331
1114	2.238636
1115	2.872280
1116	2.635336
1117	2.700907
1118	2.808627
1119	3.159066
1120	3.591683
1121	2.787453
1122	2.773157
1123	2.969276
1124	3.038057
1125	3.029587
1126	2.429813
1127	2.668276
1128	2.460407
1129	3.079239
1130	2.673369
1131	2.852525
1132	2.970672
1133	2.404538
1134	3.192694
1135	2.705660
1136	2.569941
1137	3.079301
1138	2.570176
1139	2.456277
1140	2.596422
1141	2.911804
1142	3.067978
1143	2.982768
1144	2.547037
1145	3.154569
1146	2.468056
1147	2.855362
1148	2.915835
1149	2.789427
1150	2.633382
1151	2.596036
1152	2.206376
1153	2.566282
1154	2.520120
1155	2.188447
1156	2.727525
1157	2.984981
1158	2.907421
1159	2.902032
1160	2.688792
1161	2.955809
1162	2.559904
1163	3.182719
1164	2.580116
1165	2.777158
1166	2.486683
1167	2.808753
1168	2.474390
1169	3.026564
1170	3.084296
1171	2.603536
1172	2.428683
1173	2.083915
1174	2.739014
1175	2.554155
1176	2.807509
1177	2.722369
1178	3.034289
1179	3.017829
1180	1.973983
1181	2.243811
1182	2.416733
1183	2.905911
1184	2.670805
1185	3.212646
1186	2.951713
1187	3.158782
1188	2.675483
1189	2.512310
1190	2.186435
1191	2.601556
1192	3.183175
1193	2.022745
1194	1.873231
1195	3.123540
1196	2.848824
1197	3.011414
1198	2.991622
1199	2.912405
1200	2.932167
1201	2.799876
1202	2.752617
1203	2.251425
1204	2.363005
1205	3.055946
1206	2.477439
1207	2.882881
1208	2.520119
1209	1.872832
1210	2.646414
1211	1.884092
1212	2.804997
1213	2.280942
1214	2.591699
1215	3.027228
1216	2.194766
1217	2.968197
1218	2.382982
1219	1.940336
1220	2.463291
1221	2.667154
1222	2.105469
1223	3.107765
1224	2.641363
1225	1.898843
1226	3.195920
1227	2.462113
1228	2.071763
1229	2.052584
1230	2.547332
1231	2.116436
1232	2.110096
1233	2.022400
1234	2.054896
1235	3.038600
1236	1.942603
1237	2.874804
1238	2.690464
1239	2.407696
1240	1.841249
1241	2.449857
1242	1.813532
1243	2.166703
1244	3.028367
1245	2.884735
1246	2.578838
1247	1.807123
1248	2.693159
1249	2.166378
1250	2.676322
1251	3.133913
1252	2.178325
1253	3.252338
1254	2.422002
1255	2.857726
1256	2.837641
1257	2.886847
1258	2.551352
1259	2.541610
1260	3.035392
1261	2.250289
1262	2.400748
1263	2.719893
1264	2.036589
1265	1.784658
1266	2.471317
1267	2.827739
1268	2.676173
1269	3.001949
1270	3.325174
1271	2.434810
1272	2.079372
1273	2.532389
1274	2.292795
1275	2.847874
1276	2.676226
1277	2.008407
1278	2.597404
1279	2.340492
1280	2.483348
1281	2.713780
1282	2.755540
1283	1.941879
1284	2.906357
1285	3.402617
1286	2.654996
1287	3.223430
1288	2.684582
1289	3.171341
1290	1.813091
1291	2.764888
1292	2.350550
1293	2.672430
1294	2.448611
1295	2.556443
1296	2.773807
1297	2.986469
1298	2.296823
1299	2.015491
1300	2.416009
1301	3.097501
1302	2.110399
1303	2.251112
1304	2.802178
1305	2.829276
1306	2.826113
1307	2.911530
1308	2.901000
1309	1.944555
1310	2.181811
1311	3.019585
1312	2.797748
1313	2.068091
1314	2.682333
1315	2.684325
1316	2.255882
1317	2.854961
1318	3.030181
1319	2.412986
1320	3.031735
1321	2.431995
1322	2.247332
1323	3.261932
1324	2.932523
1325	3.454128
1326	2.490362
1327	2.440715
1328	2.751381
1329	2.669551
1330	3.125603
1331	2.282830
1332	2.597691
1333	2.611839
1334	2.857096
1335	2.842288
1336	2.610707
1337	3.407374
1338	3.361948
1339	2.914397
1340	2.655109
1341	2.949473
1342	2.713078
1343	2.024177
1344	2.687507
1345	2.642668
1346	3.055060
1347	3.292722
1348	3.442068
1349	2.491486
1350	3.140988
1351	2.936886
1352	3.074102
1353	1.954531
1354	2.364867
1355	2.940578
1356	2.978003
1357	2.907646
1358	2.535469
1359	2.776672
1360	2.803660
1361	2.885601
1362	2.781707
1363	3.183628
1364	2.280482
1365	2.120121
1366	2.482678
1367	2.968063
1368	1.832431
1369	3.112702
1370	2.442172
1371	2.005516
1372	2.887784
1373	2.958141
1374	2.472450
1375	3.009881
1376	2.271101
1377	2.857866
1378	3.166797
1379	2.063153
1380	2.324308
1381	2.500980
1382	2.538502
1383	3.358378
1384	2.885932
1385	3.059445
1386	2.861275
1387	2.869512
1388	1.857578
1389	2.762935
1390	2.829929
1391	3.156597
1392	1.790364
1393	2.246197
1394	1.993414
1395	2.422623
1396	1.913113
1397	2.604113
1398	2.771587
1399	2.456827
1400	3.126372
1401	2.877238
1402	2.363430
1403	1.869278
1404	2.587527
1405	2.870018
1406	2.781851
1407	2.119270
1408	2.776832
1409	3.290305
1410	2.842551
1411	2.680485
1412	2.386168
1413	2.900430
1414	2.919811
1415	3.098580
1416	2.829806
1417	2.323381
1418	2.843343
1419	2.376046
1420	2.719945
1421	2.742991
1422	3.143088
1423	2.860279
1424	2.617269
1425	2.453040
1426	2.351297
1427	1.856585
1428	2.611398
1429	2.672169
1430	2.706788
1431	3.453765
1432	2.702980
1433	2.925303
1434	2.452529
1435	2.653111
1436	3.357052
1437	3.644010
1438	2.711661
1439	2.302780
1440	2.737448
1441	2.701759
1442	2.834166
1443	3.111366
1444	2.966359
1445	2.866652
1446	2.185887
1447	2.920239
1448	2.755012
1449	3.602719
1450	3.081840
1451	2.890040
1452	2.771876
1453	2.601575
1454	2.429087
1455	1.957501
1456	2.007809
1457	2.152534
1458	2.494654
1459	2.531050
1460	2.836231
1461	3.478279
1462	2.609203
1463	2.705623
1464	2.716781
1465	2.773120
1466	3.294291
1467	3.183474
1468	2.756174
1469	3.013059
1470	2.838732
1471	3.232381
1472	2.672566
1473	2.905357
1474	2.838136
1475	2.629258
1476	2.670841
1477	2.683003
1478	2.762232
1479	2.689032
1480	2.343102
1481	3.128755
1482	2.204746
1483	3.176887
1484	2.903686
1485	1.986404
1486	1.931560
1487	2.646223
1488	1.861531
1489	3.107363
1490	1.898607
1491	2.378070
1492	2.895602
1493	2.403101
1494	2.527093
1495	2.997968
1496	1.751485
1497	2.503702
1498	2.170214
1499	2.598981
1500	2.229214
1501	2.539675
1502	3.168218
1503	2.667545
1504	2.251422
1505	2.927269
1506	2.980519
1507	1.911364
1508	2.123602
1509	2.310279
1510	3.125652
1511	3.141035
1512	2.474368
1513	3.034881
1514	3.127092
1515	2.894633
1516	2.909347
1517	2.917274
1518	2.634654
1519	2.528737
1520	2.632887
1521	2.553626
1522	2.744267
1523	3.059641
1524	2.840496
1525	3.192198
1526	3.146125
1527	2.744120
1528	3.250017
1529	3.376362
1530	3.542572
1531	2.643351
1532	2.716042
1533	1.995047
1534	2.625737
1535	3.112590
1536	2.226881
1537	2.261267
1538	2.674998
1539	3.220900
1540	2.722458
1541	2.853561
1542	2.779799
1543	3.414287
1544	2.348297
1545	2.895584
1546	2.589614
1547	3.282939
1548	2.944449
1549	2.799658
1550	3.185264
1551	2.893476
1552	2.038284
1553	2.602865
1554	3.076421
1555	2.804440
1556	2.795532
1557	2.333945
1558	1.829236
1559	2.758313
1560	2.747832
1561	2.630303
1562	3.164080
1563	3.016836
1564	2.629962
1565	2.538074
1566	2.755615
1567	2.636786
1568	3.033712
1569	2.689421
1570	2.475198
1571	2.720901
1572	2.904865
1573	2.798537
1574	3.172924
1575	2.995162
1576	2.604723
1577	2.907044
1578	2.704427
1579	3.091753
1580	2.577464
1581	2.707662
1582	2.603745
1583	2.520637
1584	2.932064
1585	1.841324
1586	2.998899
1587	2.817625
1588	2.385569
1589	2.761826
1590	2.409338
1591	2.704237
1592	2.673032
1593	2.140935
1594	3.159570
1595	2.698069
1596	2.398231
1597	2.440735
1598	3.034458
1599	2.729390
1600	2.615589
1601	3.053656
1602	2.970249
1603	2.925695
1604	3.309049
1605	3.161090
1606	2.697766
1607	2.888271
1608	3.222030
1609	2.787599
1610	2.750745
1611	2.917618
1612	2.692693
1613	3.449337
1614	2.474998
1615	2.548395
1616	3.185308
1617	2.484556
1618	3.154926
1619	2.506371
1620	2.330450
1621	3.196885
1622	3.079809
1623	2.957856
1624	2.883701
1625	2.671515
1626	3.134537
1627	3.226841
1628	3.120086
1629	2.959001
1630	2.541933
1631	1.846437
1632	3.066347
1633	2.306535
1634	2.605687
1635	2.809163
1636	2.677805
1637	2.977521
1638	2.748199
1639	2.386674
1640	2.974531
1641	2.727749
1642	2.847560
1643	3.105814
1644	2.734153
1645	2.848262
1646	2.838047
1647	3.240693
1648	2.777802
1649	2.133940
1650	2.931465
1651	3.321707
1652	3.022619
1653	2.683118
1654	2.852682
1655	3.109256
1656	2.240134
1657	2.726508
1658	2.803335
1659	1.963214
1660	2.686040
1661	2.617937
1662	2.939060
1663	2.684063
1664	2.657214
1665	2.448575
1666	2.679500
1667	2.239416
1668	2.420040
1669	2.592717
1670	2.997922
1671	3.048296
1672	2.957074
1673	2.916130
1674	2.961756
1675	3.131692
1676	2.722378
1677	3.075736
1678	2.760601
1679	3.037550
1680	3.309820
1681	2.476311
1682	2.933755
1683	2.678471
1684	3.105515
1685	2.942548
1686	3.054879
1687	2.671773
1688	3.012306
1689	2.394721
1690	2.969955
1691	2.860034
1692	2.740954
1693	2.890038
1694	3.117408
1695	2.702980
1696	3.030032
1697	2.800390
1698	2.668692
1699	2.752013
1700	2.931776
1701	2.723329
1702	2.510219
1703	2.577382
1704	2.225241
1705	2.704961
1706	2.868403
1707	2.313613
1708	1.914810
1709	2.864366
1710	3.194013
1711	3.181350
1712	1.882445
1713	3.114625
1714	2.070677
1715	3.049247
1716	3.171390
1717	2.747562
1718	2.983035
1719	2.585383
1720	2.516266
1721	2.893805
1722	2.828537
1723	3.063676
1724	3.095627
1725	3.108871
1726	2.850090
1727	3.621505
1728	2.634923
1729	2.476402
1730	3.328096
1731	2.972309
1732	2.990302
1733	2.381348
1734	2.930359
1735	3.123798
1736	2.953120
1737	2.510514
1738	2.881768
1739	3.192751
1740	2.453833
1741	3.012790
1742	2.898517
1743	2.923937
1744	2.731688
1745	2.924399
1746	2.804296
1747	3.075919
1748	3.201952
1749	3.042532
1750	2.508193
1751	2.854664
1752	2.400541
1753	2.388200
1754	2.719502
1755	3.158936
1756	3.255611
1757	3.204842
1758	2.602559
1759	2.657725
1760	3.147741
1761	2.030004
1762	2.820722
1763	2.835227
1764	3.068716
1765	2.278022
1766	3.023540
1767	2.533293
1768	3.082347
1769	3.253520
1770	1.969900
1771	3.102068
1772	2.667477
1773	2.659964
1774	3.320624
1775	2.877029
1776	2.810183
1777	2.753637
1778	2.623236
1779	2.166677
1780	2.406431
1781	3.047446
1782	2.283818
1783	2.003645
1784	2.639411
1785	3.135539
1786	2.516109
1787	2.917274
1788	3.014398
1789	1.795913
1790	3.016629
1791	3.078231
1792	1.854101
1793	2.883848
1794	2.382081
1795	2.713371
1796	3.331754
1797	2.518215
1798	2.920754
1799	3.133769
1800	2.105807
1801	2.661958
1802	2.885624
1803	2.961840
1804	2.758730
1805	2.839332
1806	2.799095
1807	2.510343
1808	2.518574
1809	2.693734
1810	2.606088
1811	2.000879
1812	2.869514
1813	2.656369
1814	2.949476
1815	2.926789
1816	2.752708
1817	2.946357
1818	3.204028
1819	2.779643
1820	2.695664
1821	2.486964
1822	2.950440
1823	2.770595
1824	3.189139
1825	2.241718
1826	2.275918
1827	2.092873
1828	3.129995
1829	2.888094
1830	3.282960
1831	2.338589
1832	2.854345
1833	3.299255
1834	2.375838
1835	2.727011
1836	2.638295
1837	2.945860
1838	2.961129
1839	2.710736
1840	2.481044
1841	2.673183
1842	2.418947
1843	2.742425
1844	2.540118
1845	2.924468
1846	2.668583
1847	2.797766
1848	3.254136
1849	3.196548
1850	3.443159
1851	2.839683
1852	2.892503
1853	3.023146
1854	3.017313
1855	2.800340
1856	2.393279
1857	1.850783
1858	2.682537
1859	3.222020
1860	3.122851
1861	2.150723
