0	2.127017
1	4.524613
2	3.940126
3	4.627581
4	3.950657
5	4.556205
6	4.734447
7	4.729281
8	3.864621
9	4.521913
10	4.560833
11	4.595368
12	4.839886
13	5.268558
14	4.740212
15	4.783890
16	4.663238
17	4.683450
18	5.096557
19	4.446659
20	4.810373
21	4.801635
22	4.598706
23	4.356671
24	5.207764
25	5.015126
26	4.520054
27	5.473892
28	4.225125
29	4.269451
30	4.082489
31	5.327138
32	4.654084
33	4.634446
34	4.848028
35	5.075057
36	5.217004
37	5.934132
38	5.676937
39	4.515129
40	3.548605
41	5.557069
42	4.991706
43	5.052890
44	5.659866
45	1.917315
46	5.314753
47	4.115654
48	4.906852
49	5.017728
50	4.913095
51	4.325853
52	2.154578
53	1.869548
54	2.298391
55	1.931165
56	2.098478
57	1.919114
58	1.882181
59	2.186001
60	1.937654
61	2.069298
62	1.936674
63	1.677557
64	1.774427
65	1.914653
66	2.000027
67	2.215784
68	2.452390
69	2.070265
70	1.871739
71	2.063053
72	1.967281
73	2.174973
74	2.027908
75	1.987487
76	2.016382
77	3.073027
78	2.128401
79	1.836329
80	1.844017
81	1.713741
82	1.856503
83	1.823460
84	1.912486
85	2.885826
86	1.945200
87	1.776543
88	1.951769
89	1.977701
90	2.153162
91	2.024330
92	2.176901
93	2.030491
94	1.980580
95	2.075259
96	1.889179
97	1.910342
98	1.735685
99	2.037329
100	1.996747
101	1.809447
102	2.031871
103	1.843094
104	2.011194
105	1.726211
106	2.163168
107	1.995446
108	1.772342
109	1.780141
110	1.802471
111	1.998226
112	2.863006
113	1.755704
114	1.955352
115	1.879520
116	2.283088
117	5.387774
118	5.145387
119	5.182471
120	4.591938
121	4.356616
122	4.380572
123	4.177861
124	4.596455
125	4.828187
126	4.748662
127	5.072840
128	1.772032
129	3.962877
130	4.831945
131	5.002840
132	5.082933
133	4.586994
134	5.297980
135	4.777320
136	4.881343
137	4.638598
138	5.266279
139	4.638890
140	2.120048
141	4.816751
142	4.116772
143	3.611219
144	3.526640
145	3.499455
146	3.537486
147	3.919055
148	4.067607
149	4.285337
150	3.906995
151	4.828346
152	4.451919
153	4.026436
154	3.724619
155	3.712007
156	3.827403
157	4.628972
158	4.448327
159	3.973524
160	3.470738
161	4.065487
162	3.819700
163	3.993858
164	4.019316
165	3.723507
166	3.706496
167	3.770531
168	3.951265
169	3.782963
170	4.051186
171	3.812831
172	4.777384
173	4.818651
174	4.761565
175	4.369404
176	4.215756
177	4.400851
178	3.692775
179	5.149060
180	4.376609
181	4.939768
182	4.841755
183	4.449585
184	4.523816
185	4.164337
186	4.601455
187	4.836951
188	3.938604
189	4.998912
190	4.614077
191	4.389637
192	4.164840
193	4.626557
194	3.997663
195	4.639724
196	4.644166
197	4.162114
198	4.442285
199	3.578113
200	4.457139
201	4.012146
202	4.358198
203	4.807641
204	4.909388
205	4.754977
206	4.149180
207	4.541665
208	5.362693
209	5.269478
210	4.354730
211	4.030558
212	4.136159
213	4.474374
214	5.070866
215	5.029322
216	4.595356
217	3.970012
218	4.107870
219	4.260905
220	4.619382
221	4.658990
222	2.813913
223	3.315793
224	3.593620
225	3.918804
226	4.548418
227	3.460317
228	3.318629
229	4.494197
230	4.241662
231	4.590609
232	3.717488
233	4.774767
234	3.965678
235	4.132433
236	4.597858
237	4.533887
238	4.369389
239	3.264446
240	3.768622
241	4.123990
242	4.257473
243	4.157606
244	3.292324
245	4.130195
246	3.900028
247	3.882678
248	4.179605
249	2.474994
250	3.334276
251	3.735319
252	4.567385
253	3.791649
254	3.398263
255	4.447852
256	3.619186
257	3.427144
258	3.689363
259	3.909142
260	3.744863
261	4.690224
262	4.853967
263	3.275988
264	4.810707
265	4.396465
266	3.780226
267	3.089696
268	3.778492
269	3.665377
270	3.317619
271	3.688401
272	3.889023
273	3.165360
274	3.669659
275	4.341486
276	4.161897
277	4.683172
278	4.058511
279	4.024736
280	4.268361
281	4.130023
282	4.145274
283	4.403090
284	4.356373
285	3.434094
286	4.094167
287	4.161598
288	4.559847
289	4.448324
290	4.168946
291	4.165008
292	4.492818
293	4.627330
294	4.981706
295	5.282018
296	4.878566
297	4.462297
298	4.772692
299	4.759423
300	4.290524
301	4.224524
302	4.010897
303	4.939201
304	4.856553
305	5.336339
306	4.694303
307	4.642702
308	4.832619
309	4.612484
310	4.484796
311	4.687975
312	4.796100
313	4.583688
314	4.835916
315	4.960292
316	4.415168
317	4.891912
318	4.111753
319	4.750514
320	3.707467
321	3.760905
322	4.429235
323	4.647376
324	4.146069
325	3.897922
326	4.745273
327	4.661687
328	5.163422
329	4.994657
330	4.686289
331	4.370593
332	4.581154
333	5.150088
334	4.806839
335	4.198058
336	4.106910
337	4.430227
338	3.996671
339	3.849025
340	4.384759
341	4.216671
342	3.721196
343	4.393652
344	4.379931
345	4.264214
346	4.636420
347	4.226652
348	3.917219
349	4.166571
350	3.902101
351	4.042871
352	4.460616
353	4.425133
354	4.267622
355	4.811133
356	3.915955
357	4.016789
358	5.044570
359	3.942869
360	3.887443
361	2.030296
362	5.010258
363	4.483994
364	4.681679
365	4.741793
366	4.078307
367	4.801562
368	4.680780
369	4.428024
370	4.606236
371	4.374585
372	3.822382
373	3.954605
374	3.918584
375	3.949796
376	3.737729
377	4.328938
378	4.021865
379	3.483175
380	3.903449
381	4.087796
382	4.099037
383	3.798683
384	4.253587
385	3.677501
386	3.848818
387	4.102218
388	4.736255
389	4.675519
390	4.347839
391	4.512304
392	4.193458
393	4.186668
394	3.986392
395	4.724036
396	3.817984
397	4.175180
398	4.353138
399	3.707304
400	3.940023
401	3.822958
402	4.119101
403	4.464740
404	4.284949
405	3.911468
406	4.418925
407	3.836090
408	3.803958
409	3.926397
410	3.853594
411	4.558990
412	4.291923
413	3.544870
414	4.156669
415	3.367698
416	4.430011
417	4.052765
418	4.504553
419	4.631351
420	4.701385
421	4.209382
422	5.593874
423	6.591586
424	4.235058
425	4.018780
426	3.251460
427	4.240673
428	2.161502
429	3.235429
430	4.595061
431	3.835390
432	2.050952
433	1.954431
434	1.842718
435	2.263117
436	2.242410
437	1.828278
438	2.091340
439	2.169537
440	2.010252
441	1.980757
442	1.925539
443	1.894072
444	1.993641
445	2.066061
446	1.733232
447	1.756528
448	1.939821
449	1.758719
450	1.758808
451	2.024255
452	2.158911
453	2.191827
454	2.217610
455	1.908662
456	1.756388
457	1.804133
458	1.901500
459	2.098617
460	1.879307
461	1.974588
462	1.992260
463	1.875661
464	1.804800
465	1.852455
466	4.657747
467	1.928652
468	2.057596
469	2.071980
470	1.815654
471	1.986027
472	2.103569
473	2.157080
474	2.414417
475	2.536964
476	2.516285
477	1.921093
478	1.818214
479	1.979546
480	2.182592
481	2.080603
482	1.961352
483	1.874140
484	2.060558
485	1.962931
486	2.299610
487	1.621293
488	1.897207
489	2.456765
490	3.100405
491	1.969036
492	1.968174
493	4.435502
494	2.159767
495	3.707762
496	3.594022
497	1.960742
498	2.075668
499	3.555347
500	1.912224
501	1.797358
502	3.391886
503	1.964227
504	1.923773
505	2.088087
506	1.698529
507	1.792231
508	1.742469
509	2.003721
510	4.327897
511	1.797471
512	2.196431
513	1.796831
514	2.136468
515	2.247443
516	1.797028
517	2.074103
518	2.034920
519	1.978608
520	2.207443
521	2.322499
522	2.135276
523	2.767832
524	2.222475
525	2.064244
526	1.996997
527	1.759121
528	5.263781
529	1.966776
530	3.498770
531	2.044504
532	1.883695
533	1.771131
534	1.744075
535	2.136118
536	1.992237
537	1.747054
538	1.822555
539	1.886636
540	3.385913
541	2.099666
542	2.083410
543	1.886051
544	1.737700
545	1.791817
546	1.858198
547	2.290284
548	1.938090
549	1.942704
550	1.895492
551	1.884806
552	1.762443
553	1.829647
554	1.772962
555	1.989371
556	1.981261
557	1.787206
558	1.935512
559	1.754681
560	2.264908
561	4.657101
562	4.693344
563	3.154745
564	3.822773
565	3.916454
566	5.010408
567	4.026858
568	1.707103
569	2.036962
570	2.368334
571	1.906332
572	4.838037
573	2.160394
574	5.140767
575	2.307509
576	2.023586
577	1.965427
578	3.890990
579	1.965526
580	2.413004
581	1.923176
582	1.911022
583	1.953100
584	2.054117
585	1.830135
586	2.073862
587	1.867244
588	3.530296
589	2.056527
590	1.997524
591	1.982171
592	2.272025
593	1.902866
594	2.014969
595	4.345333
596	4.515021
597	4.002699
598	4.305417
599	3.883505
600	2.878055
601	2.705660
602	2.084802
603	3.637195
604	3.583001
605	4.011658
606	3.580097
607	4.304855
608	4.003736
609	2.634122
610	2.055674
611	2.063636
612	3.275194
613	2.947577
614	2.106470
615	2.318923
616	3.253138
617	3.776096
618	3.511551
619	3.813778
620	3.257653
621	3.525405
622	2.445117
623	3.892584
624	1.847969
625	1.800971
626	2.477114
627	1.936439
628	3.402545
629	2.046019
630	2.205924
631	2.099927
632	3.183111
633	2.314002
634	2.139975
635	1.888704
636	2.143455
637	1.800027
638	2.011392
639	2.034110
640	2.157337
641	2.663401
642	1.932797
643	1.956785
644	4.054308
645	1.999448
646	4.692056
647	2.115183
648	1.907591
649	2.106369
650	1.910523
651	1.999276
652	1.844804
653	2.054312
654	3.498644
655	4.207458
656	2.234862
657	1.896233
658	2.275302
659	2.401584
660	1.832621
661	4.194484
662	1.859811
663	1.943117
664	2.069443
665	1.949590
666	3.681167
667	3.978317
668	2.083866
669	1.857743
670	2.040048
671	2.264531
672	1.804716
673	2.081465
674	2.194582
675	1.879310
676	1.907773
677	2.056258
678	2.200954
679	1.741438
680	2.706028
681	3.501155
682	2.060437
683	2.010645
684	2.290088
685	2.960490
686	2.182979
687	2.004347
688	2.199114
689	1.970230
690	3.529394
691	3.235770
692	4.058154
693	3.564394
694	3.236138
695	3.469148
696	3.984233
697	1.972891
698	3.206914
699	1.825538
700	2.071927
701	2.048049
702	1.927693
703	1.717148
704	3.001818
705	1.867913
706	1.974311
707	1.817829
708	1.860781
709	3.459610
710	3.413532
711	1.717585
712	3.356546
713	3.035489
714	3.531205
715	1.878457
716	2.062740
717	4.462297
718	1.985825
719	3.140335
720	3.068386
721	1.820852
722	1.972081
723	1.834583
724	2.907440
725	3.178945
726	3.556881
727	2.116059
728	3.604903
729	3.391770
730	3.680787
731	3.632299
732	3.033546
733	1.881730
734	1.948898
735	2.325448
736	2.138058
737	3.732961
738	1.976689
739	2.304365
740	1.866280
741	2.279122
742	4.646612
743	1.908846
744	2.087510
745	2.000751
746	1.831804
747	3.879730
748	3.793494
749	4.059423
750	4.389282
751	1.723544
752	2.047947
753	3.398043
754	1.935926
755	2.052340
756	4.016639
757	2.135110
758	1.946920
759	4.329492
760	2.194835
761	2.134923
762	2.057330
763	2.051075
764	1.864107
765	3.614913
766	2.097354
767	2.521549
768	1.654145
769	1.938789
770	1.877497
771	1.836434
772	3.156043
773	3.907442
774	3.963445
775	4.287960
776	2.128122
777	1.857663
778	4.839029
779	1.901736
780	4.661696
781	1.964815
782	3.156992
783	3.466943
784	2.830316
785	4.392653
786	4.285699
787	4.205723
788	3.594455
789	4.004508
790	3.766935
791	3.551127
792	3.996524
793	2.523906
794	3.836495
795	1.961250
796	2.254018
797	4.191730
798	4.793225
799	4.673864
800	4.095180
801	4.538844
802	4.071781
803	4.015146
804	4.120813
805	4.236826
806	4.668501
807	3.680353
808	2.013181
809	3.299122
810	4.843665
811	4.359220
812	4.708375
813	4.642532
814	2.130541
815	3.230341
816	4.447825
817	4.068721
818	3.534472
819	3.627509
820	3.732144
821	3.306116
822	4.182703
823	3.814631
824	4.334535
825	4.390002
826	4.654181
827	4.461759
828	3.736751
829	3.018974
830	3.774466
831	1.895469
832	3.545095
833	3.279588
834	4.327239
835	4.314870
836	4.696531
837	3.271483
838	3.264751
839	4.296708
840	3.891092
841	3.546421
842	2.789068
843	3.241774
844	3.302999
845	4.063742
846	3.933181
847	3.183049
848	3.644009
849	2.032403
850	2.882403
851	3.999011
852	3.053687
853	3.242638
854	3.805089
855	4.062154
856	4.727558
857	2.967457
858	3.178805
859	2.084347
860	4.287587
861	2.003845
862	3.445824
863	4.084764
864	3.255243
865	4.281894
866	1.992837
867	4.190191
868	2.470810
869	2.794962
870	3.675810
871	3.740774
872	2.065873
873	4.235811
874	2.860437
875	3.233202
876	4.414716
877	3.732065
878	2.861434
879	3.041891
880	3.987314
881	3.777486
882	3.802749
883	3.844037
884	4.103890
885	4.119514
886	4.011746
887	3.051245
888	3.372966
889	2.113030
890	1.972943
891	3.138790
892	5.003818
893	4.128989
894	3.147483
895	2.386606
896	2.238057
897	3.638942
898	3.284032
899	3.619741
900	2.052949
901	3.968886
902	4.016889
903	3.882022
904	4.019127
905	3.838151
906	2.067584
907	3.164002
908	2.906320
909	2.905771
910	3.690028
911	3.710054
912	4.082779
913	3.541878
914	3.797396
915	4.403566
916	3.635877
917	3.323207
918	1.889153
919	3.888777
920	2.065042
921	3.380016
922	2.454425
923	2.437417
924	1.844478
925	3.222576
926	4.570798
927	1.873420
928	1.890978
929	4.366519
930	1.712250
931	1.898999
932	1.849487
933	1.740259
934	4.909063
935	2.187830
936	2.063153
937	2.053753
938	1.920703
939	2.098118
940	1.876752
941	2.422973
942	1.907171
943	1.913113
944	2.055090
945	2.025462
946	1.852053
947	2.005119
948	1.880079
949	1.766352
950	2.111753
951	1.911676
952	1.917316
953	2.275521
954	2.047976
955	1.850027
956	2.529939
957	2.146484
958	4.512161
959	2.653640
960	2.079544
961	2.071351
962	1.812651
963	1.955353
964	1.869252
965	2.032535
966	2.171636
967	2.218560
968	1.992134
969	2.750744
970	4.146637
971	1.803635
972	1.832185
973	1.985750
974	2.069903
975	1.756047
976	1.940464
977	2.060606
978	1.952664
979	2.778814
980	2.118536
981	1.877472
982	2.965974
983	2.025069
984	1.723891
985	1.752628
986	1.912851
987	1.952307
988	2.006238
989	2.170854
990	1.828579
991	2.378802
992	1.839158
993	1.747968
994	2.050389
995	2.116459
996	1.748858
997	1.888941
998	2.141446
999	1.755931
1000	1.839404
1001	1.959135
1002	2.092485
1003	1.823650
1004	1.807763
1005	2.251529
1006	2.315880
1007	2.041055
1008	1.662197
1009	2.097261
1010	1.824089
1011	1.716304
1012	2.024845
1013	1.899947
1014	2.220766
1015	2.431256
1016	1.862714
1017	2.004720
1018	2.222296
1019	2.249046
1020	2.122378
1021	2.139834
1022	1.932046
1023	1.733493
1024	2.839068
1025	2.095474
1026	1.875552
1027	1.847809
1028	1.844422
1029	1.677082
1030	1.841033
1031	1.843802
1032	1.802333
1033	1.782973
1034	1.747512
1035	2.935660
1036	2.203019
1037	1.880345
1038	1.809257
1039	1.980758
1040	1.886398
1041	1.763434
1042	1.957652
1043	2.079568
1044	1.863441
1045	2.113128
1046	2.102233
1047	2.110877
1048	2.507710
1049	2.054116
1050	2.287288
1051	1.988389
1052	1.714000
1053	2.003024
1054	1.922940
1055	1.921693
1056	2.114592
1057	2.228473
1058	2.051587
1059	5.255263
1060	3.097645
1061	2.170785
1062	1.852513
1063	2.017203
1064	2.078653
1065	2.007015
1066	1.949256
1067	2.094039
1068	1.793794
1069	3.328635
1070	2.022746
1071	1.794883
1072	1.959822
1073	2.339016
1074	1.982397
1075	2.200227
1076	1.900421
1077	1.935407
1078	1.866012
1079	2.053607
1080	2.007660
1081	1.799582
1082	2.679758
1083	1.855289
1084	3.047048
1085	1.880691
1086	4.232175
1087	3.856708
1088	2.163978
1089	2.556423
1090	2.247241
1091	2.398229
1092	2.121602
1093	2.429547
1094	1.964510
1095	2.272443
1096	2.054605
1097	1.943272
1098	1.724730
1099	2.178508
1100	1.884408
1101	2.507369
1102	1.716976
1103	1.593549
1104	1.749828
1105	1.957806
1106	1.851189
1107	2.524797
1108	2.253019
1109	1.830873
1110	1.900867
1111	1.884143
1112	1.956249
1113	2.050781
1114	2.024895
1115	1.892538
1116	1.849380
1117	1.818047
1118	2.072101
1119	1.911073
1120	2.304389
1121	2.004446
1122	2.377414
1123	1.800500
1124	2.008007
1125	2.012436
1126	2.110307
1127	1.926292
1128	1.952281
1129	2.204384
1130	2.019134
1131	1.924711
1132	1.844289
1133	2.007512
1134	2.037841
1135	2.017375
1136	2.531619
1137	1.927588
1138	2.121533
1139	1.840135
1140	2.006938
1141	2.084252
1142	1.941855
1143	1.927200
1144	1.898077
1145	1.858278
1146	1.960944
1147	1.865155
1148	1.822446
1149	2.217092
1150	1.821896
1151	2.051488
1152	2.334951
1153	1.761818
1154	2.001024
1155	1.810441
1156	1.872379
1157	2.354486
1158	2.031773
1159	2.062861
1160	2.136609
1161	1.848406
1162	1.904731
1163	2.101452
1164	2.197841
1165	3.971033
1166	2.199135
1167	2.518017
1168	4.132132
1169	3.177766
1170	3.590696
1171	3.156487
1172	3.195714
1173	2.379140
1174	3.289756
1175	2.224656
1176	1.927562
1177	1.973551
1178	1.856368
1179	1.800391
1180	2.556286
1181	1.999124
1182	2.228408
1183	1.809475
1184	2.115183
1185	2.093466
1186	2.178921
1187	2.043845
1188	1.901289
1189	1.925148
1190	1.777779
1191	1.799860
1192	2.016805
1193	1.939741
1194	2.206401
1195	1.986884
1196	1.968172
1197	1.802307
1198	1.972664
1199	2.207374
1200	1.833849
1201	1.875446
1202	2.163445
1203	2.089545
1204	2.019357
1205	1.754480
1206	2.100858
1207	2.463128
1208	2.006988
1209	1.983153
1210	1.915777
1211	2.211380
1212	1.774654
1213	1.962499
1214	1.938170
1215	2.626442
1216	2.268919
1217	2.515651
1218	2.187261
1219	1.894969
1220	1.961734
1221	2.356778
1222	2.282672
1223	2.224098
1224	2.068888
1225	2.017376
1226	4.230178
1227	2.791449
1228	1.810056
1229	2.439876
1230	1.896024
1231	2.088322
1232	1.909894
1233	1.810439
1234	1.966751
1235	2.015413
1236	1.827183
1237	2.001026
1238	1.997876
1239	2.086579
1240	2.233339
1241	1.917002
1242	1.721512
1243	1.918204
1244	2.097163
1245	1.774765
1246	1.904127
1247	1.781798
1248	1.956577
1249	1.875873
1250	2.082954
1251	1.970682
1252	2.069228
1253	1.807790
1254	1.843583
1255	2.065164
1256	1.983254
1257	2.270793
1258	1.930205
1259	1.977221
1260	1.693045
1261	2.542812
1262	1.907512
1263	2.219438
1264	1.800806
1265	2.614842
1266	1.999347
1267	1.981186
1268	2.434048
1269	1.985947
1270	1.884383
1271	1.697234
1272	1.761078
1273	1.759773
1274	2.150465
1275	1.818378
1276	2.030641
1277	1.862286
1278	1.819834
1279	2.094301
1280	1.957908
1281	2.275920
1282	2.213526
1283	1.863679
1284	1.848162
1285	1.795942
1286	1.916508
1287	2.169192
1288	1.925150
1289	1.840598
1290	2.211358
1291	1.795159
1292	1.770842
1293	1.980379
1294	1.747626
1295	2.090454
1296	1.962653
1297	1.920548
1298	2.196839
1299	1.997648
1300	2.253775
1301	1.787540
1302	2.193581
1303	1.836356
1304	1.842252
1305	1.922001
1306	2.147138
1307	2.342521
1308	1.677560
1309	2.134969
1310	2.062231
1311	1.857578
1312	1.849380
1313	1.805603
1314	1.848810
1315	1.993815
1316	1.899815
1317	1.803636
1318	1.853348
1319	2.144596
1320	2.029805
1321	1.882183
1322	2.153927
1323	1.803357
1324	1.980025
1325	1.890821
1326	1.946304
1327	1.775752
1328	2.081179
1329	2.292640
1330	1.980152
1331	1.919401
1332	1.924449
1333	1.907406
1334	2.113220
1335	2.055869
1336	2.100238
1337	1.879494
1338	2.314412
1339	2.027609
1340	1.865826
1341	1.818077
1342	1.775923
1343	1.893066
1344	1.917864
1345	2.091555
1346	1.930544
1347	2.020619
1348	1.895918
1349	2.073186
1350	1.848377
1351	2.048635
1352	1.975069
1353	2.280722
1354	1.868608
1355	1.880800
1356	1.870749
1357	2.021136
1358	2.473883
1359	3.573458
1360	2.133495
1361	2.532390
1362	3.318493
1363	2.015937
1364	2.031085
1365	2.079376
1366	2.835595
1367	2.043230
1368	2.115372
1369	1.845781
1370	2.246195
1371	1.937628
1372	2.131202
1373	2.343287
1374	1.920469
1375	2.009452
1376	2.050195
1377	1.885046
1378	2.011244
1379	2.137054
1380	1.869600
1381	2.226523
1382	1.934686
1383	1.948207
1384	3.214500
1385	3.575067
1386	1.989322
1387	2.017052
1388	1.894970
1389	2.082932
1390	1.810689
1391	1.960637
1392	2.165940
1393	1.806901
1394	1.946278
1395	1.896365
1396	2.114947
1397	1.993214
1398	2.021982
1399	1.897709
1400	1.929300
1401	1.900763
1402	1.790698
1403	1.964613
1404	1.863278
1405	1.999347
1406	2.026970
1407	2.000800
1408	1.968222
1409	1.873873
1410	1.855964
1411	1.776822
1412	2.238952
1413	1.995470
1414	2.291855
1415	2.879495
1416	1.848324
1417	1.942652
1418	2.332681
1419	1.980529
1420	2.461829
1421	2.108126
1422	2.091626
1423	1.939715
1424	2.515609
1425	1.827841
1426	4.131404
1427	1.952281
1428	2.077643
1429	1.978915
1430	1.850108
1431	2.683822
1432	1.886955
1433	1.779157
1434	1.801611
1435	1.914940
1436	1.926188
1437	1.877553
1438	1.772004
1439	2.170232
1440	2.039682
1441	1.816507
1442	1.729969
1443	1.793348
1444	1.950000
1445	2.008498
1446	2.095853
1447	1.841003
1448	2.036223
1449	1.978407
1450	2.011318
1451	2.075115
1452	1.935458
1453	1.914315
1454	2.050974
1455	1.836139
1456	1.854319
1457	1.810641
1458	2.258894
1459	2.444811
1460	2.564644
1461	3.226965
1462	4.012418
1463	2.129930
1464	1.975122
1465	2.156665
1466	2.209275
1467	1.767795
1468	1.993640
1469	2.433864
1470	3.167033
1471	2.223198
1472	1.998551
1473	2.117075
1474	1.892429
1475	1.943552
1476	1.968373
1477	2.206105
1478	2.290413
1479	2.010400
1480	1.804468
1481	2.276158
1482	1.867699
1483	2.621012
1484	2.472993
1485	2.151719
1486	2.001823
1487	1.919377
1488	2.480765
1489	1.904365
1490	1.862257
1491	2.321314
1492	1.925774
1493	1.776851
1494	1.902472
1495	1.866600
1496	2.045238
1497	1.657104
1498	1.857257
1499	1.776089
1500	2.188764
1501	1.954023
1502	1.927225
1503	1.912955
1504	1.733090
1505	1.961354
1506	2.264198
1507	1.897843
1508	1.992111
1509	1.947046
1510	2.398060
1511	1.874300
1512	1.843392
1513	1.830709
1514	1.769690
1515	2.027659
1516	2.036420
1517	2.362097
1518	2.383801
1519	1.881305
1520	1.883244
1521	2.647642
1522	1.865180
1523	2.232710
1524	1.839074
1525	1.966138
1526	2.142520
1527	1.785106
1528	1.918178
1529	1.797249
1530	1.955658
1531	1.818817
1532	1.939175
1533	1.870429
1534	1.950131
1535	1.985274
1536	1.881329
1537	1.951512
1538	1.972537
1539	1.849702
1540	2.015463
1541	1.939948
1542	1.670239
1543	1.914104
1544	1.977927
1545	1.999526
1546	2.044235
1547	1.918045
1548	1.955759
1549	1.751828
1550	1.942010
1551	1.877527
1552	1.812125
1553	2.015464
1554	1.924810
1555	1.802498
1556	1.722642
1557	1.993717
1558	2.022622
1559	2.050390
1560	2.030125
1561	2.238168
1562	1.905439
1563	1.931685
1564	2.197156
1565	1.962500
1566	1.902971
1567	1.681338
1568	1.886320
1569	1.875236
1570	1.982147
1571	1.740719
1572	1.938713
1573	2.390438
1574	1.921535
1575	2.047193
1576	1.822579
1577	2.128333
1578	2.003350
1579	1.802799
1580	1.955558
1581	2.427884
1582	2.277564
1583	2.028941
1584	1.862527
1585	1.841441
1586	1.743851
1587	1.878855
1588	1.741554
1589	1.939432
1590	1.709062
1591	1.925046
1592	1.798883
1593	2.311582
1594	2.284953
1595	2.087797
1596	1.951437
1597	2.169010
1598	1.895179
1599	2.164000
1600	1.889045
1601	2.009105
1602	2.036418
1603	1.961887
1604	2.045216
1605	2.105113
1606	1.846646
1607	2.065650
1608	2.056481
1609	1.991507
1610	1.941365
1611	1.898684
1612	2.154022
1613	1.995445
1614	1.995871
1615	2.082115
1616	2.002122
1617	3.691220
1618	3.657582
1619	1.913870
1620	2.292814
1621	2.111015
1622	2.211313
1623	2.121014
1624	1.715841
1625	2.354164
1626	1.771831
1627	1.861961
1628	1.978536
1629	1.896182
1630	2.622766
1631	1.967764
1632	2.374889
1633	2.286086
1634	1.843774
1635	1.842444
1636	1.988191
1637	2.041251
1638	2.083534
1639	1.935719
1640	1.763886
1641	1.756986
1642	2.128473
1643	1.779719
1644	2.426560
1645	1.946303
1646	2.003647
1647	1.950956
1648	1.706486
1649	1.833627
1650	2.448936
1651	1.887034
1652	2.164623
1653	1.876003
1654	2.446446
1655	1.959646
1656	2.120810
1657	2.065478
1658	1.897737
1659	2.448244
1660	1.819282
1661	2.362065
1662	1.921199
1663	1.944889
1664	1.974260
1665	1.817970
1666	1.994017
1667	1.789750
1668	2.074271
1669	1.931445
1670	2.089854
1671	2.377120
1672	1.998751
1673	1.932412
1674	2.462660
1675	2.245751
1676	1.862523
1677	2.066419
1678	2.280485
1679	1.906856
1680	2.175613
1681	2.385120
1682	1.841143
1683	2.122853
1684	2.367553
1685	1.826856
1686	1.873951
1687	1.979977
1688	1.951050
1689	2.053241
1690	1.850651
1691	2.194288
1692	2.002150
1693	1.972968
1694	2.106112
1695	1.829451
1696	2.123908
1697	1.954225
1698	1.877600
1699	2.231727
1700	1.683388
1701	2.099550
1702	1.986430
1703	2.123112
1704	1.864239
1705	2.075214
1706	1.911361
1707	2.054531
1708	3.519901
1709	1.765136
1710	2.203089
1711	2.014796
1712	2.151346
1713	1.759600
1714	1.875983
1715	4.310185
1716	1.987034
1717	1.853671
1718	1.915228
1719	1.851488
1720	1.894329
1721	2.060245
1722	2.496597
1723	2.113647
1724	2.401226
1725	1.887541
1726	1.884701
1727	2.161991
1728	2.030664
1729	1.977142
1730	1.808731
1731	2.134712
1732	1.910472
1733	2.521649
1734	2.156708
1735	2.273895
1736	1.883455
1737	1.876510
1738	2.315576
1739	1.915491
1740	2.034252
1741	2.544661
1742	1.978082
1743	2.263936
1744	1.941677
1745	1.920232
1746	2.082767
1747	2.426726
1748	2.131552
1749	1.947513
1750	2.317174
1751	1.877551
1752	1.866037
1753	1.925698
1754	2.219280
0	2.127017
1	2.346507
2	1.896576
3	2.050635
4	1.871469
5	1.674605
6	2.047559
7	2.094875
8	4.514533
9	3.179718
10	2.436881
11	1.810139
12	1.983784
13	2.402397
14	4.355114
15	3.053686
16	6.263434
17	7.150874
18	3.894445
19	2.742042
20	5.714517
21	4.031351
22	5.144116
23	3.926094
24	4.702351
25	4.403156
26	3.764967
27	4.030596
28	4.647636
29	4.085648
30	3.971308
31	5.258699
32	5.516103
33	4.313701
34	4.734490
35	4.477968
36	4.309769
37	4.461040
38	4.304750
39	4.889344
40	3.985335
41	4.149567
42	4.456491
43	4.809670
44	4.951020
45	4.346318
46	4.326154
47	3.610362
48	4.394975
49	3.654065
50	3.899256
51	4.740506
52	4.007068
53	4.601576
54	4.453617
55	4.605475
56	3.976405
57	4.631599
58	4.634102
59	4.667482
60	4.528599
61	4.447223
62	4.561502
63	4.099731
64	3.901615
65	4.311718
66	4.268443
67	3.762168
68	4.494897
69	4.626284
70	5.109303
71	4.033709
72	4.921686
73	4.661040
74	4.413683
75	4.490903
76	5.248598
77	4.203202
78	3.777143
79	4.907719
80	3.785156
81	5.877092
82	4.507618
83	4.465805
84	4.373580
85	4.231004
86	4.682115
87	4.944604
88	5.209252
89	5.206504
90	4.176290
91	4.115604
92	4.530400
93	5.631288
94	5.265985
95	4.934884
96	5.025633
97	5.250763
98	4.231442
99	5.166769
100	5.073598
101	4.190869
102	4.390672
103	4.394961
104	5.425404
105	4.660481
106	3.920017
107	4.573107
108	4.856811
109	5.181988
110	3.879663
111	4.480191
112	4.792210
113	4.759107
114	4.623041
115	4.210617
116	4.577750
117	4.802854
118	4.238891
119	4.395611
120	4.049048
121	3.884958
122	3.881662
123	4.651473
124	3.499286
125	3.783861
126	3.900179
127	4.868943
128	4.586032
129	4.383571
130	4.505918
131	5.573105
132	5.163768
133	4.461659
134	4.377181
135	4.009054
136	4.302498
137	3.953063
138	4.879980
139	3.837461
140	4.201750
141	4.426262
142	5.767010
143	4.608319
144	3.840456
145	4.605572
146	4.134561
147	3.889241
148	4.012893
149	4.638275
150	5.157189
151	5.052030
152	4.873613
153	4.380890
154	5.026103
155	4.288403
156	4.447752
157	5.204929
158	3.935797
159	4.619730
160	4.462128
161	5.092996
162	5.222806
163	4.553648
164	4.011221
165	4.700999
166	3.866692
167	5.076099
168	3.913195
169	3.731500
170	3.837723
171	4.256677
172	4.445592
173	4.710638
174	5.364409
175	3.662252
176	3.968400
177	4.992322
178	4.678747
179	5.149468
180	5.368324
181	6.005530
182	5.747816
183	4.270972
184	4.911261
185	4.689084
186	5.390787
187	5.160279
188	4.360986
189	4.801344
190	4.480959
191	4.954564
192	4.992333
193	4.730422
194	5.239007
195	5.231874
196	5.372728
197	4.213180
198	4.541552
199	5.173867
200	4.594584
201	4.725231
202	5.385702
203	3.961756
204	4.274974
205	4.219077
206	4.779498
207	5.032704
208	5.046324
209	3.822393
210	4.381382
211	3.837317
212	4.675084
213	6.215569
214	5.226070
215	4.982069
216	4.952353
217	4.130533
218	4.653022
219	3.850858
220	4.364562
221	4.709450
222	4.733118
223	4.622220
224	4.655953
225	5.083090
226	4.998539
227	5.295593
228	4.361263
229	4.342017
230	5.018156
231	4.413142
232	4.239540
233	3.306977
234	4.218861
235	4.482197
236	3.684278
237	4.878566
238	4.178073
239	5.262413
240	6.653134
241	5.075490
242	4.202916
243	5.123681
244	5.789464
245	5.075944
246	4.986191
247	5.510045
248	4.681998
249	4.120788
250	4.058977
251	3.389941
252	4.318391
253	4.485991
254	4.897896
255	5.256016
256	4.543809
257	4.128208
258	4.709799
259	4.968279
260	4.617023
261	5.155600
262	3.991040
263	3.809527
264	4.119236
265	4.811081
266	3.940659
267	4.612745
268	4.307263
269	3.688103
270	4.095325
271	4.207494
272	4.435741
273	3.385054
274	3.479095
275	4.272294
276	4.144514
277	4.151121
278	4.036410
279	4.132421
280	3.988208
281	4.125700
282	4.535604
283	3.923927
284	4.908849
285	3.990440
286	4.791545
287	4.571827
288	4.047778
289	4.617975
290	3.883991
291	4.240425
292	4.409047
293	3.873319
294	3.569553
295	4.617067
296	4.313375
297	4.406201
298	1.885975
299	4.164829
300	4.434681
301	2.604803
302	3.961919
303	3.899449
304	1.906332
305	3.641180
306	4.499977
307	4.323494
308	4.229905
309	4.155502
310	4.052208
311	4.394874
312	4.400704
313	1.953996
314	4.825402
315	3.992129
316	4.339413
317	1.844831
318	3.719383
319	3.659576
320	4.878882
321	4.019725
322	4.171642
323	3.942282
324	4.876012
325	4.312551
326	3.741791
327	3.638585
328	3.560113
329	3.462802
330	4.301477
331	3.961832
332	3.779642
333	3.700459
334	4.767861
335	4.310198
336	4.299278
337	4.254151
338	4.527791
339	4.251600
340	3.695307
341	4.457207
342	4.125456
343	3.542513
344	3.819437
345	4.085217
346	4.163099
347	5.249505
348	4.330047
349	4.818808
350	4.087774
351	4.026723
352	3.947557
353	4.486659
354	3.764597
355	4.354090
356	3.880593
357	3.882074
358	4.711147
359	3.992805
360	3.761529
361	4.154769
362	4.908299
363	4.690522
364	4.430348
365	4.950717
366	4.862643
367	4.309663
368	3.592617
369	5.318092
370	4.675959
371	5.037649
372	3.580810
373	5.777379
374	4.408684
375	3.918074
376	4.103815
377	3.934971
378	3.902102
379	4.340611
380	3.640591
381	3.331757
382	4.174027
383	4.002861
384	4.019166
385	3.412184
386	3.567758
387	4.264844
388	3.890411
389	3.806744
390	3.935848
391	3.904331
392	4.430564
393	4.535560
394	4.390136
395	3.978014
396	4.384974
397	4.523395
398	5.171093
399	4.449281
400	4.425777
401	5.051465
402	4.972816
403	4.750557
404	5.221006
405	4.138068
406	3.874713
407	3.945301
408	3.887107
409	4.225411
410	4.384130
411	3.984946
412	3.920867
413	3.835023
414	3.897294
415	1.792539
416	4.147782
417	4.532428
418	4.782218
419	4.480648
420	4.098464
421	3.980251
422	3.564394
423	4.123505
424	3.913630
425	4.250647
426	4.497477
427	3.817184
428	3.296392
429	4.232872
430	5.469854
431	3.777367
432	3.965463
433	3.390472
434	4.249106
435	4.759244
436	4.912932
437	3.937677
438	4.680053
439	3.985486
440	4.018221
441	4.074775
442	4.039777
443	3.422017
444	3.689783
445	3.626651
446	3.214094
447	4.168501
448	4.933365
449	4.124815
450	4.828893
451	4.007107
452	4.828778
453	4.145600
454	4.049432
455	3.911164
456	4.038850
457	4.114803
458	4.692611
459	4.814375
460	4.542005
461	4.443107
462	4.329631
463	4.694561
464	6.283399
465	4.178576
466	4.283656
467	4.431805
468	4.699213
469	5.214106
470	3.884971
471	3.838085
472	4.823546
473	3.645079
474	4.273874
475	5.170938
476	4.392379
477	4.640604
478	3.692507
479	4.265595
480	5.338783
481	4.389943
482	5.749722
483	4.897766
484	3.818979
485	5.599785
486	1.770678
487	7.363084
488	5.042538
489	4.682318
490	4.985118
491	4.523428
492	4.490045
493	4.611855
494	4.581714
495	5.238950
496	4.581157
497	4.138453
498	3.935657
499	4.717319
500	4.250859
501	4.424500
502	5.008414
503	4.648215
504	4.651333
505	3.980176
506	3.918942
507	4.367162
508	4.534413
509	4.275149
510	4.709416
511	4.592309
512	4.849927
513	5.010199
514	5.243101
515	4.719174
516	4.988527
517	5.707205
518	5.236659
519	4.660826
520	4.626544
521	4.352608
522	3.556204
523	4.343927
524	4.131113
525	4.148469
526	4.540320
527	4.559671
528	4.556018
529	4.411462
530	4.208789
531	4.468389
532	4.010125
533	3.639423
534	5.222203
535	3.463221
536	4.602532
537	4.171439
538	3.955882
539	1.731444
540	3.933688
541	6.065730
542	4.774215
543	5.087782
544	5.723559
545	5.907900
546	5.927525
547	4.288741
548	5.438216
549	4.340450
550	4.346747
551	4.137946
552	4.229915
553	3.866705
554	3.528512
555	4.269765
556	5.066280
557	4.032318
558	3.875679
559	3.939048
560	4.362029
561	3.831777
562	4.708090
563	4.919280
564	5.613288
565	4.270575
566	4.219783
567	4.772283
568	4.628150
569	5.144191
570	4.835814
571	5.250008
572	5.154908
573	5.369637
574	4.906740
575	5.261995
576	6.004340
577	4.779036
578	5.880016
579	5.362640
580	6.686503
581	5.450152
582	4.510827
583	4.304530
584	5.317186
585	4.284318
586	4.000813
587	4.687620
588	3.956990
589	4.238845
590	4.451901
591	4.883330
592	4.647676
593	3.970840
594	4.303708
595	4.461671
596	3.981534
597	4.905734
598	4.811542
599	4.434739
600	4.564451
601	3.717811
602	3.991866
603	4.145782
604	3.922323
605	4.105350
606	4.448033
607	4.788903
608	4.468402
609	4.184219
610	4.410919
611	4.468792
612	3.659264
613	4.475299
614	4.406869
615	4.309676
616	4.164145
617	4.429336
618	3.721722
619	4.134572
620	4.774024
621	4.089242
622	5.265246
623	5.278599
624	5.116453
625	4.825984
626	5.062245
627	5.899650
628	4.830464
629	4.451195
630	5.145780
631	4.576255
632	4.593813
633	4.280599
634	4.978161
635	4.678870
636	4.231933
637	3.759376
638	4.600297
639	4.293483
640	4.257242
641	4.003624
642	3.675446
643	4.973560
644	4.589422
645	5.461264
646	4.589075
647	4.641498
648	5.247761
649	4.721208
650	5.302462
651	4.692482
652	5.384107
653	4.285906
654	4.815112
655	5.021295
656	4.988327
657	4.882469
658	4.704063
659	4.773060
660	4.639419
661	6.585416
662	1.912720
663	3.957739
664	5.208551
665	5.261083
666	3.743554
667	4.843738
668	5.420092
669	3.703458
670	4.878074
671	3.947532
672	4.803269
673	4.876075
674	4.381643
675	4.173212
676	4.260105
677	4.699000
678	4.092064
679	4.064997
680	4.680098
681	3.993757
682	5.033190
683	4.794591
684	4.357131
685	5.289102
686	5.207053
687	4.465792
688	4.909614
689	4.818891
690	4.705243
691	4.088839
692	4.355089
693	5.104791
694	4.342510
695	5.324039
696	6.146910
697	4.195162
698	4.995340
699	3.826342
700	4.544204
701	4.760765
702	4.186419
703	5.156608
704	5.285971
705	5.575152
706	5.250227
707	4.547846
708	4.950891
709	4.799439
710	5.109195
711	4.760793
712	3.917641
713	4.598916
714	4.630202
715	5.227520
716	5.514863
717	4.781765
718	4.176772
719	4.300981
720	4.423810
721	4.356306
722	4.394292
723	4.848402
724	4.177680
725	3.850792
726	4.780146
727	5.121045
728	4.154925
729	4.144225
730	4.364423
731	4.442533
732	4.107480
733	4.527680
734	5.710298
735	4.238277
736	4.368363
737	5.450238
738	4.603521
739	4.819159
740	3.753479
741	5.239484
742	4.506906
743	4.738143
744	4.053949
745	4.579618
746	5.402906
747	4.993546
748	4.134561
749	5.679110
750	4.206721
751	4.749990
752	5.198086
753	5.688066
754	4.295277
755	5.045483
756	4.149711
757	4.290327
758	4.815123
759	5.374709
760	4.356984
761	4.381805
762	5.059731
763	4.813574
764	4.247693
765	4.162607
766	3.624156
767	4.617671
768	4.404964
769	4.280877
770	4.028075
771	4.467943
772	3.906111
773	2.898984
774	4.928094
775	4.456243
776	4.613079
777	4.987071
778	4.806206
779	3.937422
780	4.406644
781	4.136726
782	4.167842
783	4.079829
784	3.910011
785	3.433060
786	4.128898
787	4.848514
788	4.055577
789	4.237284
790	4.311903
791	3.951609
792	3.714362
793	5.195921
794	4.017226
795	4.289930
796	3.870334
797	4.418610
798	4.423947
799	4.721981
800	4.208149
801	4.104841
802	4.193209
803	4.059138
804	3.722660
805	3.712372
806	3.690649
807	4.311855
808	4.044168
809	4.016229
810	3.781390
811	3.782750
812	4.176410
813	4.061454
814	3.943805
815	4.813180
816	4.052393
817	4.253387
818	4.682957
819	4.105912
820	4.012444
821	3.887429
822	3.829895
823	3.818731
824	3.797236
825	3.695241
826	3.463609
827	4.542103
828	4.535062
829	5.081141
830	4.487370
831	4.111206
832	4.335770
833	3.740977
834	3.976331
835	4.259953
836	4.370778
837	3.844243
838	3.895664
839	3.603083
840	4.456119
841	3.767166
842	3.882543
843	4.018221
844	4.437850
845	4.343741
846	3.885705
847	3.771815
848	3.884649
849	4.255267
850	3.920218
851	2.072992
852	4.102791
853	3.773872
854	4.050802
855	3.829164
856	4.233922
857	3.545338
858	3.909186
859	4.039913
860	3.981972
861	3.982436
862	4.156693
863	4.271451
864	3.940164
865	4.611930
866	3.753894
867	4.230214
868	3.886232
869	3.965363
870	4.269812
871	3.875681
872	3.994259
873	5.154193
874	4.208028
875	4.081531
876	4.137959
877	4.219124
878	3.680286
879	3.943208
880	4.410399
881	3.778862
882	4.118008
883	4.227599
884	4.355619
885	4.366439
886	3.953441
887	4.143911
888	3.882397
889	4.037092
890	4.044158
891	3.924805
892	4.240978
893	3.782248
894	4.799282
895	4.393757
896	4.979335
897	3.994872
898	4.036930
899	4.846300
900	3.990764
901	3.643270
902	4.147458
903	4.214202
904	4.064344
905	4.485198
906	3.839061
907	4.963557
908	4.623688
909	4.497766
910	4.240153
911	4.311080
912	4.756752
913	3.584494
914	4.381027
915	4.654954
916	3.755702
917	4.420250
918	3.964455
919	3.833354
920	4.239634
921	4.064922
922	3.905108
923	4.376413
924	4.475434
925	3.995210
926	4.389606
927	4.180190
928	4.715207
929	4.516952
930	4.823838
931	4.511564
932	5.194661
933	5.939975
934	4.967625
935	3.617320
936	3.582221
937	3.963975
938	3.949696
939	4.110389
940	3.626210
941	4.659904
942	4.264246
943	5.027345
944	5.008695
945	4.703213
946	3.886705
947	4.083003
948	4.007025
949	4.277935
950	4.465435
951	4.729113
952	3.814996
953	4.909429
954	4.070307
955	4.436778
956	4.516404
957	4.243172
958	5.027414
959	4.807546
960	4.432494
961	3.768302
962	4.692217
963	4.000639
964	4.627061
965	3.953177
966	4.487606
967	4.263086
968	3.599695
969	4.318946
970	4.093580
971	3.855930
972	3.718038
973	4.440032
974	3.949735
975	4.000175
976	4.043032
977	4.075558
978	3.070823
979	3.971901
980	3.898606
981	3.728896
982	3.892839
983	4.346240
984	4.120288
985	4.255925
986	3.777485
987	3.379858
988	4.109383
989	4.371322
990	3.996155
991	4.216478
992	4.816191
993	3.953356
994	4.495058
995	4.965622
996	3.885429
997	3.920217
998	4.304811
999	4.337931
1000	4.316167
1001	3.596195
1002	3.733336
1003	3.296589
1004	3.951278
1005	3.585680
1006	4.048580
1007	3.586698
1008	3.848896
1009	4.054873
1010	3.286016
1011	4.167325
1012	4.026885
1013	4.902510
1014	4.249353
1015	4.436677
1016	4.003011
1017	3.982800
1018	3.537415
1019	3.954099
1020	4.902347
1021	3.856281
1022	3.588314
1023	3.920969
1024	4.469118
1025	3.953290
1026	3.895510
1027	3.652950
1028	4.243220
1029	3.739662
1030	3.744154
1031	4.350425
1032	4.099439
1033	3.982023
1034	4.097536
1035	4.778807
1036	4.421595
1037	4.342718
1038	4.153083
1039	4.323216
1040	4.077180
1041	4.756827
1042	3.940317
1043	4.694965
1044	4.503665
1045	4.032183
1046	4.468210
1047	4.539278
1048	4.701747
1049	4.458038
1050	3.973877
1051	4.025158
1052	3.901501
1053	4.907980
1054	4.575912
1055	4.405598
1056	4.282219
1057	3.910128
1058	4.948071
1059	4.958982
1060	5.241193
1061	5.014031
1062	4.257570
1063	4.442612
1064	4.451909
1065	4.823656
1066	4.968816
1067	4.893380
1068	4.994139
1069	4.842967
1070	4.538877
1071	4.931024
1072	4.637459
1073	4.147722
1074	5.270768
1075	4.956622
1076	4.773039
1077	4.967353
1078	4.803551
1079	4.376528
1080	4.944826
1081	4.299768
1082	5.505153
1083	5.333884
1084	4.214448
1085	4.041460
1086	5.622709
1087	5.348626
1088	4.772813
1089	4.390273
1090	4.891186
1091	5.077538
1092	3.483234
1093	3.985083
1094	5.059300
1095	4.780289
1096	5.209894
1097	5.401796
1098	4.951450
1099	5.063932
1100	4.862314
1101	4.615474
1102	5.442183
1103	4.789040
1104	5.046910
1105	4.664912
1106	4.952918
1107	5.206593
1108	4.400419
1109	5.077293
1110	4.703499
1111	5.069458
1112	4.987564
1113	5.070051
1114	4.490679
1115	4.427246
1116	3.686977
1117	5.034372
1118	3.888780
1119	4.421368
1120	4.648192
1121	5.156646
1122	4.844049
1123	4.949059
1124	4.983833
1125	3.642061
1126	4.321702
1127	5.296772
1128	5.083316
1129	4.428374
1130	4.869948
1131	4.526633
1132	4.644922
1133	5.114176
1134	4.862241
1135	5.352475
1136	4.676793
1137	4.218163
1138	4.904701
1139	4.765826
1140	4.606452
1141	4.253635
1142	4.774242
1143	4.617012
1144	5.008950
1145	4.498288
1146	4.343618
1147	4.464448
1148	4.947090
1149	4.831903
1150	5.211045
1151	5.259325
1152	4.706804
1153	4.713185
1154	4.490056
1155	5.069959
1156	4.471635
1157	4.333751
1158	4.089525
1159	4.831475
1160	5.069102
1161	4.590045
1162	5.029432
1163	4.857592
1164	4.864045
1165	5.077180
1166	5.650566
1167	4.933042
1168	4.845752
1169	4.694870
1170	4.708407
1171	4.540111
1172	5.295816
1173	4.633304
1174	4.843802
1175	5.757482
1176	5.577626
1177	5.061868
1178	3.950388
1179	4.797751
1180	4.865737
1181	4.964213
1182	4.837903
1183	5.040555
1184	4.961069
1185	4.820675
1186	4.258298
1187	4.450225
1188	5.493241
1189	4.643124
1190	4.951011
1191	5.443133
1192	5.281619
1193	4.826821
1194	4.193960
1195	4.514300
1196	4.524721
1197	5.030437
1198	4.945655
1199	5.497690
1200	4.633767
1201	4.894058
1202	4.366246
1203	4.824707
1204	4.480156
1205	4.578644
1206	4.436440
1207	4.883750
1208	5.054473
1209	4.880409
1210	5.197711
1211	5.344886
1212	4.801021
1213	4.758519
1214	4.633799
1215	5.303642
1216	5.116591
1217	5.236563
1218	4.678172
1219	4.967749
1220	4.594584
1221	4.817614
1222	4.602273
1223	5.111612
1224	4.331752
1225	4.981579
1226	4.382555
1227	5.326416
1228	4.419639
1229	5.103107
1230	5.257147
1231	4.991132
1232	5.540154
1233	5.305866
1234	4.351966
1235	4.760041
1236	5.168918
1237	4.692728
1238	4.374678
1239	4.385306
1240	5.382935
1241	4.656114
1242	4.911359
1243	4.855330
1244	4.950243
1245	4.430993
1246	5.387125
1247	5.041399
1248	4.653408
1249	5.123854
1250	5.233815
1251	5.222459
1252	5.084114
1253	4.637822
1254	4.246810
1255	5.037151
1256	4.785697
1257	5.071686
1258	5.074337
1259	5.062994
1260	4.432212
1261	5.236659
1262	4.778180
1263	5.176716
1264	4.743027
1265	6.294759
1266	4.840145
1267	4.785164
1268	4.807171
1269	4.837113
1270	4.188262
1271	4.898818
1272	4.857162
1273	4.433182
1274	4.893199
1275	5.314970
1276	4.660666
1277	5.323195
1278	5.417730
1279	4.701543
1280	5.106750
1281	4.220735
1282	5.450734
1283	5.357938
1284	4.856758
1285	5.180629
1286	4.542070
1287	4.822095
1288	5.433305
1289	5.545043
1290	5.215296
1291	4.339932
1292	4.936193
1293	5.073401
1294	5.191975
1295	4.407913
1296	4.452335
1297	4.244112
1298	3.903346
1299	4.678546
1300	5.176118
1301	5.115338
1302	5.252484
1303	4.695136
1304	5.521612
1305	5.630116
1306	5.394849
1307	5.159864
1308	4.436734
1309	5.566264
1310	4.890368
1311	4.834636
1312	4.903407
1313	5.072790
1314	4.915536
1315	4.844607
1316	5.117869
1317	4.531600
1318	5.724972
1319	4.546152
1320	4.556017
1321	4.795602
1322	5.205661
1323	5.306940
1324	4.731321
1325	5.282433
1326	5.036001
1327	4.868378
1328	5.363469
1329	4.856779
1330	4.843489
1331	5.159235
1332	4.250095
1333	4.819605
1334	5.687478
1335	4.447404
1336	4.765176
1337	5.524473
1338	5.593048
1339	4.959445
1340	4.825277
1341	5.055828
1342	5.730314
1343	4.225269
1344	4.977319
1345	4.878330
1346	5.035643
1347	5.216148
1348	4.992294
1349	4.364470
1350	4.874855
1351	3.975588
1352	5.141002
1353	4.433937
1354	5.753034
1355	4.770104
1356	4.594659
1357	5.025872
1358	5.072051
1359	5.334136
1360	5.470475
1361	5.383466
1362	5.268833
1363	4.439651
1364	4.077119
1365	4.571357
1366	4.943450
1367	5.159205
1368	4.745619
1369	4.470548
1370	4.689798
1371	4.894794
1372	4.506086
1373	4.816773
1374	5.179208
1375	5.166769
1376	4.551373
1377	4.578744
1378	4.707494
1379	4.923058
1380	4.623137
1381	5.016850
1382	4.981445
1383	4.471263
1384	4.426623
1385	4.931805
1386	4.618658
1387	4.941042
1388	4.245162
1389	5.143414
1390	4.988598
1391	4.824997
1392	5.501363
1393	4.216041
1394	3.935391
1395	4.590512
1396	4.703722
1397	5.431631
1398	5.073559
1399	4.523340
1400	4.486925
1401	5.211698
1402	4.866713
1403	5.023435
1404	4.725294
1405	5.210028
1406	4.320972
1407	5.494088
1408	4.812785
1409	5.069812
1410	5.554043
1411	4.930028
1412	4.275021
1413	5.329690
1414	4.114789
1415	4.752126
1416	4.827773
1417	4.561447
1418	4.303556
1419	4.289814
1420	4.610130
1421	4.941073
1422	4.807764
1423	4.829886
1424	5.271982
1425	4.184783
1426	5.480567
1427	4.808389
1428	5.110626
1429	4.394156
1430	4.370046
1431	4.156753
1432	4.807640
1433	4.165741
1434	4.293821
1435	5.049436
1436	4.449157
1437	4.469048
1438	4.831065
1439	4.866014
1440	4.754303
1441	5.035087
1442	4.824127
1443	4.747252
1444	4.606875
1445	4.906985
1446	4.937701
1447	4.774358
1448	4.865768
1449	4.805204
1450	4.870420
1451	4.413705
1452	3.852415
1453	4.670525
1454	4.775741
1455	4.868213
1456	4.920092
1457	5.014479
1458	4.931664
1459	4.870534
1460	4.997210
1461	4.440967
1462	4.723739
1463	4.841465
1464	4.299418
1465	5.729819
1466	4.838740
1467	5.133010
1468	4.641015
1469	4.406565
1470	5.058171
1471	4.591131
1472	4.953880
1473	4.053169
1474	4.942642
1475	5.449800
1476	4.644965
1477	5.352578
1478	5.592262
1479	5.008583
1480	4.291702
1481	4.891279
1482	4.660406
1483	5.703834
1484	5.319632
1485	4.819605
1486	4.557378
1487	4.802082
1488	5.141828
1489	5.053176
1490	5.076515
1491	5.156200
1492	4.344389
1493	4.789530
1494	5.278826
1495	4.402873
1496	4.885427
1497	4.717688
1498	5.319051
1499	4.824332
1500	4.319883
1501	4.495786
1502	4.486848
1503	4.940750
1504	5.396841
1505	4.423767
1506	4.049557
1507	4.850895
1508	5.238863
1509	4.857920
1510	5.478777
1511	4.965542
1512	4.488131
1513	4.712090
1514	4.596260
1515	5.056135
1516	4.963968
1517	5.061472
1518	4.507562
1519	5.169486
1520	4.058536
1521	4.777122
1522	4.420190
1523	4.822592
1524	5.058991
1525	5.236678
1526	4.857424
1527	4.639686
1528	4.364240
1529	4.524840
1530	4.424808
1531	4.610085
1532	5.019782
1533	4.601717
1534	4.894486
1535	5.026521
1536	4.708565
1537	4.331698
1538	4.686897
1539	4.547152
1540	5.376051
1541	4.757365
1542	4.930285
1543	4.662426
1544	4.827224
1545	5.222117
1546	5.491752
1547	5.001339
1548	5.473465
1549	4.876576
1550	5.356100
1551	5.664219
1552	5.371153
1553	4.906914
1554	4.582018
1555	5.026938
1556	4.329213
1557	4.908329
1558	4.878728
1559	4.956712
1560	5.444308
1561	4.217774
1562	4.920751
1563	4.785123
1564	5.048342
1565	4.617107
1566	5.067949
1567	4.476224
1568	4.266955
1569	5.247650
1570	4.577620
1571	4.498765
1572	4.757788
1573	5.240792
1574	4.829752
1575	5.453119
1576	4.826355
1577	5.645556
1578	4.480516
1579	5.542394
1580	4.291583
1581	5.305036
1582	5.371721
1583	4.697116
1584	4.977207
1585	3.977233
1586	4.761721
1587	5.669653
1588	4.357820
1589	4.586450
1590	5.050790
1591	4.589095
1592	5.262631
1593	5.541202
1594	6.147310
1595	4.184615
1596	5.102451
1597	5.478448
1598	5.022690
1599	4.831490
1600	5.844834
1601	5.229428
1602	4.966500
1603	5.636717
1604	5.214311
1605	4.924084
1606	4.912756
1607	4.735441
1608	4.903887
1609	4.727090
1610	5.332573
1611	5.240860
1612	5.031830
1613	5.254312
1614	5.176024
1615	5.154901
1616	4.625939
1617	4.756984
1618	5.115329
1619	5.277062
1620	4.778085
1621	4.871888
1622	5.072375
1623	4.554272
1624	4.467226
1625	5.489453
1626	5.406830
1627	4.587407
1628	4.556029
1629	4.418720
1630	4.622055
1631	4.988124
1632	4.951052
1633	5.476320
1634	5.212945
1635	4.462702
1636	4.847042
1637	4.970252
1638	4.942631
1639	5.665632
1640	4.859178
1641	4.805862
1642	4.844388
1643	4.565469
1644	4.797427
1645	4.533254
1646	4.230803
1647	4.393291
1648	5.102950
1649	5.072760
1650	4.647602
1651	4.877419
1652	4.806849
1653	5.053721
1654	4.486635
1655	4.902865
1656	5.608306
1657	5.034411
1658	4.846648
1659	4.941618
1660	4.490714
1661	5.424574
1662	4.838077
1663	5.361249
1664	5.327259
1665	4.659816
1666	4.964564
1667	4.673959
1668	4.747462
1669	4.828457
1670	4.994848
1671	4.518251
1672	5.077116
1673	4.846628
1674	4.288133
1675	4.406325
1676	4.886340
1677	4.992653
1678	4.491869
1679	5.180591
1680	4.429944
1681	4.478101
1682	4.850085
1683	4.890020
1684	5.541145
1685	5.420507
1686	5.384021
1687	4.543017
1688	5.233603
1689	4.709310
1690	4.957509
1691	5.218449
1692	4.576342
1693	5.023565
1694	4.926925
1695	5.174282
1696	4.941748
1697	5.135695
1698	5.295340
1699	5.312578
1700	4.712760
1701	5.479178
1702	4.857200
1703	5.243217
1704	4.882806
1705	4.358027
1706	5.117285
1707	4.833964
1708	4.867287
1709	4.950001
1710	5.724108
1711	5.064327
1712	5.070788
1713	5.444969
1714	5.167823
1715	4.263426
1716	5.185191
1717	5.323513
1718	5.226568
1719	5.254684
1720	4.990211
1721	4.586567
1722	4.910744
1723	5.068037
1724	4.451247
1725	5.261920
1726	5.261920
1727	5.145618
1728	4.568205
1729	4.686983
1730	4.122936
1731	5.068027
1732	5.214375
1733	4.823857
1734	5.005857
1735	5.629334
1736	4.691760
1737	5.167378
1738	5.261607
1739	4.582238
1740	5.621771
1741	4.916452
1742	5.339539
1743	4.478929
1744	4.272646
1745	4.489822
1746	4.716533
1747	4.908655
1748	5.238101
1749	5.338372
1750	5.249943
1751	5.140535
1752	4.948586
1753	4.931015
1754	5.033785
1755	4.394964
1756	4.854935
1757	5.558714
1758	4.793132
1759	4.967988
1760	4.765007
1761	5.197633
1762	5.336140
1763	4.411666
1764	4.414659
1765	5.009411
1766	4.753704
1767	5.445338
1768	3.941331
1769	4.505386
1770	5.007952
1771	4.846453
1772	4.655233
1773	4.414080
1774	4.567296
1775	4.694880
1776	4.914143
1777	5.267267
1778	4.526511
1779	4.890951
1780	4.789594
1781	4.982790
1782	5.401379
1783	4.298582
1784	5.276674
1785	4.081349
1786	4.294392
1787	4.820870
1788	5.757456
1789	4.172805
1790	4.630216
1791	5.056371
1792	4.769915
1793	4.961432
1794	4.893435
1795	5.489308
1796	4.999969
1797	4.952626
1798	5.269023
1799	4.396874
1800	5.039227
1801	5.623114
1802	4.450111
1803	4.850411
1804	5.395350
1805	4.724762
1806	5.023720
1807	4.887598
1808	4.754892
1809	4.829834
1810	5.010809
1811	5.025942
1812	4.941802
1813	4.894099
1814	5.284704
1815	4.718899
1816	4.395339
1817	3.727386
1818	4.293459
1819	5.044168
1820	4.965421
1821	4.861256
1822	4.352195
1823	4.821898
0	1.939562
1	2.016680
2	2.312338
3	2.017845
4	2.086240
5	2.041053
6	2.010696
7	1.749085
8	2.233070
9	2.325231
10	2.109051
11	2.079447
12	1.927822
13	1.902996
14	2.728038
15	1.720491
16	2.058568
17	2.049805
18	1.858197
19	1.953150
20	1.782301
21	2.184263
22	1.856744
23	2.051487
24	2.376406
25	1.925461
26	1.954893
27	1.981590
28	1.978634
29	2.009427
30	2.140723
31	1.908325
32	1.980731
33	2.086025
34	1.899709
35	2.133566
36	2.295672
37	1.795577
38	2.006089
39	2.070822
40	2.134012
41	1.988845
42	1.922108
43	1.949998
44	1.711548
45	1.942933
46	2.100788
47	2.505136
48	1.949436
49	1.897527
50	1.747054
51	1.869387
52	1.923252
53	1.993138
54	1.830983
55	2.005266
56	2.325639
57	1.885551
58	1.957422
59	1.832182
60	1.884093
61	1.808454
62	2.079084
63	2.144830
64	1.916978
65	2.150232
66	1.801142
67	1.878858
68	1.786477
69	1.718982
70	2.089140
71	1.890847
72	2.041227
73	2.046140
74	2.276687
75	2.074464
76	1.943501
77	1.980430
78	2.141916
79	1.947230
80	1.997345
81	2.110427
82	2.097739
83	2.097881
84	1.850543
85	1.984011
86	1.738102
87	2.048754
88	1.830109
89	2.239823
90	2.113976
91	2.160023
92	2.235440
93	2.143687
94	1.846862
95	1.887752
96	1.922552
97	2.053949
98	2.040834
99	1.797942
100	1.916507
101	1.983581
102	1.720290
103	2.106964
104	2.002846
105	1.886958
106	2.033935
107	2.133472
108	1.956168
109	1.934191
110	1.670835
111	1.910210
112	2.000752
113	1.743273
114	1.952590
115	1.840216
116	1.847755
117	2.013033
118	1.908244
119	1.793013
120	2.020743
121	1.815516
122	1.928005
123	1.909843
124	1.974488
125	1.780393
126	1.953919
127	1.751829
128	1.895838
129	1.870987
130	2.081562
131	1.819147
132	1.810665
133	1.943453
134	1.851138
135	1.943115
136	1.813589
137	1.975170
138	1.763547
139	2.289234
140	2.047755
141	1.972310
142	1.991406
143	1.898368
144	2.202362
145	2.095924
146	1.946949
147	1.960868
148	1.985072
149	1.821343
150	1.912223
151	1.931555
152	1.720553
153	1.878774
154	1.714324
155	1.956142
156	2.119174
157	1.964636
158	2.061478
159	2.140024
160	1.747056
161	1.906489
162	1.942292
163	2.018666
164	2.108126
165	2.069346
166	1.946819
167	1.656925
168	1.800556
169	2.092991
170	1.890077
171	2.081011
172	1.788100
173	2.050996
174	1.813175
175	1.738997
176	1.897737
177	1.973069
178	1.959950
179	1.901710
180	2.317972
181	1.881834
182	2.074342
183	2.015095
184	1.833929
185	1.983282
186	1.748742
187	2.012011
188	1.912094
189	1.831556
190	2.171404
191	2.009401
192	1.759233
193	1.936001
194	1.898026
195	1.708506
196	1.893515
197	1.852728
198	1.888095
199	1.901526
200	1.999751
201	1.917526
202	1.849134
203	1.915254
204	1.938684
205	1.728756
206	1.962524
207	1.853106
208	1.842715
209	1.885338
210	2.252531
211	1.810773
212	1.765387
213	1.910026
214	1.965018
215	1.893092
216	2.004669
217	2.034823
218	1.968679
219	1.674664
220	1.872057
221	1.881145
222	2.387341
223	1.894493
224	1.897656
225	2.257832
226	2.048025
227	1.803498
228	2.471597
229	1.965961
230	1.764538
231	1.979370
232	1.927769
233	2.293492
234	1.985497
235	1.912957
236	1.973931
237	2.100904
238	1.975525
239	1.962397
240	1.782946
241	2.073019
242	1.816288
243	1.859759
244	2.144993
245	2.014000
246	1.916143
247	1.809089
248	2.136095
249	1.902077
250	1.765277
251	1.894889
252	1.947947
253	1.703349
254	1.809337
255	1.718312
256	1.954200
257	1.985195
258	1.858116
259	2.111373
260	2.080601
261	1.991307
262	1.813560
263	2.002549
264	1.802803
265	2.078583
266	1.650879
267	1.934451
268	2.010623
269	2.039707
270	2.182225
271	2.059467
272	2.030764
273	1.762811
274	1.802748
275	1.805547
276	2.029680
277	1.851864
278	2.321724
279	1.948052
280	1.686121
281	1.903287
282	1.874940
283	2.034133
284	1.794574
285	1.997298
286	1.969721
287	1.843855
288	1.780702
289	1.874325
290	1.843528
291	1.721308
292	1.891269
293	1.769549
294	1.781293
295	1.787680
296	1.859945
297	2.498698
298	2.027561
299	1.955122
300	1.908246
301	1.827949
302	1.973702
303	1.925460
304	1.865395
305	1.968603
306	1.838614
307	1.825954
308	1.871525
309	2.036810
310	2.057644
311	2.113434
312	2.380756
313	1.868478
314	1.914027
315	2.160440
316	1.756617
317	1.742900
318	1.897499
319	1.855290
320	1.792819
321	2.487771
322	1.777132
323	1.887353
324	1.809364
325	1.811381
326	1.994617
327	2.475702
328	2.265281
329	2.078027
330	1.983456
331	2.018563
332	1.945613
333	1.734907
334	2.049583
335	1.714818
336	2.034549
337	1.845480
338	1.716654
339	2.069590
340	1.848159
341	2.094779
342	2.063977
343	1.954635
344	1.721218
345	1.883534
346	1.880586
347	1.924318
348	2.168734
349	1.820794
350	2.184905
351	2.024652
352	1.866923
353	1.938040
354	2.038284
355	1.902737
356	1.897602
357	2.280634
358	2.371182
359	3.197530
360	5.189037
361	2.294929
362	2.455626
363	1.951922
364	1.832402
365	2.021806
366	1.950666
367	1.926940
368	3.079561
369	4.953637
370	4.501167
371	1.892221
372	2.076173
373	2.423345
374	1.953996
375	1.880267
376	2.203701
377	1.775254
378	1.930830
379	2.200251
380	1.943271
381	2.122946
382	1.993339
383	4.074481
384	2.216144
385	1.963288
386	1.989772
387	2.086456
388	2.071231
389	2.041226
390	3.189560
391	3.427128
392	1.871149
393	1.934058
394	1.815296
395	1.887352
396	1.694315
397	1.960127
398	1.915986
399	1.936235
400	1.959617
401	1.829591
402	1.945884
403	2.059695
404	1.926889
405	1.814194
406	5.281033
407	4.332228
408	3.488280
409	3.648412
410	3.422543
411	3.472953
412	5.025544
413	4.647851
414	3.564310
415	3.242361
416	5.048516
417	5.768969
418	3.263571
419	5.034262
420	2.818046
421	4.467573
422	4.535708
423	1.749143
424	3.591519
425	3.570169
426	2.175522
427	3.780157
428	4.878522
429	4.080955
430	3.275760
431	2.966630
432	3.705954
433	2.494634
434	3.390996
435	2.385390
436	3.319559
437	3.149222
438	4.125373
439	3.419824
440	3.795088
441	4.835316
442	2.129929
443	1.861893
444	2.131408
445	4.180345
446	1.896661
447	4.940506
448	4.712855
449	4.747136
450	4.411508
451	4.327077
452	2.105256
453	1.914107
454	2.136118
455	4.979086
456	4.555272
457	2.303432
458	2.101451
459	2.996582
460	2.324931
461	2.542321
462	2.481311
463	3.777962
464	3.742526
465	3.711887
466	3.144138
467	1.886293
468	1.972079
469	2.213007
470	3.381081
471	1.770932
472	2.213098
473	2.154693
474	2.391862
475	3.469769
476	2.178119
477	1.913897
478	2.035926
479	1.768277
480	3.543035
481	1.941675
482	1.960357
483	2.280875
484	1.863573
485	4.359150
486	1.806487
487	2.054580
488	1.933442
489	4.824581
490	2.825262
491	1.899974
492	3.091554
493	2.187557
494	1.978812
495	3.031534
496	3.138694
497	3.700418
498	4.743016
499	3.419723
500	3.755849
501	3.279492
502	2.042302
503	3.404909
504	3.440626
505	1.713155
506	3.188496
507	2.022795
508	2.813753
509	2.575268
510	2.045434
511	1.807318
512	1.830218
513	3.544883
514	1.932926
515	2.171751
516	1.944016
517	2.060995
518	1.677469
519	1.935226
520	1.768191
521	1.849595
522	1.865637
523	1.974741
524	1.960867
525	3.739344
526	3.540084
527	3.397130
528	2.285104
529	3.136687
530	3.105688
531	1.921119
532	2.437992
533	1.941880
534	1.979645
535	1.915047
536	2.053143
537	3.226561
538	1.856097
539	2.014894
540	1.912800
541	2.380526
542	2.003622
543	3.150318
544	3.571148
545	3.932760
546	3.590056
547	3.868074
548	3.655749
549	3.095964
550	3.871084
551	4.130920
552	3.591574
553	4.066362
554	3.967127
555	3.525123
556	3.277360
557	3.591017
558	3.994570
559	2.860176
560	3.630276
561	1.726645
562	3.302150
563	3.303362
564	3.070846
565	3.206760
566	3.184998
567	4.019813
568	3.157357
569	3.848155
570	3.301608
571	3.855905
572	2.910910
573	3.579944
574	2.041838
575	1.878830
576	3.491161
577	3.408725
578	3.341106
579	3.477024
580	1.946278
581	1.935226
582	1.897050
583	2.048754
584	2.027437
585	1.992211
586	3.494694
587	2.008008
588	2.046411
589	2.657293
590	1.803027
591	2.439939
592	2.450733
593	2.398687
594	1.811326
595	2.432077
596	3.036263
597	1.868395
598	1.688312
599	1.824581
600	1.755478
601	2.000049
602	1.845345
603	1.910026
604	1.749085
605	1.949768
606	1.951974
607	1.801720
608	4.032541
609	3.649511
610	3.747347
611	2.023586
612	2.393927
613	2.206377
614	2.231726
615	1.965963
616	2.625434
617	2.457173
618	2.072391
619	2.036001
620	1.694139
621	1.973068
622	1.877925
623	1.993664
624	2.024180
625	2.188947
626	2.671441
627	2.160486
628	1.916195
629	3.401193
630	3.316910
631	3.807060
632	3.522044
633	3.884511
634	3.909743
635	3.604510
636	3.665692
637	3.409809
638	1.749141
639	1.963010
640	2.056354
641	1.833743
642	1.908168
643	1.880455
644	2.148165
645	3.547976
646	3.365798
647	4.020846
648	2.796587
649	4.058941
650	4.220582
651	4.150409
652	3.471106
653	3.567647
654	4.363785
655	3.889742
656	3.570239
657	3.593815
658	3.299516
659	3.747653
660	3.479099
661	3.680788
662	4.414680
663	4.794854
664	2.184536
665	2.139417
666	3.019853
667	3.517772
668	3.426092
669	3.208288
670	3.758378
671	4.535152
672	3.741778
673	3.673758
674	4.968187
675	3.538376
676	4.677572
677	4.070061
678	3.154235
679	3.379912
680	3.866614
681	4.120063
682	4.031601
683	2.904032
684	3.604942
685	3.621960
686	3.003678
687	4.628921
688	4.060062
689	3.491978
690	3.658743
691	3.655766
692	4.689618
693	3.747051
694	3.532831
695	3.192789
696	3.592813
697	3.980580
698	4.208576
699	4.373933
700	5.109815
701	3.938998
702	3.828694
703	4.329492
704	4.621947
705	3.161329
706	4.328519
707	2.402623
708	3.087944
709	3.134293
710	3.470116
711	3.757033
712	3.432623
713	3.223260
714	3.448609
715	3.289818
716	3.288664
717	2.425572
718	2.069782
719	2.402521
720	3.069691
721	3.639450
722	3.154994
723	3.264321
724	2.796139
725	3.176964
726	2.988461
727	3.519915
728	3.652122
729	3.408050
730	3.284784
731	3.454171
732	2.616374
733	3.340451
734	3.563678
735	3.671988
736	3.418581
737	3.391887
738	3.401604
739	2.994226
740	2.995881
741	2.221777
742	1.872351
743	2.049806
744	3.806389
745	2.535347
746	2.151651
747	3.637249
748	1.728639
749	3.698175
750	4.011843
751	4.901134
752	4.054095
753	4.243512
754	4.364471
755	4.522841
756	4.629074
757	3.640728
758	3.325673
759	4.592440
760	4.669338
761	4.298383
762	3.562176
763	5.204410
764	4.081998
765	2.584454
766	4.802280
767	1.905071
768	3.556234
769	4.208671
770	3.997913
771	3.820745
772	4.203155
773	4.429064
774	4.164674
775	3.386945
776	3.332100
777	5.504916
778	4.362581
779	4.646827
780	3.860130
781	4.571235
782	4.001512
783	4.492404
784	4.089533
785	4.809541
786	4.944705
787	4.669112
788	4.377635
789	5.456502
790	4.856915
791	4.684880
792	3.643706
793	4.506938
794	4.489032
795	4.784560
796	4.317837
797	4.281462
798	4.739830
799	5.285479
800	3.991467
801	4.451662
802	4.798531
803	5.158391
804	3.557231
805	4.597511
806	4.434882
807	3.966133
808	4.832320
809	4.330025
810	5.081987
811	4.303221
812	5.034542
813	4.915830
814	4.195334
815	5.159544
816	5.014709
817	4.087898
818	4.833405
819	5.091229
820	5.112731
821	5.333190
822	5.937878
823	4.736835
824	4.209099
825	4.928903
826	3.565347
827	3.954542
828	4.647107
829	3.691733
830	5.112036
831	4.106739
832	4.787694
833	4.074861
834	4.777626
835	3.402674
836	4.080108
837	4.573722
838	3.751984
839	3.817750
840	4.386625
841	4.039911
842	3.769512
843	4.023798
844	4.473638
845	3.916872
846	4.997255
847	4.001791
848	3.892134
849	3.648356
850	4.473007
851	3.817615
852	4.736849
853	4.176828
854	5.103607
855	4.371816
856	4.146749
857	4.969295
858	4.154864
859	3.740657
860	4.265536
861	5.043262
862	4.122972
863	4.761101
864	3.825989
865	4.170224
866	3.726955
867	3.917714
868	3.833812
869	4.143466
870	4.415949
871	3.897975
872	4.329503
873	4.468256
874	4.670727
875	3.834828
876	4.211781
877	3.451306
878	3.873836
879	4.413683
880	4.376677
881	4.065801
882	3.688222
883	3.557010
884	4.738458
885	4.698445
886	5.032701
887	4.280443
888	4.936660
889	4.157094
890	3.553382
891	4.853092
892	3.994709
893	4.312876
894	3.546126
895	4.482587
896	4.543710
897	4.035418
898	4.292855
899	4.523504
900	4.153889
901	4.606625
902	5.237204
903	4.541499
904	4.121238
905	4.567943
906	5.613341
907	3.383697
908	3.836939
909	4.699755
910	4.411054
911	5.657747
912	5.491759
913	4.207147
914	4.662971
915	5.052028
916	4.651858
917	4.218602
918	5.078595
919	4.630791
920	4.814724
921	4.171028
922	5.043740
923	4.744896
924	4.606858
925	5.049386
926	4.765522
927	4.293213
928	4.265231
929	3.918137
930	5.200669
931	5.112378
932	4.767860
933	4.955301
934	4.202644
935	5.041209
936	3.894163
937	3.978970
938	4.737794
939	4.707154
940	3.931324
941	4.769170
942	4.580194
943	4.212610
944	4.229304
945	4.387471
946	3.878323
947	5.161533
948	4.095190
949	3.874260
950	5.595749
951	5.025636
952	4.348860
953	5.277558
954	4.013114
955	3.989748
956	4.594790
957	5.204708
958	3.689851
959	5.266629
960	4.999009
961	4.232505
962	4.805811
963	4.481850
964	5.060791
965	3.694064
966	4.506848
967	3.919055
968	4.114524
969	5.073461
970	4.197271
971	4.982570
972	4.771697
973	3.856784
974	3.954048
975	4.255937
976	4.323609
977	4.431626
978	4.522874
979	4.951688
980	4.122934
981	4.305044
982	4.539579
983	4.981022
984	4.524356
985	3.769576
986	5.179373
987	3.993558
988	4.861944
989	4.105326
990	3.608130
991	5.256947
992	3.604123
993	4.019776
994	4.410726
995	3.444924
996	4.777812
997	3.583071
998	4.483068
999	3.562626
1000	3.468040
1001	4.744491
1002	4.133788
1003	3.326169
1004	4.267200
1005	4.910038
1006	5.385398
1007	4.953878
1008	4.002924
1009	3.633744
1010	5.052922
1011	4.743185
1012	4.536797
1013	4.742583
1014	4.653868
1015	3.997660
1016	4.630012
1017	4.088873
1018	3.911853
1019	3.807690
1020	4.370274
1021	4.053121
1022	5.703778
1023	5.194916
1024	4.135230
1025	5.169317
1026	5.664416
1027	4.465405
1028	4.199606
1029	3.546745
1030	3.592854
1031	4.334584
1032	4.889926
1033	4.823215
1034	3.879303
1035	5.031610
1036	5.019055
1037	4.341670
1038	4.683846
1039	4.038044
1040	3.978367
1041	5.003459
1042	3.752866
1043	4.559672
1044	3.805826
1045	4.519746
1046	3.782103
1047	4.970672
1048	4.785758
1049	4.677957
1050	3.714686
1051	4.386673
1052	3.559158
1053	4.975168
1054	4.613371
1055	4.967653
1056	4.149736
1057	4.822707
1058	4.868818
1059	3.920179
1060	4.279461
1061	3.751188
1062	4.971247
1063	4.228286
1064	5.230814
1065	4.460819
1066	4.128751
1067	4.379153
1068	4.782845
1069	5.597266
1070	4.064541
1071	5.229924
1072	4.576746
1073	5.306006
1074	4.813781
1075	4.128352
1076	3.875319
1077	4.667216
1078	3.654519
1079	5.107730
1080	3.743850
1081	4.240068
1082	4.578974
1083	4.789260
1084	4.738989
1085	4.825642
1086	4.572506
1087	4.519345
1088	4.475097
1089	4.470328
1090	3.978768
1091	4.393667
1092	4.508051
1093	5.242842
1094	4.930861
1095	4.465929
1096	4.504455
1097	4.738080
1098	4.016218
1099	4.731280
1100	4.621371
1101	5.112594
1102	5.156522
1103	5.172119
1104	5.001620
1105	3.731463
1106	3.487463
1107	5.066411
1108	4.268607
1109	5.624492
1110	4.608797
1111	3.894367
1112	4.762120
1113	4.946170
1114	3.911443
1115	5.440633
1116	4.512704
1117	4.770680
1118	4.715739
1119	5.668183
1120	4.865531
1121	5.224848
1122	4.947655
1123	3.883312
1124	4.090696
1125	4.071373
1126	3.881054
1127	3.862499
1128	3.201640
1129	3.812363
1130	3.970203
1131	4.062277
1132	4.120558
1133	3.467421
1134	4.330833
1135	4.274120
1136	3.756727
1137	2.936171
1138	3.798591
1139	3.631461
1140	3.743941
1141	3.660735
1142	2.468320
1143	4.443005
1144	3.305059
1145	3.808789
1146	3.643638
1147	3.430584
1148	3.407786
1149	3.819567
1150	3.264201
1151	3.431225
1152	4.012046
1153	3.708490
1154	4.068870
1155	4.150204
1156	3.616601
1157	5.023385
1158	4.580501
1159	3.991030
1160	4.684464
1161	3.552534
1162	3.274919
1163	4.681910
1164	3.912275
1165	4.294705
1166	4.568347
1167	3.464521
1168	3.370965
1169	3.410456
1170	3.347554
1171	3.267308
1172	3.358929
1173	3.848299
1174	4.708429
1175	5.023554
1176	4.089267
1177	5.826706
1178	4.981104
1179	3.809370
1180	3.954073
1181	4.118666
1182	3.615204
1183	5.423412
1184	4.336831
1185	4.306112
1186	4.353125
1187	5.097156
1188	3.656802
1189	4.683363
1190	4.311439
1191	4.744818
1192	4.908237
1193	4.334860
1194	3.968891
1195	3.683924
1196	4.491148
1197	3.984745
1198	3.657595
1199	4.827783
1200	4.708948
1201	3.896024
1202	5.067019
1203	4.311947
1204	4.027866
1205	4.910894
1206	3.905495
1207	3.677731
1208	5.208465
1209	3.936561
1210	5.363917
1211	4.427707
1212	3.361828
1213	5.133857
1214	4.967457
1215	5.062786
1216	5.281421
1217	4.121944
1218	5.479350
1219	4.051976
1220	3.845531
1221	3.817501
1222	4.443905
1223	5.011685
1224	3.727856
1225	4.361228
1226	4.667911
1227	3.901872
1228	4.435616
1229	3.617804
1230	3.905188
1231	3.702404
1232	3.804656
1233	4.415543
1234	4.166067
1235	5.257310
1236	3.442397
1237	3.963079
1238	4.986482
1239	4.368283
1240	3.358258
1241	4.554294
1242	4.455704
1243	4.828508
1244	3.440768
1245	3.041448
1246	4.383822
1247	1.976108
1248	3.625590
1249	3.505082
1250	2.176994
1251	2.155413
1252	3.513206
1253	3.257270
1254	4.324651
1255	3.218261
1256	3.380339
1257	3.529165
1258	3.607131
1259	4.110062
1260	3.938159
1261	3.943465
1262	3.919910
1263	3.042187
1264	2.577868
1265	2.735707
1266	3.080844
1267	2.198680
1268	3.766762
1269	3.133273
1270	3.736602
1271	4.075131
1272	3.951113
1273	3.974281
1274	3.983629
1275	3.562878
1276	3.973336
1277	3.827649
1278	3.793019
1279	3.831893
1280	3.500486
1281	3.972732
1282	3.685377
1283	3.123683
1284	3.865464
1285	3.999412
1286	3.722499
1287	3.183975
1288	3.721693
1289	2.882119
1290	3.124964
1291	4.151156
1292	3.591407
1293	4.403238
1294	3.995171
1295	3.488982
1296	4.095143
1297	3.328378
1298	3.782724
1299	3.897255
1300	3.177515
1301	3.529817
1302	3.871267
1303	4.683502
1304	3.530779
1305	4.331223
1306	4.021864
1307	3.486345
1308	4.245245
1309	3.139635
1310	4.468926
1311	3.608517
1312	3.809211
1313	3.695294
1314	3.803868
1315	3.733577
1316	2.784708
1317	2.506890
1318	3.908477
1319	3.890642
1320	3.364045
1321	3.972870
1322	4.118555
1323	2.747382
1324	3.644407
1325	3.612132
1326	3.298196
1327	3.997537
1328	3.938654
1329	3.837785
1330	3.616531
1331	2.684941
1332	3.716959
1333	3.428442
1334	4.085034
1335	3.906264
1336	3.730965
1337	3.677570
1338	3.697688
1339	3.188183
1340	4.164624
1341	4.146734
1342	2.915357
1343	3.191113
1344	4.068183
1345	3.218587
1346	3.906611
1347	3.551857
1348	3.282530
1349	3.680243
1350	3.551027
1351	2.829063
1352	3.029868
1353	3.504338
1354	3.479467
1355	4.567931
1356	4.013353
1357	3.807964
1358	3.557781
1359	5.108160
1360	4.130969
1361	4.615811
1362	4.462968
1363	4.036593
1364	3.965790
1365	3.709528
1366	3.600778
1367	3.055912
1368	2.215604
1369	4.368674
1370	3.441350
1371	3.145823
1372	3.089562
1373	3.750013
1374	3.906380
1375	4.556435
1376	4.448259
1377	4.694902
1378	4.351837
1379	4.134320
1380	3.855425
1381	3.816662
1382	3.799554
1383	4.625906
1384	3.730455
1385	4.393189
1386	4.216481
1387	4.515873
1388	4.606191
1389	3.587463
1390	4.599881
1391	3.782394
1392	2.210792
1393	3.570519
1394	3.399647
1395	3.374463
1396	4.558124
1397	3.818758
1398	4.269028
1399	4.272717
1400	4.465311
1401	4.255198
1402	4.289919
1403	4.541995
1404	3.475760
1405	4.520065
1406	5.243223
1407	3.975951
1408	4.434828
1409	3.566088
1410	4.105095
1411	5.509340
1412	2.687211
1413	4.607611
1414	3.820078
1415	3.940874
1416	3.770161
1417	4.309826
1418	4.611825
1419	3.212926
1420	4.660674
1421	4.834408
1422	5.213758
1423	4.822509
1424	1.925070
1425	2.353083
1426	5.152725
1427	3.807703
1428	4.842376
1429	2.038773
1430	2.113527
1431	3.925429
1432	5.325684
1433	5.286939
1434	5.007972
1435	3.610182
1436	3.901000
1437	4.901568
1438	4.451764
1439	3.767984
1440	3.192038
1441	3.277562
1442	3.654106
1443	5.629299
1444	4.914570
1445	3.143930
1446	4.254658
1447	5.083993
1448	4.705486
1449	5.271648
1450	3.387418
1451	4.889592
1452	4.177797
1453	5.428856
1454	3.614539
1455	3.567423
1456	3.052079
1457	3.905495
1458	4.399724
1459	4.113132
1460	3.892286
1461	3.597818
1462	3.567494
1463	3.765637
1464	3.624429
1465	3.619474
1466	3.731932
1467	4.195013
1468	4.236829
1469	3.869046
1470	4.693586
1471	2.789146
1472	3.583100
1473	4.133263
1474	3.888863
1475	4.171113
1476	3.533244
1477	2.987861
1478	3.326290
1479	4.909326
1480	3.276088
1481	4.434917
1482	4.150050
1483	3.458861
1484	4.083257
1485	3.392176
1486	3.706008
1487	4.142579
1488	3.766080
1489	3.842396
1490	4.456014
1491	3.571179
1492	3.520030
1493	3.986012
1494	3.695596
1495	2.792142
1496	4.379105
1497	4.494679
1498	4.027702
1499	4.958644
1500	3.912174
1501	5.090837
1502	3.336329
1503	4.651520
1504	4.602420
1505	4.338386
1506	1.866630
1507	3.698133
1508	3.349423
1509	3.272327
1510	3.715028
1511	2.999617
1512	4.267107
1513	3.859685
1514	2.890314
1515	4.550630
1516	4.590351
1517	3.367408
1518	3.561980
1519	4.002600
1520	3.858900
1521	4.304434
1522	5.408513
1523	3.390023
1524	3.397371
1525	3.448875
1526	3.754193
1527	4.004065
1528	4.389635
1529	4.395349
1530	3.632662
1531	4.046390
1532	3.757192
1533	4.065227
1534	3.841578
1535	4.282450
1536	3.854169
1537	3.476970
1538	3.181069
1539	4.999425
1540	4.174553
1541	3.707331
1542	3.274222
1543	4.250627
1544	3.931729
1545	3.852401
1546	3.515009
1547	4.661311
1548	3.488238
1549	3.696418
1550	3.601813
1551	3.985651
1552	4.026217
1553	4.329353
1554	3.781920
1555	4.550387
1556	3.817591
1557	3.521886
1558	4.535968
1559	3.671867
1560	3.542400
1561	4.570729
1562	3.653489
1563	4.063313
1564	3.589408
1565	1.945269
1566	3.566074
1567	3.053577
1568	3.593340
1569	4.413080
1570	4.348087
1571	3.801429
1572	4.218267
1573	4.828286
1574	4.285068
1575	4.449389
1576	3.791267
1577	4.005226
1578	4.245870
1579	5.001297
1580	4.801282
1581	4.139317
1582	4.538806
1583	3.754486
1584	3.768342
1585	3.298492
1586	3.844256
1587	3.836003
1588	3.376672
1589	3.160352
1590	3.485430
1591	4.933937
1592	3.864425
1593	3.590623
1594	3.789568
1595	4.969913
1596	4.108885
1597	3.293951
1598	4.098938
1599	3.375767
1600	3.351670
1601	4.411418
1602	5.135615
1603	4.525018
1604	3.849482
1605	3.302258
1606	2.931999
1607	3.235680
1608	3.677213
1609	4.677238
1610	2.823386
1611	3.907679
1612	3.781981
1613	3.078846
1614	2.898447
1615	3.557353
1616	4.092493
1617	3.576492
1618	4.134936
1619	3.807070
1620	4.181315
1621	4.333107
1622	3.682731
1623	3.455795
1624	4.219796
1625	4.181459
1626	4.989786
1627	3.780215
1628	3.471033
1629	3.508589
1630	3.207152
1631	3.113986
1632	3.629451
1633	4.049072
1634	3.888512
1635	4.380787
1636	2.873152
1637	4.465006
1638	4.880040
1639	4.034783
1640	5.885218
1641	4.973187
1642	4.928591
1643	3.872676
1644	5.199718
1645	5.132418
1646	4.720619
1647	4.314270
1648	4.764733
1649	4.946548
1650	4.100481
1651	3.755825
1652	4.682546
1653	4.856287
1654	5.661794
1655	3.900178
1656	3.670818
1657	4.301380
1658	5.020476
1659	4.370275
1660	3.696764
1661	3.544714
1662	4.539372
1663	4.213196
1664	5.093966
1665	4.140290
1666	3.858004
1667	3.740095
1668	3.742792
1669	3.400676
1670	3.746120
1671	4.450548
1672	3.004629
1673	2.869512
1674	3.854973
1675	3.656977
1676	3.771801
1677	3.493280
1678	3.466612
1679	3.258497
1680	3.588831
1681	4.233088
1682	3.546732
1683	3.373518
1684	4.014049
1685	3.923182
1686	4.327226
1687	4.227126
1688	3.317742
1689	3.061977
1690	3.489270
1691	1.921589
1692	4.463474
1693	3.579176
1694	4.075109
1695	2.806170
1696	3.534132
1697	4.127113
1698	2.995481
1699	3.759936
1700	3.780132
1701	3.894241
1702	3.987698
1703	4.039125
1704	3.643855
1705	2.691429
1706	3.706685
1707	3.604776
1708	3.780028
1709	3.221938
1710	3.677200
1711	3.269953
1712	3.122901
1713	4.339146
1714	3.684574
1715	3.613639
1716	3.341450
1717	3.841835
1718	3.693966
1719	4.035852
1720	4.138043
1721	4.109854
1722	3.938171
1723	3.375335
1724	3.483276
1725	2.171129
1726	2.118067
1727	3.784109
1728	3.615216
1729	3.395425
1730	3.648092
1731	3.075288
1732	3.176825
1733	3.676859
1734	3.817407
1735	3.339313
1736	3.027161
1737	2.976406
1738	3.400384
1739	3.562359
1740	3.989950
1741	3.295118
1742	3.636594
1743	3.978705
1744	3.653670
1745	2.876074
1746	3.290989
1747	3.749413
1748	3.663058
1749	1.957911
1750	4.134367
1751	3.971221
1752	3.047228
1753	4.289219
1754	3.470879
1755	3.950064
1756	3.428776
1757	4.276390
1758	3.460028
1759	3.462960
1760	3.201782
1761	3.050018
1762	2.440380
1763	3.989838
1764	3.479971
1765	4.065662
1766	2.457118
1767	3.544149
1768	4.123168
1769	3.840022
1770	3.546771
1771	4.330973
1772	3.991470
1773	4.031559
1774	4.104874
1775	3.646604
1776	3.051918
1777	3.696177
1778	4.032915
1779	3.056025
1780	3.934308
1781	2.504171
1782	3.899519
1783	1.809392
1784	3.960918
1785	4.080247
1786	4.061400
1787	3.463309
1788	3.611501
1789	3.888415
1790	3.512466
1791	3.958410
1792	4.002210
1793	3.367877
1794	3.683515
1795	4.289281
1796	3.888484
1797	3.481438
1798	3.936613
1799	4.223429
1800	3.573403
1801	3.668139
1802	3.796671
1803	2.036789
1804	3.665572
1805	3.306703
1806	3.976931
1807	4.070902
1808	4.140317
1809	3.188347
1810	3.887950
1811	3.237753
1812	3.310379
1813	3.533884
1814	3.550786
1815	3.118988
1816	1.850217
1817	3.439813
1818	2.061769
1819	3.179984
1820	3.472441
1821	3.289936
1822	3.721212
1823	3.351749
1824	3.818559
1825	3.638420
1826	4.345688
1827	3.776058
1828	3.299863
1829	3.233016
1830	3.929165
1831	4.382031
1832	4.088940
1833	4.271218
1834	4.052798
1835	3.734742
1836	4.215120
1837	3.626223
1838	3.900295
1839	4.147866
1840	4.150504
1841	3.819294
1842	4.322905
1843	3.965375
1844	2.709476
1845	4.066979
1846	2.206126
1847	4.244148
1848	3.346213
1849	3.364301
1850	3.581861
1851	4.334679
1852	3.612593
1853	3.662780
1854	3.774622
1855	3.728765
1856	3.864584
1857	3.179590
1858	4.132405
1859	3.899767
1860	3.921237
1861	3.338352
