0	8.984014
1	11.088712
2	11.070227
3	11.305088
4	11.937646
5	12.646380
6	11.867627
7	10.697143
8	11.444131
9	11.542696
10	11.793850
11	12.447803
12	11.740323
13	11.671782
14	11.000264
15	11.559213
16	10.912517
17	11.593399
18	11.405429
19	10.905949
20	11.657767
21	9.920957
22	9.283933
23	10.439392
24	9.285759
25	8.679781
26	10.610577
27	9.972622
28	10.000370
29	10.690187
30	11.456306
31	9.105372
32	10.824898
33	10.861653
34	12.583282
35	13.155127
36	11.990870
37	11.101120
38	12.760929
39	9.912203
40	11.084845
41	9.285757
42	10.096876
43	12.540690
44	12.847425
45	11.513246
46	12.105869
47	11.364357
48	10.984737
49	11.782619
50	12.334860
51	13.266217
52	12.420284
53	12.527441
54	12.588653
55	13.516870
56	13.598680
57	12.422290
58	12.400289
59	11.737845
60	12.218156
61	12.140820
62	10.844548
63	10.267244
64	11.938293
65	10.578763
66	11.155183
67	10.595351
68	11.344625
69	11.050125
70	10.619501
71	11.402723
72	10.790607
73	11.214032
74	10.589341
75	11.902247
76	11.248049
77	11.284772
78	11.912855
79	11.289792
80	13.016582
81	12.199907
82	11.269513
83	12.926072
84	12.278842
85	11.220010
86	12.203172
87	11.360886
88	12.525079
89	12.495605
90	11.464533
91	12.135968
92	11.255984
93	12.092525
94	11.925171
95	12.315142
96	11.065413
97	11.064851
98	11.488647
99	12.611065
100	11.148785
101	12.134678
102	12.399872
103	11.670107
104	11.605975
105	12.799714
106	12.563759
107	11.757342
108	12.257377
109	12.331153
110	10.739118
111	10.224764
112	10.858184
113	11.974316
114	12.219307
115	11.168139
116	11.669765
117	10.305467
118	11.435118
119	11.434395
120	11.930088
121	10.623547
122	11.596662
123	10.819894
124	10.617654
125	10.751286
126	10.258939
127	10.057216
128	9.768423
129	11.135147
130	10.530385
131	10.272182
132	9.733613
133	10.323746
134	9.455217
135	11.051176
136	10.450436
137	9.776178
138	10.697892
139	11.176664
140	9.869905
141	10.791794
142	10.677483
143	10.417702
144	9.925365
145	10.006188
146	10.821318
147	10.665708
148	11.164678
149	11.346252
150	12.186941
151	10.884860
152	11.784593
153	12.309588
154	11.877849
155	10.964548
156	10.227678
157	11.759011
158	11.732323
159	12.233309
160	10.619501
161	10.322743
162	10.305381
163	9.852892
164	10.109424
165	9.590421
166	11.084631
167	11.125061
168	10.873347
169	10.692920
170	10.736879
171	10.802576
172	11.249152
173	9.997846
174	8.210262
175	10.019636
176	10.437965
177	10.623980
178	10.306779
179	9.462908
180	10.589358
181	11.393573
182	11.228775
183	10.564445
184	10.286231
185	9.735566
186	10.319621
187	10.640912
188	10.540030
189	10.411847
190	10.827544
191	10.326264
192	10.204393
193	10.598722
194	10.248853
195	10.160400
196	10.507302
197	10.149621
198	9.937167
199	10.555799
200	9.829611
201	9.364145
202	9.809613
203	9.646894
204	10.255419
205	10.649006
206	10.827327
207	10.312283
208	10.600087
209	10.177609
210	11.204340
211	8.989820
212	10.083776
213	8.756058
214	9.818176
215	9.981141
216	9.945821
217	10.057146
218	10.159108
219	9.720380
220	11.677694
221	10.803301
222	10.809306
223	9.890533
224	11.236094
225	10.319313
226	10.821395
227	10.749627
228	10.729932
229	10.593185
230	10.091862
231	10.265398
232	10.649722
233	10.273510
234	10.359252
235	9.752565
236	11.052952
237	10.979825
238	10.066407
239	10.080918
240	10.699346
241	10.853638
242	10.344835
243	10.660123
244	10.940979
245	10.432490
246	11.644351
247	11.320734
248	9.406151
249	10.249862
250	10.459698
251	10.597664
252	10.142508
253	10.848214
254	10.601094
255	10.247828
256	10.348287
257	10.025012
258	10.285048
259	11.121558
260	9.446321
261	10.136162
262	9.935683
263	10.530755
264	9.154813
265	10.441278
266	9.968004
267	10.011126
268	10.424936
269	10.908793
270	10.046250
271	10.435073
272	10.922256
273	9.821792
274	11.046634
275	11.454160
276	9.528589
277	9.769230
278	10.584653
279	10.346117
280	11.398809
281	10.643353
282	11.140857
283	11.040078
284	10.851843
285	10.746715
286	11.887166
287	11.839348
288	11.331346
289	11.558382
290	11.066514
291	10.692620
292	10.964325
293	9.790338
294	9.515865
295	9.930691
296	11.184285
297	12.129872
298	11.191970
299	10.338779
300	11.380641
301	11.066624
302	10.625227
303	9.814051
304	10.411677
305	9.966231
306	11.144329
307	9.916588
308	9.999244
309	10.188479
310	10.571321
311	10.102914
312	10.534761
313	10.084772
314	10.040050
315	10.109696
316	10.384610
317	10.538320
318	10.835748
319	9.851707
320	9.413554
321	9.686845
322	9.126589
323	10.082860
324	9.992645
325	10.316500
326	10.661149
327	10.033518
328	9.135759
329	9.563505
330	10.146697
331	10.866622
332	11.061549
333	11.453161
334	11.356132
335	9.901809
336	10.093158
337	11.106742
338	9.922349
339	10.161706
340	9.939643
341	9.236145
342	10.726015
343	10.108657
344	10.565708
345	9.283754
346	10.793944
347	10.545356
348	9.776712
349	9.661366
350	9.948218
351	10.190531
352	11.157178
353	11.099104
354	11.353603
355	11.970977
356	10.596202
357	11.104239
358	11.418882
359	10.992293
360	10.966831
361	10.836633
362	11.882750
363	10.284911
364	11.118695
365	10.572163
366	12.228274
367	11.106983
368	11.759377
369	11.273108
370	9.908629
371	10.269536
372	10.101983
373	10.406881
374	10.296747
375	10.459332
376	11.000497
377	9.679777
378	10.239111
379	10.365288
380	10.669610
381	10.769019
382	10.891952
383	11.258643
384	11.339974
385	11.452256
386	11.222239
387	11.080484
388	10.630550
389	10.617632
390	10.994933
391	11.521323
392	10.546115
393	10.150413
394	10.591063
395	10.513915
396	10.232406
397	11.016465
398	10.464121
399	9.685167
400	10.696886
401	10.400950
402	10.188924
403	10.552535
404	10.865305
405	10.181201
406	10.058496
407	9.020025
408	9.853348
409	10.411981
410	10.511630
411	10.813446
412	10.477762
413	10.188897
414	10.343820
415	10.520647
416	10.303986
417	10.265553
418	9.657063
419	10.613146
420	10.665430
421	9.965410
422	11.174506
423	11.466904
424	12.136161
425	11.313747
426	11.463719
427	10.869164
428	11.964223
429	12.110300
430	11.189697
431	12.195760
432	10.756721
433	10.867908
434	11.321580
435	11.213780
436	10.671391
437	11.715679
438	11.776396
439	11.240892
440	11.508283
441	12.183936
442	11.194025
443	11.290994
444	12.236196
445	11.523975
446	11.435422
447	11.073017
448	12.571405
449	11.056045
450	11.621243
451	12.543235
452	11.067576
453	11.569642
454	11.538658
455	10.539821
456	10.042355
457	12.169635
458	12.432140
459	11.050814
460	11.738844
461	11.947945
462	11.308448
463	12.095827
464	11.645601
465	12.308026
466	11.779825
467	11.302886
468	11.916451
469	10.434679
470	9.653640
471	10.076845
472	11.608733
473	9.841551
474	12.732389
475	10.575809
476	9.460868
477	10.695108
478	11.075401
479	11.029898
480	10.742367
481	9.963779
482	10.905166
483	10.872314
484	9.502455
485	10.943186
486	10.970898
487	10.331825
488	10.352942
489	9.217841
490	10.376601
491	10.066588
492	10.167166
493	11.193300
494	12.329416
495	10.768981
496	12.783253
497	10.870371
498	11.977862
499	11.602592
500	13.038077
501	10.672832
502	11.046342
503	11.678853
504	11.845855
505	11.517945
506	10.580615
507	11.278369
508	11.332102
509	10.273701
510	11.161380
511	10.092968
512	11.031041
513	11.170937
514	9.343802
515	10.393888
516	11.336200
517	11.642773
518	10.566556
519	10.177061
520	12.044586
521	11.483282
522	10.886855
523	11.102400
524	10.845247
525	11.010039
526	10.813922
527	10.205477
528	10.818399
529	11.128850
530	11.298939
531	11.589396
532	11.953310
533	10.906584
534	10.613248
535	10.688317
536	11.478857
537	11.380236
538	12.145853
539	11.418522
540	11.258839
541	11.084374
542	11.872157
543	11.912380
544	13.048060
545	12.155087
546	12.398302
547	12.421471
548	13.003372
549	11.945802
550	12.025464
551	12.233829
552	11.680430
553	11.948864
554	11.568499
555	11.818462
556	12.031883
557	12.324110
558	12.517464
559	11.777006
560	11.729592
561	12.015020
562	11.120760
563	10.888270
564	10.547885
565	12.071153
566	11.319051
567	11.394411
568	11.825466
569	11.421428
570	11.999809
571	11.668818
572	12.420712
573	12.317478
574	12.380221
575	11.760028
576	11.857704
577	11.944060
578	14.914483
579	12.474938
580	11.973502
581	11.021955
582	11.978621
583	12.095491
584	12.112048
585	11.610982
586	12.471546
587	11.726533
588	12.403734
589	13.470516
590	14.589615
591	14.985277
592	12.773949
593	13.876719
594	14.104630
595	13.121944
596	10.447435
597	10.590611
598	11.312879
599	11.058539
600	11.498978
601	12.430755
602	11.239719
603	11.093616
604	11.838313
605	12.279600
606	12.886617
607	12.521669
608	12.378328
609	12.140367
610	11.273663
611	10.678393
612	10.664192
613	11.774824
614	11.279800
615	11.388847
616	11.779864
617	10.697013
618	11.201735
619	10.807119
620	11.415358
621	9.905843
622	11.988707
623	11.474790
624	9.233781
625	10.456758
626	11.075168
627	11.337551
628	10.903069
629	10.614009
630	11.478911
631	10.751655
632	10.901711
633	10.774924
634	11.679833
635	9.925180
636	11.620193
637	10.150064
638	11.916937
639	10.834727
640	10.787667
641	11.555021
642	11.321701
643	10.863614
644	11.178355
645	12.317532
646	12.956141
647	10.446597
648	11.448361
649	10.828282
650	10.886846
651	10.361819
652	10.897610
653	11.235215
654	11.656045
655	11.213835
656	10.872835
657	11.070326
658	11.131546
659	11.901617
660	10.521665
661	11.462102
662	11.383788
663	10.289345
664	10.993772
665	12.609025
666	12.100722
667	12.271149
668	12.651837
669	10.852344
670	12.660050
671	11.029443
672	10.930696
673	12.942402
674	12.749729
675	12.262080
676	12.271699
677	12.338824
678	12.425667
679	12.693389
680	12.289432
681	12.257561
682	9.853066
683	11.237733
684	12.529492
685	13.587369
686	12.205790
687	11.617942
688	11.312117
689	11.462852
690	12.240314
691	12.570801
692	12.452441
693	12.146494
694	11.903684
695	12.031105
696	12.905910
697	12.113153
698	12.775513
699	10.859920
700	9.853455
701	11.236042
702	10.209060
703	10.040809
704	12.560658
705	12.672694
706	11.514339
707	12.158302
708	11.193521
709	12.174978
710	13.183401
711	10.030332
712	12.073053
713	12.220696
714	11.532852
715	12.325846
716	9.500179
717	11.727960
718	11.824607
719	11.587662
720	11.732162
721	12.280889
722	13.518552
723	12.404647
724	13.249501
725	13.658585
726	12.644029
727	10.802134
728	12.563354
729	12.655943
730	13.459569
731	12.843135
732	11.535292
733	12.420216
734	10.208811
735	10.843920
736	11.547750
737	11.885424
738	11.250250
739	10.283946
740	11.375064
741	10.990751
742	12.226224
743	12.342841
744	11.382416
745	11.512012
746	12.560416
747	11.819145
748	12.255794
749	11.772102
750	11.970865
751	12.409295
752	12.727708
753	11.160888
754	11.660746
755	12.051261
756	11.491387
757	11.792045
758	11.171105
759	11.104981
760	12.617691
761	11.097716
762	11.350747
763	11.301033
764	11.716655
765	11.301501
766	11.439527
767	11.473466
768	11.745872
769	10.685905
770	10.528214
771	10.173545
772	10.694777
773	10.919694
774	9.842471
775	10.271170
776	10.588891
777	10.525597
778	10.192024
779	12.182816
780	12.417425
781	10.713269
782	11.763561
783	11.560456
784	12.287142
785	11.251848
786	12.953500
787	11.409010
788	12.042879
789	13.010745
790	12.207006
791	12.620670
792	11.584308
793	9.660631
794	12.088115
795	11.217051
796	10.845280
797	12.005280
798	13.229705
799	11.614120
800	11.407922
801	11.997650
802	12.201967
803	12.862125
804	11.637604
805	13.254570
806	11.603306
807	11.442577
808	11.166570
809	12.065812
810	11.648733
811	12.063609
812	13.205204
813	12.026218
814	11.364337
815	10.805911
816	12.832246
817	11.927540
818	11.756954
819	11.361668
820	13.421702
821	11.867645
822	12.487570
823	9.533037
824	13.093582
825	13.042366
826	12.177508
827	13.649052
828	11.497017
829	12.797789
830	12.557843
831	12.370888
832	12.033229
833	11.689422
834	10.150202
835	12.443609
836	10.263377
837	10.478362
838	13.081797
839	10.872630
840	12.751694
841	10.594501
842	12.062148
843	12.281128
844	11.244207
845	12.900230
846	12.777910
847	11.524248
848	11.398772
849	10.755846
850	11.481178
851	12.002904
852	11.172453
853	12.463793
854	12.397397
855	12.357191
856	11.100550
857	10.868033
858	12.391314
859	11.774603
860	10.799603
861	10.675995
862	12.676674
863	12.385531
864	12.639340
865	13.074287
866	11.345293
867	12.533656
868	9.941404
869	12.030697
870	11.081511
871	10.322506
872	11.295818
873	13.861964
874	13.567376
875	12.451162
876	12.465066
877	12.627191
878	12.280302
879	13.011214
880	12.854987
881	12.074155
882	13.183666
883	11.940181
884	12.957719
885	12.680104
886	11.939035
887	12.730157
888	12.996243
889	9.933186
890	12.074574
891	10.811000
892	10.880486
893	13.233960
894	11.495020
895	12.260253
896	11.273729
897	12.130760
898	10.440622
899	11.829481
900	10.971882
901	10.992352
902	12.841616
903	13.172143
904	12.502950
905	11.160314
906	12.268690
907	12.709811
908	12.097799
909	11.639750
910	12.193369
911	12.896915
912	12.736742
913	12.505559
914	12.467580
915	11.312462
916	12.500589
917	11.044226
918	11.051687
919	12.231275
920	11.254891
921	12.865529
922	11.315887
923	9.397415
924	11.291140
925	13.593128
926	14.159507
927	11.890789
928	12.132058
929	11.045870
930	11.739799
931	10.229885
932	10.607718
933	10.249439
934	10.293570
935	10.576209
936	11.453944
937	11.487478
938	12.050765
939	11.187426
940	11.813267
941	11.538154
942	11.964660
943	12.074673
944	11.725618
945	12.677761
946	11.981109
947	11.905169
948	11.030549
949	12.181977
950	11.661416
951	12.770240
952	11.768498
953	11.971918
954	10.843195
955	11.311962
956	10.579804
957	10.928248
958	10.685852
959	11.353600
960	12.664588
961	11.362130
962	11.047310
963	11.488298
964	12.717831
965	12.295695
966	13.780733
967	12.232973
968	12.858944
969	14.051100
970	13.511736
971	14.414830
972	12.611539
973	12.966812
974	11.347589
975	11.572476
976	10.954000
977	12.176723
978	12.691859
979	11.923330
980	11.085239
981	11.078583
982	11.582366
983	10.752943
984	11.795368
985	11.340560
986	11.666336
987	11.459223
988	12.796523
989	11.085377
990	10.674508
991	10.752578
992	10.856013
993	10.183281
994	10.665956
995	10.703574
996	10.442743
997	11.954562
998	11.985475
999	11.188712
1000	11.267900
1001	11.789845
1002	11.106185
1003	11.653471
1004	11.205937
1005	11.540923
1006	11.039280
1007	10.650300
1008	11.340007
1009	11.038301
1010	11.736512
1011	11.645776
1012	11.675032
1013	12.603178
1014	10.914149
1015	10.584537
1016	11.396234
1017	10.830559
1018	10.665751
1019	10.676538
1020	11.556757
1021	11.546624
1022	11.458976
1023	11.735563
1024	12.980152
1025	11.359507
1026	11.970044
1027	11.550503
1028	11.289777
1029	11.516896
1030	11.639664
1031	11.860210
1032	11.778818
1033	11.740726
1034	11.050175
1035	11.502233
1036	11.278064
1037	12.105908
1038	11.488890
1039	11.741591
1040	11.360391
1041	10.665819
1042	11.400831
1043	10.411356
1044	10.455568
1045	10.498866
1046	10.906774
1047	11.467458
1048	11.700162
1049	11.459503
1050	11.996870
1051	11.198364
1052	11.651414
1053	10.813978
1054	11.500949
1055	10.761956
1056	10.409237
1057	11.620059
1058	10.618496
1059	12.159981
1060	11.242659
1061	11.739035
1062	10.517514
1063	11.384578
1064	10.792495
1065	11.150037
1066	10.527442
1067	11.284541
1068	11.364231
1069	10.940224
1070	11.784907
1071	10.570930
1072	10.752249
1073	11.596771
1074	10.516182
1075	11.008892
1076	11.415433
1077	10.744117
1078	10.546095
1079	10.421116
1080	12.261385
1081	10.874255
1082	10.887741
1083	11.272118
1084	10.207067
1085	11.342066
1086	10.871776
1087	11.627991
1088	11.332696
1089	11.369297
1090	12.133302
1091	11.691287
1092	12.844520
1093	11.590334
1094	11.192229
1095	11.798627
1096	10.993238
1097	10.057638
1098	12.321394
1099	11.428320
1100	12.007817
1101	9.684726
1102	11.161212
1103	11.512780
1104	10.557311
1105	11.433608
1106	10.670414
1107	11.132896
1108	10.945213
1109	11.605727
1110	11.883719
1111	11.641273
1112	11.070945
1113	11.246710
1114	11.275096
1115	11.095211
1116	11.154636
1117	11.666376
1118	11.287391
1119	10.877154
1120	10.966407
1121	10.798523
1122	11.215999
1123	10.755924
1124	11.408020
1125	11.351957
1126	11.791512
1127	11.617103
1128	10.901037
1129	12.095169
1130	11.797504
1131	11.671757
1132	10.800385
1133	11.350151
1134	11.599005
1135	11.249716
1136	11.672963
1137	12.049211
1138	11.952442
1139	11.580087
1140	13.171216
1141	11.681274
1142	12.392828
1143	12.102818
1144	13.062946
1145	11.852655
1146	11.044423
1147	11.116251
1148	11.510707
1149	11.210996
1150	10.814424
1151	12.815020
1152	11.589152
1153	13.398395
1154	12.803318
1155	11.150048
1156	11.093509
1157	10.889584
1158	10.809538
1159	12.260056
1160	12.310588
1161	12.635574
1162	14.120247
1163	12.563887
1164	13.335607
1165	13.626570
1166	12.782600
1167	13.214272
1168	14.112928
1169	13.410313
1170	14.019229
1171	14.504121
1172	14.477367
1173	14.274756
1174	12.945458
1175	12.001075
1176	12.680072
1177	12.934546
1178	12.619702
1179	12.051549
1180	12.356480
1181	12.696228
1182	13.756136
1183	12.373281
1184	11.058595
1185	12.901553
1186	12.515514
1187	11.192954
1188	11.262444
1189	10.298029
1190	12.045814
1191	12.187985
1192	11.762402
1193	11.126642
1194	10.944448
1195	10.252274
1196	10.453928
1197	10.177176
1198	10.668961
1199	11.335382
1200	12.264584
1201	12.190980
1202	10.499148
1203	10.793979
1204	12.586098
1205	12.762311
1206	12.545828
1207	13.280270
1208	11.382481
1209	11.256288
1210	11.067303
1211	11.764781
1212	11.274208
1213	11.944016
1214	11.968820
1215	11.553676
1216	11.467995
1217	11.347096
1218	12.140903
1219	11.142363
1220	11.712742
1221	10.747863
1222	11.814859
1223	11.221732
1224	12.588029
1225	11.921066
1226	12.254022
1227	11.838470
1228	12.022300
1229	12.183236
1230	11.581374
1231	11.353005
1232	10.934669
1233	12.086954
1234	12.105115
1235	11.625630
1236	11.012307
1237	10.345914
1238	11.450975
1239	11.883347
1240	11.263840
1241	11.143290
1242	11.001571
1243	10.832972
1244	10.687973
1245	11.357029
1246	11.045387
1247	10.327613
1248	11.265708
1249	11.103413
1250	10.838535
1251	11.069782
1252	11.598766
1253	10.765526
1254	10.897971
1255	11.367347
1256	12.436240
1257	11.762733
1258	12.324175
1259	12.301395
1260	11.583357
1261	11.634109
1262	12.225208
1263	12.079845
1264	11.946553
1265	12.013828
1266	10.786699
1267	12.765461
1268	11.826063
1269	11.846414
1270	11.715161
1271	11.185815
1272	11.165166
1273	11.265437
1274	11.130670
1275	12.684823
1276	11.401982
1277	11.400076
1278	12.450854
1279	11.330270
1280	11.781175
1281	10.768377
1282	11.566262
1283	10.673164
1284	9.890504
1285	10.734925
1286	10.421041
1287	10.686130
1288	11.656245
1289	12.484975
1290	10.686487
1291	11.146397
1292	13.652037
1293	12.423757
1294	10.431901
1295	10.196334
1296	9.319597
1297	11.099144
1298	10.900435
1299	11.310905
1300	11.790926
1301	10.900520
1302	11.169727
1303	10.320984
1304	10.593778
1305	10.916385
1306	10.712396
1307	9.769673
1308	10.344897
1309	10.942356
1310	10.909579
1311	11.257758
1312	12.296872
1313	12.733315
1314	10.672483
1315	11.234563
1316	11.249702
1317	10.452641
1318	10.323527
1319	11.137783
1320	11.362248
1321	11.039154
1322	11.479324
1323	10.362514
1324	11.885377
1325	10.555849
1326	11.810692
1327	13.858808
1328	12.221906
1329	13.108859
1330	11.697148
1331	11.948833
1332	12.192079
1333	11.644124
1334	12.117667
1335	12.102832
1336	11.924903
1337	11.802801
1338	11.616069
1339	12.675887
1340	12.132344
1341	11.666848
1342	12.442978
1343	12.846187
1344	12.423752
1345	12.723603
1346	11.590451
1347	11.123820
1348	10.555119
1349	11.244782
1350	10.865882
1351	10.606456
1352	10.838516
1353	11.288057
1354	11.533763
1355	11.872096
1356	11.271473
1357	11.476334
1358	11.524944
1359	12.774340
1360	12.639198
1361	14.251966
1362	14.909883
1363	14.833594
1364	14.524521
1365	12.146268
1366	13.005765
1367	11.626549
1368	12.834911
1369	11.761500
1370	13.065607
1371	13.543225
1372	12.449053
1373	13.122262
1374	12.465258
1375	12.975688
1376	13.240584
1377	13.717409
1378	13.425871
1379	13.439116
1380	13.909401
1381	12.471014
1382	12.859651
1383	12.885831
1384	13.409122
1385	13.584743
1386	12.046135
1387	12.399883
1388	10.493780
1389	11.274617
1390	11.804561
1391	11.819659
1392	11.213193
1393	11.527161
1394	12.054715
1395	12.270606
1396	11.681904
1397	11.004224
1398	10.780239
1399	11.220565
1400	11.475022
1401	11.253554
1402	11.295670
1403	10.282412
1404	11.555736
1405	11.850313
1406	10.649054
1407	11.644592
1408	11.585755
1409	11.433619
1410	11.008743
1411	11.212357
1412	12.307435
1413	12.205104
1414	13.082913
1415	12.411381
1416	12.423669
1417	13.366215
1418	12.853308
1419	13.017682
1420	12.583167
1421	11.969481
1422	12.019038
1423	13.436227
1424	12.296700
1425	11.229435
1426	11.371038
1427	11.943441
1428	10.929763
1429	11.324492
1430	11.445878
1431	11.938556
1432	10.787269
1433	12.176911
1434	10.375962
1435	10.456773
1436	11.427376
1437	10.281800
1438	11.414110
1439	11.769563
1440	12.256529
1441	11.284367
1442	10.983939
1443	11.894731
1444	11.358124
1445	11.830484
1446	11.394937
1447	10.885617
1448	11.043820
1449	11.330552
1450	11.634079
1451	12.056350
1452	12.128005
1453	12.163761
1454	11.329437
1455	12.053749
1456	11.870522
1457	11.928061
1458	12.087454
1459	12.314854
1460	13.121053
1461	12.407257
1462	13.001390
1463	12.327621
1464	11.465623
1465	12.206209
1466	12.422095
1467	13.054421
1468	11.617033
1469	12.564890
1470	12.851677
1471	12.316307
1472	12.827643
1473	12.373034
1474	11.232703
1475	11.016137
1476	11.297769
1477	10.001870
1478	11.109388
1479	11.380483
1480	11.292319
1481	10.845724
1482	11.555925
1483	10.690287
1484	11.569332
1485	10.934727
1486	11.096004
1487	11.111589
1488	11.187765
1489	12.391874
1490	13.447308
1491	13.600626
1492	13.210570
1493	13.168221
1494	13.202067
1495	13.222569
1496	10.965464
1497	11.763647
1498	11.418534
1499	10.819613
1500	10.881594
1501	11.305156
1502	11.025890
1503	11.947239
1504	11.928492
1505	11.438699
1506	10.666890
1507	11.824180
1508	11.297523
1509	11.102377
1510	10.012843
1511	10.996325
1512	11.340395
1513	11.746525
1514	11.733704
1515	11.778276
1516	11.115006
1517	10.570568
1518	12.339382
1519	11.126507
1520	11.609872
1521	10.412579
1522	10.326379
1523	11.061130
1524	11.133995
1525	12.276288
1526	11.977386
1527	11.688548
1528	10.391242
1529	10.860944
1530	11.247953
1531	10.980094
1532	11.631483
1533	11.671430
1534	11.502838
1535	11.227332
1536	11.308546
1537	12.107167
1538	11.258161
1539	10.751139
1540	11.179266
1541	9.676405
1542	10.562695
1543	10.475803
1544	11.594333
1545	11.635760
1546	11.152294
1547	12.065631
1548	10.931724
1549	11.099119
1550	10.779863
1551	10.747058
1552	11.267514
1553	11.675244
1554	10.253946
1555	10.675097
1556	10.441707
1557	11.009468
1558	10.698850
1559	11.003234
1560	10.158080
1561	10.121784
1562	11.098273
1563	9.840823
1564	10.575256
1565	9.902504
1566	10.315468
1567	10.110856
1568	11.342478
1569	10.980570
1570	10.715565
1571	11.102790
1572	10.728631
1573	10.872361
1574	11.324031
1575	11.390058
1576	10.992692
1577	10.973625
1578	10.755923
1579	11.280341
1580	11.121810
1581	11.441231
1582	10.773310
1583	10.335670
1584	10.922463
1585	10.254490
1586	11.255373
1587	11.173668
1588	10.917075
1589	12.022714
1590	11.090880
1591	10.066805
1592	10.612469
1593	10.835358
1594	10.553055
1595	10.506237
1596	10.518264
1597	10.513770
1598	11.556888
1599	12.020240
1600	11.269514
1601	11.085232
1602	10.715133
1603	10.588325
1604	10.456592
1605	10.305186
1606	10.173642
1607	11.590531
1608	12.175241
1609	13.250711
1610	12.309436
1611	12.414642
1612	10.699108
1613	9.972216
1614	10.791160
1615	9.803129
1616	10.318670
1617	12.346373
1618	11.314383
1619	10.325336
1620	10.738074
1621	10.299517
1622	11.022510
1623	10.931583
1624	10.826620
1625	9.392137
1626	10.719160
1627	10.147003
1628	10.460009
1629	10.588513
1630	12.733456
1631	11.986337
1632	10.405700
1633	9.906290
1634	10.263338
1635	11.023581
1636	11.051044
1637	10.207688
1638	10.475981
1639	10.563639
1640	11.272587
1641	10.497681
1642	10.835619
1643	10.605725
1644	10.395260
1645	10.221045
1646	9.932131
1647	10.130341
1648	10.463772
1649	10.957458
1650	10.223663
1651	9.816933
1652	10.605498
1653	10.147101
1654	10.591318
1655	10.808894
1656	9.758433
1657	9.990734
1658	10.117561
1659	9.587896
1660	9.990098
1661	10.378219
1662	10.268958
1663	10.250866
1664	10.255176
1665	10.087984
1666	10.515842
1667	10.611291
1668	10.620106
1669	9.988719
1670	9.663831
1671	11.005256
1672	10.923820
1673	10.817491
1674	9.466558
1675	9.543250
1676	11.900554
1677	10.799433
1678	9.347528
1679	9.663640
1680	10.008400
1681	9.480462
1682	9.956260
1683	10.281492
1684	9.820863
1685	10.520727
1686	10.049808
1687	10.047355
1688	10.072474
1689	11.909580
1690	9.886015
1691	10.189620
1692	9.444500
1693	10.253007
1694	10.461015
1695	10.455721
1696	11.056479
1697	9.482873
1698	10.947983
1699	11.370721
1700	10.619218
1701	10.520859
1702	9.762201
1703	9.688266
1704	10.292564
1705	10.459733
1706	10.535169
1707	10.388674
1708	12.870695
1709	10.559562
1710	11.618033
1711	10.616872
1712	11.094813
1713	10.749460
1714	10.557299
1715	11.392182
1716	10.619936
1717	10.713121
1718	10.148799
1719	10.358307
1720	10.534449
1721	10.043395
1722	10.876512
1723	11.170416
1724	10.294258
1725	11.017713
1726	10.932281
1727	9.680131
1728	9.624412
1729	10.019372
1730	11.094800
1731	10.232991
1732	10.430909
1733	11.060675
1734	9.660466
1735	9.714101
1736	9.970478
1737	11.145824
1738	10.954609
1739	10.739952
1740	9.878305
1741	10.059824
1742	9.971584
1743	10.546760
1744	11.136265
1745	9.946665
1746	10.557639
1747	10.735577
1748	10.947530
1749	10.704327
1750	12.738691
1751	12.441499
1752	11.728165
1753	11.540627
1754	12.421001
0	8.984014
1	8.849959
2	9.287889
3	9.599983
4	8.594667
5	8.108847
6	9.415535
7	7.579849
8	7.347496
9	9.010376
10	7.304122
11	8.498672
12	7.764149
13	7.520113
14	8.120037
15	9.052898
16	8.763503
17	8.613105
18	8.890522
19	9.118823
20	7.310770
21	8.994409
22	7.947155
23	9.157146
24	8.720464
25	8.983233
26	8.671121
27	9.689343
28	9.381929
29	9.026290
30	8.902152
31	10.677855
32	10.520737
33	9.659694
34	9.836246
35	11.256155
36	10.542364
37	10.363175
38	9.992730
39	13.484729
40	10.531108
41	10.040816
42	9.864757
43	9.894918
44	9.860009
45	9.184412
46	9.069890
47	7.978175
48	8.736391
49	9.617749
50	11.857121
51	8.499802
52	8.701825
53	9.866321
54	10.340563
55	8.814612
56	11.048575
57	11.338399
58	9.552801
59	10.226871
60	11.473396
61	9.620214
62	8.732641
63	11.362750
64	10.320856
65	9.816052
66	9.962745
67	9.692785
68	9.533697
69	9.499799
70	10.659797
71	13.027088
72	10.899220
73	10.442250
74	10.488989
75	9.316705
76	11.090914
77	11.438300
78	11.589727
79	13.538512
80	11.560788
81	11.120743
82	11.819313
83	12.381151
84	8.907148
85	9.783802
86	9.722559
87	10.082089
88	13.880728
89	12.959695
90	11.738397
91	11.524383
92	14.859921
93	14.262220
94	14.546810
95	16.707991
96	16.287495
97	17.242937
98	14.805097
99	11.064981
100	12.051078
101	10.271217
102	9.947715
103	10.867079
104	10.333739
105	10.075130
106	8.776907
107	9.922303
108	9.397914
109	9.337837
110	10.412329
111	9.892280
112	10.325624
113	10.316304
114	9.238475
115	9.260265
116	10.017237
117	10.106264
118	17.445446
119	16.738762
120	16.772726
121	16.903534
122	15.694880
123	16.391296
124	15.718884
125	16.375507
126	16.791086
127	15.899243
128	16.735491
129	17.099575
130	14.500376
131	14.241296
132	13.983211
133	13.937353
134	14.014513
135	13.710629
136	14.080353
137	15.083937
138	14.599480
139	15.547717
140	18.853130
141	18.284492
142	19.139732
143	18.122656
144	16.563292
145	17.544962
146	16.111351
147	17.327461
148	15.788202
149	17.544922
150	15.533851
151	15.492015
152	16.075308
153	16.814653
154	16.458296
155	16.043238
156	16.146242
157	15.951856
158	16.283964
159	16.679752
160	17.097933
161	18.380713
162	18.669874
163	17.662779
164	18.719088
165	17.749931
166	18.712460
167	18.021559
168	16.506271
169	15.768127
170	15.046109
171	17.028053
172	16.059250
173	15.682998
174	16.484402
175	17.785776
176	17.986448
177	16.018017
178	17.817347
179	16.006889
180	13.930197
181	12.740099
182	16.492531
183	16.238245
184	16.197445
185	16.319637
186	16.232983
187	16.553757
188	16.351114
189	16.856775
190	16.215700
191	17.316887
192	15.917138
193	14.922607
194	14.830786
195	16.257317
196	14.866062
197	15.327331
198	18.388390
199	18.215979
200	17.193735
201	16.343061
202	15.764393
203	14.891617
204	16.108055
205	15.547725
206	16.707020
207	17.170872
208	16.272247
209	14.982739
210	14.910914
211	15.472468
212	15.973096
213	15.878957
214	16.727839
215	15.829221
216	16.289509
217	15.600148
218	14.732829
219	15.276011
220	19.446823
221	18.394112
222	17.228428
223	16.743195
224	16.567202
225	16.396034
226	16.637684
227	16.180170
228	18.918211
229	18.342327
230	16.677248
231	15.563213
232	15.323085
233	17.040806
234	17.874311
235	17.142595
236	16.507349
237	16.808880
238	17.134951
239	16.467247
240	17.114807
241	18.172016
242	17.971659
243	19.211626
244	16.386572
245	16.482916
246	17.250942
247	16.645206
248	16.573992
249	17.712635
250	17.499609
251	17.424068
252	17.427582
253	16.666176
254	17.387096
255	17.358904
256	18.057016
257	17.346386
258	18.137545
259	16.624550
260	16.913456
261	19.090588
262	21.237179
263	22.102753
264	20.803873
265	21.169380
266	20.234257
267	21.117300
268	21.999647
269	21.914932
270	22.272812
271	21.170038
272	22.186180
273	21.110985
274	21.331884
275	20.972166
276	20.314974
277	19.038530
278	21.378489
279	19.900749
280	21.127974
281	20.775087
282	20.990332
283	21.054249
284	20.685080
285	21.263071
286	20.663834
287	21.118841
288	21.267580
289	22.635815
290	20.859577
291	19.486578
292	19.845015
293	19.552357
294	18.749329
295	19.494049
296	19.501768
297	18.408201
298	17.873529
299	20.621828
300	18.899984
301	18.964794
302	17.207235
303	19.282740
304	18.640230
305	16.850504
306	18.705240
307	19.670532
308	18.608543
309	18.653111
310	19.066320
311	18.483557
312	20.259314
313	19.338093
314	18.893259
315	18.986496
316	18.641190
317	20.060377
318	20.475861
319	19.895828
320	19.124031
321	19.098305
322	19.523386
323	18.654211
324	19.957239
325	18.307346
326	19.114803
327	17.989033
328	19.465502
329	21.394688
330	17.150618
331	17.644367
332	17.833099
333	19.061003
334	19.001606
335	17.343065
336	17.137777
337	16.246246
338	15.380228
339	16.759277
340	19.469343
341	20.579344
342	19.507122
343	18.805290
344	19.813164
345	19.751772
346	18.433649
347	19.200066
348	20.573423
349	20.508547
350	20.155313
351	19.638292
352	20.365828
353	20.600626
354	19.037262
355	19.689648
356	21.137442
357	18.951103
358	20.471907
359	19.007929
360	18.690279
361	18.908953
362	17.492069
363	19.788801
364	19.690567
365	18.967478
366	18.462128
367	18.082436
368	19.499748
369	20.520548
370	18.771214
371	20.009638
372	20.586426
373	19.467484
374	18.312046
375	19.959093
376	16.921146
377	16.979107
378	17.571768
379	17.139366
380	19.076498
381	19.015953
382	19.396524
383	19.707613
384	16.486570
385	17.416494
386	18.363182
387	18.084751
388	17.220909
389	17.153019
390	15.523558
391	17.191549
392	18.676756
393	17.536026
394	17.559227
395	17.384180
396	17.881180
397	17.401806
398	18.364042
399	19.290682
400	18.075722
401	18.011343
402	18.591856
403	17.070671
404	16.703941
405	18.286501
406	16.144440
407	16.332409
408	17.212152
409	16.797497
410	17.477264
411	17.160452
412	17.332792
413	17.162937
414	18.138529
415	16.384098
416	18.793211
417	17.175011
418	17.270878
419	16.434292
420	16.843452
421	16.304819
422	16.836420
423	16.679319
424	17.442169
425	17.386934
426	15.843265
427	15.590311
428	16.130518
429	14.998981
430	15.316582
431	16.817152
432	16.226315
433	15.302986
434	14.873179
435	16.566364
436	15.392976
437	15.136428
438	15.570144
439	14.576189
440	15.719883
441	15.719329
442	15.954818
443	15.658919
444	14.985329
445	15.068610
446	16.104841
447	15.611217
448	16.109194
449	15.262681
450	15.051064
451	17.699612
452	17.351347
453	18.522821
454	18.232777
455	17.191837
456	16.302298
457	17.594061
458	16.499006
459	19.634007
460	19.810061
461	22.918301
462	20.115845
463	18.481485
464	18.391457
465	17.470491
466	16.961008
467	17.400173
468	18.215343
469	18.156668
470	17.467772
471	15.934098
472	17.108139
473	18.675711
474	19.144314
475	15.715533
476	15.053787
477	15.974771
478	17.126410
479	17.400772
480	15.492415
481	14.952907
482	14.329226
483	14.704373
484	17.362913
485	15.123073
486	17.998291
487	14.500904
488	16.214319
489	15.853501
490	16.033110
491	15.342338
492	18.731308
493	19.351315
494	20.267429
495	19.401911
496	18.764620
497	18.746956
498	19.715424
499	18.431562
500	19.842979
501	14.344407
502	14.422101
503	14.117768
504	14.342093
505	14.902984
506	14.033821
507	14.317265
508	15.190413
509	13.007745
510	14.505795
511	15.884939
512	15.610757
513	14.810924
514	14.587016
515	14.377489
516	15.099054
517	15.574726
518	16.459505
519	15.915588
520	14.963935
521	14.881189
522	14.365851
523	16.463547
524	16.983347
525	16.970263
526	16.662811
527	18.518265
528	17.641222
529	16.508791
530	19.299030
531	18.202585
532	17.432631
533	20.087919
534	19.124487
535	19.415359
536	18.333448
537	16.346228
538	16.583321
539	17.744715
540	17.493053
541	16.788095
542	18.915146
543	18.661055
544	18.330719
545	16.625961
546	17.339788
547	17.145550
548	18.028034
549	17.851593
550	18.303648
551	15.315866
552	17.527180
553	17.782581
554	18.443130
555	15.333513
556	18.334976
557	17.245401
558	18.876963
559	19.869690
560	18.238783
561	19.060371
562	19.730925
563	19.357624
564	21.412085
565	19.669788
566	17.855864
567	20.253531
568	17.249800
569	18.715727
570	17.987741
571	19.133554
572	20.233770
573	18.693466
574	19.027868
575	19.125885
576	16.707949
577	20.088150
578	17.768099
579	18.467384
580	18.993759
581	18.125448
582	17.047281
583	16.900251
584	21.110041
585	20.121647
586	19.098526
587	18.932629
588	20.405392
589	16.670509
590	18.734381
591	18.446407
592	18.560968
593	19.443260
594	25.639627
595	17.595686
596	18.056608
597	19.718121
598	18.672020
599	17.641239
600	19.436150
601	21.216555
602	18.358681
603	17.054491
604	19.567904
605	18.633017
606	18.145355
607	20.511734
608	17.842945
609	19.651567
610	17.703642
611	19.043690
612	16.319073
613	18.759651
614	18.644423
615	15.097967
616	16.409475
617	19.238049
618	17.606369
619	18.116798
620	18.395374
621	18.266804
622	19.366022
623	17.169348
624	17.419704
625	16.741577
626	18.961853
627	17.676971
628	18.336725
629	18.256889
630	19.836571
631	18.090452
632	18.825571
633	18.391138
634	19.582458
635	20.031250
636	20.575792
637	19.509211
638	18.720198
639	19.060165
640	16.835997
641	19.079884
642	18.643248
643	15.518786
644	15.852686
645	15.958397
646	15.821068
647	17.690689
648	17.289959
649	17.729643
650	17.006449
651	18.488008
652	16.781782
653	15.346409
654	18.511282
655	16.212053
656	14.070302
657	13.119783
658	16.354919
659	15.289849
660	15.041946
661	16.745691
662	17.305174
663	16.763216
664	15.889230
665	16.500929
666	14.948799
667	14.116302
668	14.373289
669	15.987762
670	16.259094
671	16.383842
672	13.032527
673	13.131206
674	15.239918
675	14.618731
676	16.295837
677	15.606067
678	15.259088
679	15.512323
680	14.758561
681	15.359434
682	13.804906
683	14.000234
684	13.653545
685	17.810303
686	17.470566
687	14.365010
688	15.331396
689	16.095022
690	14.029251
691	13.960442
692	14.165216
693	13.764522
694	16.338909
695	15.891698
696	15.932738
697	15.334058
698	16.763237
699	15.772461
700	15.685074
701	15.695325
702	17.033075
703	16.342140
704	16.607058
705	16.271324
706	14.875743
707	15.769032
708	15.872785
709	15.954243
710	14.193108
711	15.332821
712	14.997845
713	18.343834
714	16.410658
715	14.053064
716	15.841976
717	16.046164
718	13.990317
719	14.081854
720	13.992345
721	15.811851
722	16.396418
723	17.053480
724	16.429708
725	16.488586
726	16.030125
727	15.106645
728	15.107018
729	13.918283
730	13.220027
731	13.733456
732	18.038361
733	18.992489
734	18.460035
735	20.000204
736	19.918144
737	20.068287
738	19.377756
739	19.874149
740	22.493216
741	25.870312
742	21.014566
743	21.232014
744	22.633919
745	23.751707
746	22.252941
747	20.202938
748	22.574190
749	21.788895
750	23.417793
751	25.187799
752	25.034430
753	22.098131
754	20.819561
755	19.125139
756	16.747795
757	17.223265
758	17.024975
759	17.141207
760	17.691553
761	18.879751
762	18.978022
763	18.826506
764	16.749262
765	18.397413
766	17.970528
767	18.950060
768	19.071869
769	18.787580
770	18.116808
771	19.259478
772	18.952078
773	17.793903
774	18.448483
775	18.127745
776	19.474535
777	19.476141
778	18.568825
779	18.850115
780	19.169937
781	18.570169
782	18.998241
783	19.276182
784	19.909199
785	19.921946
786	18.728167
787	19.704575
788	18.390760
789	19.723148
790	18.296127
791	17.750017
792	17.984064
793	19.477068
794	16.740002
795	18.346617
796	17.992735
797	17.684269
798	17.331259
799	17.814737
800	18.244127
801	17.914551
802	18.068254
803	16.897850
804	18.517246
805	17.549324
806	17.162666
807	17.981762
808	17.527107
809	17.352654
810	16.977486
811	17.765951
812	16.976673
813	17.511427
814	17.638222
815	18.523060
816	19.097343
817	17.890457
818	18.131472
819	17.238462
820	18.147228
821	18.041269
822	17.366978
823	17.534266
824	17.969666
825	17.561852
826	18.395306
827	19.989620
828	18.276896
829	19.624725
830	17.907099
831	17.732353
832	18.258944
833	18.237797
834	18.666491
835	18.521345
836	17.394009
837	17.692839
838	18.135546
839	18.432009
840	18.204889
841	18.690298
842	18.273417
843	18.343472
844	18.431086
845	18.113106
846	18.344408
847	18.201357
848	17.270132
849	17.750385
850	18.004707
851	18.114563
852	17.634855
853	17.576540
854	17.573708
855	17.588274
856	18.459602
857	17.011223
858	17.491730
859	18.281565
860	17.974798
861	17.960400
862	19.607422
863	18.765661
864	19.173643
865	17.868521
866	18.643961
867	17.797121
868	18.265215
869	18.538458
870	18.822245
871	18.687178
872	17.725052
873	18.379921
874	18.520969
875	18.523144
876	18.448343
877	18.222408
878	18.189209
879	18.914581
880	18.342356
881	18.795944
882	18.466982
883	18.154726
884	19.144150
885	18.267796
886	18.434280
887	18.128290
888	17.958523
889	18.561903
890	18.294853
891	17.895275
892	19.219786
893	18.731590
894	19.406097
895	18.503626
896	19.048822
897	18.917423
898	18.507057
899	19.167852
900	18.035250
901	18.618729
902	20.150377
903	18.422411
904	17.598425
905	18.948704
906	18.072531
907	18.623657
908	18.898096
909	19.053022
910	20.145140
911	17.768375
912	16.779242
913	19.443281
914	19.212572
915	19.602198
916	17.919975
917	18.459105
918	19.246393
919	19.699347
920	19.126940
921	18.858257
922	18.701000
923	18.672253
924	18.370224
925	18.411886
926	17.580299
927	18.344421
928	19.132038
929	18.375885
930	17.719313
931	18.418415
932	19.012852
933	18.512754
934	18.153723
935	19.389942
936	21.029943
937	19.673489
938	17.783731
939	18.678642
940	18.381824
941	18.231363
942	18.796196
943	18.432867
944	18.836838
945	18.624805
946	18.785656
947	17.816980
948	16.969490
949	18.384727
950	15.993233
951	17.781683
952	15.326990
953	17.366861
954	17.891369
955	18.944923
956	18.054642
957	19.220968
958	17.958858
959	18.339336
960	18.186348
961	19.302929
962	18.755409
963	18.126396
964	18.785997
965	18.104168
966	18.755615
967	19.580521
968	20.406553
969	18.812098
970	18.912359
971	18.191658
972	19.384617
973	18.814592
974	18.698751
975	18.154245
976	18.122259
977	17.758869
978	17.805233
979	18.385370
980	18.119781
981	19.020969
982	18.883629
983	19.770660
984	18.486319
985	18.807024
986	18.517286
987	18.305607
988	18.712097
989	18.702885
990	19.246801
991	17.773508
992	18.265402
993	17.437498
994	17.204420
995	17.980276
996	17.640795
997	18.209684
998	18.616913
999	18.540012
1000	17.178501
1001	18.561466
1002	18.717957
1003	18.229210
1004	17.920841
1005	18.211369
1006	18.787842
1007	18.470007
1008	18.560436
1009	17.460155
1010	18.635889
1011	19.113583
1012	18.382679
1013	17.429707
1014	18.736673
1015	18.203686
1016	17.781330
1017	18.490757
1018	17.919567
1019	18.304823
1020	18.806543
1021	17.918379
1022	19.851351
1023	18.582970
1024	19.810516
1025	17.472797
1026	17.393019
1027	19.388994
1028	18.779654
1029	18.389706
1030	19.225954
1031	17.702785
1032	19.064312
1033	18.571560
1034	19.300573
1035	17.803934
1036	17.066570
1037	16.727909
1038	18.052626
1039	17.715631
1040	19.969116
1041	19.758188
1042	18.211321
1043	17.347591
1044	17.648546
1045	18.075928
1046	16.766962
1047	21.380970
1048	19.293272
1049	17.342739
1050	17.649530
1051	11.517716
1052	12.501637
1053	17.120298
1054	14.617750
1055	14.530630
1056	16.705032
1057	14.160700
1058	16.125002
1059	15.248209
1060	15.565136
1061	14.741241
1062	13.381620
1063	13.519264
1064	12.866076
1065	14.042946
1066	17.016506
1067	14.381472
1068	17.094177
1069	15.064029
1070	14.127302
1071	15.839580
1072	15.067184
1073	17.291021
1074	14.588803
1075	16.074732
1076	14.375054
1077	15.221337
1078	14.913125
1079	17.575520
1080	19.048477
1081	17.216587
1082	18.224779
1083	18.013674
1084	17.777126
1085	20.773340
1086	21.005226
1087	21.535686
1088	19.824209
1089	18.209209
1090	18.600494
1091	18.941364
1092	17.852978
1093	17.566761
1094	19.488743
1095	18.972647
1096	20.579596
1097	20.027752
1098	20.521742
1099	18.719944
1100	17.810644
1101	18.761763
1102	19.333210
1103	17.407755
1104	18.844812
1105	19.569366
1106	18.476168
1107	16.731417
1108	17.848532
1109	19.384748
1110	18.492029
1111	20.030945
1112	17.326147
1113	16.939697
1114	18.348661
1115	17.301538
1116	17.343315
1117	18.199392
1118	17.572697
1119	17.377073
1120	14.627954
1121	19.330416
1122	17.800964
1123	17.481943
1124	17.559296
1125	17.338017
1126	22.371185
1127	21.278242
1128	21.440058
1129	17.811249
1130	21.855713
1131	24.188068
1132	19.348419
1133	21.039356
1134	19.976032
1135	20.060572
1136	18.430613
1137	20.841045
1138	21.933601
1139	20.945654
1140	19.885004
1141	19.341951
1142	20.710474
1143	18.621382
1144	23.250628
1145	20.798277
1146	19.356693
1147	17.568361
1148	19.546036
1149	17.242870
1150	18.819735
1151	18.890293
1152	18.899147
1153	20.144625
1154	19.295963
1155	18.044220
1156	17.521883
1157	18.285286
1158	17.608559
1159	18.625538
1160	18.841425
1161	19.941708
1162	18.781883
1163	18.290457
1164	19.307825
1165	17.498877
1166	19.410627
1167	18.867067
1168	19.102230
1169	19.915667
1170	18.117296
1171	18.122215
1172	17.486208
1173	19.781456
1174	18.907619
1175	18.668230
1176	17.199154
1177	16.087021
1178	18.165422
1179	17.493547
1180	18.433065
1181	18.027700
1182	17.307947
1183	18.605423
1184	18.723484
1185	16.601233
1186	18.562307
1187	18.375467
1188	18.742823
1189	17.235792
1190	19.269194
1191	18.531427
1192	19.238829
1193	17.756813
1194	18.878159
1195	18.535851
1196	19.242031
1197	21.170218
1198	24.349333
1199	21.795160
1200	21.181892
1201	16.586348
1202	16.779716
1203	15.259562
1204	15.055662
1205	17.663332
1206	16.675503
1207	18.952492
1208	16.695713
1209	19.959942
1210	20.938915
1211	19.857397
1212	13.586751
1213	12.159664
1214	14.889587
1215	12.865973
1216	13.050765
1217	10.689322
1218	14.641329
1219	10.632501
1220	12.636353
1221	10.371364
1222	11.245697
1223	14.869614
1224	13.557054
1225	14.569771
1226	12.680560
1227	15.436273
1228	17.905117
1229	19.567560
1230	21.368408
1231	26.845896
1232	21.235405
1233	18.877184
1234	20.614759
1235	20.428007
1236	20.564499
1237	20.842073
1238	20.087780
1239	19.629330
1240	20.961061
1241	20.302185
1242	19.985300
1243	21.071375
1244	21.110247
1245	19.948486
1246	20.016558
1247	19.401743
1248	18.863207
1249	19.385824
1250	19.312664
1251	20.371878
1252	22.600576
1253	25.339487
1254	26.254322
1255	28.484770
1256	26.361050
1257	28.217648
1258	26.063326
1259	25.318695
1260	26.955185
1261	27.002886
1262	24.398848
1263	27.673555
1264	22.885094
1265	27.777565
1266	28.045692
1267	26.567600
1268	26.429663
1269	26.119455
1270	29.055302
1271	27.738577
1272	24.418114
1273	25.115143
1274	25.258345
1275	25.183565
1276	24.652023
1277	24.218790
1278	24.133972
1279	24.021538
1280	22.617464
1281	24.721708
1282	24.298893
1283	24.405735
1284	24.621437
1285	23.659769
1286	24.414232
1287	23.813843
1288	25.003633
1289	24.215576
1290	28.397169
1291	28.027872
1292	26.550800
1293	27.681459
1294	28.133078
1295	27.162474
1296	28.245127
1297	27.538996
1298	27.913019
1299	27.980476
1300	28.039900
1301	26.942225
1302	27.769445
1303	28.769230
1304	27.904060
1305	28.892069
1306	26.067627
1307	27.232504
1308	26.234806
1309	28.916031
1310	27.726322
1311	27.546627
1312	24.807953
1313	24.725857
1314	24.454348
1315	24.274054
1316	25.752565
1317	24.692722
1318	25.865429
1319	26.059179
1320	26.266842
1321	25.270460
1322	27.010986
1323	26.095058
1324	25.411026
1325	25.497231
1326	24.506716
1327	24.105078
1328	26.921093
1329	27.799545
1330	27.703081
1331	26.283764
1332	26.697697
1333	27.190985
1334	27.227148
1335	27.802803
1336	26.652721
1337	25.599937
1338	26.785725
1339	25.270744
1340	27.648113
1341	26.397791
1342	25.852915
1343	26.611357
1344	23.157362
1345	22.606779
1346	23.217859
1347	26.227686
1348	26.799402
1349	26.917025
1350	27.590263
1351	25.963335
1352	26.522806
1353	26.328049
1354	26.544781
1355	26.830753
1356	27.552919
1357	26.329811
1358	26.588175
1359	25.864822
1360	27.956533
1361	30.705130
1362	26.568445
1363	25.071327
1364	25.307970
1365	24.505735
1366	25.525227
1367	29.169735
1368	25.620625
1369	26.411045
1370	24.425282
1371	24.365347
1372	25.065538
1373	25.737207
1374	25.185827
1375	24.891272
1376	28.387085
1377	26.492729
1378	28.164436
1379	25.232925
1380	28.914055
1381	28.143160
1382	26.698250
1383	28.374113
1384	23.925562
1385	25.043705
1386	25.639709
1387	26.870571
1388	25.880669
1389	27.196934
1390	29.341473
1391	27.319323
1392	24.802052
1393	22.741728
1394	24.312771
1395	24.372759
1396	23.448626
1397	26.219086
1398	25.475321
1399	24.628780
1400	22.607269
1401	26.257221
1402	28.301493
1403	29.050791
1404	26.409729
1405	26.757139
1406	26.657419
1407	26.340363
1408	29.487871
1409	25.606991
1410	25.640261
1411	24.852598
1412	25.435720
1413	26.657719
1414	24.589699
1415	26.544455
1416	28.288429
1417	29.126528
1418	27.296797
1419	25.817274
1420	25.132807
1421	25.575546
1422	27.041039
1423	26.134939
1424	24.514921
1425	26.470278
1426	26.632357
1427	24.819355
1428	28.055260
1429	32.403320
1430	33.676067
1431	32.458603
1432	32.582272
1433	30.535826
1434	32.744583
1435	32.348564
1436	31.640785
1437	34.715530
1438	34.430599
1439	32.398529
1440	33.578426
1441	33.680294
1442	35.042671
1443	34.832523
1444	35.319614
1445	34.307724
1446	32.264988
1447	34.276634
1448	33.709339
1449	34.694847
1450	33.901810
1451	33.096352
1452	33.565853
1453	34.020771
1454	30.759277
1455	33.986912
1456	34.725166
1457	34.229435
1458	32.861603
1459	31.881105
1460	32.776218
1461	31.329750
1462	32.248310
1463	33.029617
1464	32.697083
1465	32.611576
1466	30.713486
1467	32.940918
1468	28.429258
1469	30.688219
1470	31.380754
1471	31.371807
1472	31.643970
1473	30.866970
1474	31.065334
1475	32.058163
1476	33.387726
1477	33.309113
1478	33.902157
1479	34.555321
1480	32.303577
1481	31.766228
1482	31.000784
1483	35.424576
1484	32.890553
1485	34.083817
1486	33.143997
1487	31.805016
1488	32.525993
1489	32.904751
1490	29.641872
1491	27.997168
1492	28.343916
1493	28.989716
1494	28.615396
1495	28.110334
1496	26.286783
1497	27.116182
1498	30.330559
1499	31.584248
1500	33.887440
1501	32.157307
1502	33.057644
1503	33.453411
1504	33.460060
1505	32.817997
1506	32.444969
1507	32.502537
1508	32.359474
1509	34.144917
1510	35.073143
1511	33.992676
1512	31.568924
1513	32.136490
1514	32.138668
1515	33.827087
1516	33.320438
1517	32.319859
1518	25.511656
1519	28.474930
1520	27.857784
1521	27.222908
1522	29.018017
1523	29.200844
1524	30.838739
1525	26.326256
1526	28.006252
1527	27.663286
1528	23.815907
1529	25.636951
1530	26.670710
1531	26.282656
1532	25.222504
1533	27.817780
1534	26.743931
1535	28.220924
1536	26.568569
1537	27.857977
1538	26.274157
1539	28.941931
1540	27.777493
1541	28.153770
1542	29.091484
1543	28.547632
1544	30.203899
1545	31.309990
1546	31.881813
1547	31.965631
1548	31.502052
1549	34.663712
1550	34.772064
1551	34.540020
1552	32.417324
1553	31.740229
1554	32.644695
1555	33.916508
1556	30.893705
1557	31.698986
1558	28.505400
1559	27.672705
1560	29.351738
1561	27.586308
1562	29.088879
1563	27.993830
1564	31.984404
1565	31.780617
1566	30.268215
1567	31.031937
1568	31.425274
1569	34.088581
1570	31.084064
1571	30.693480
1572	29.979416
1573	29.884531
1574	29.194351
1575	30.642752
1576	28.686764
1577	27.296467
1578	27.311567
1579	28.449987
1580	27.458469
1581	29.471062
1582	32.352570
1583	31.931078
1584	30.192011
1585	27.848455
1586	26.006033
1587	23.543026
1588	24.932320
1589	19.412348
1590	21.272877
1591	27.964815
1592	28.589478
1593	29.709824
1594	30.914057
1595	27.431942
1596	23.797350
1597	20.681477
1598	21.115133
1599	22.107704
1600	25.120298
1601	23.561983
1602	17.913919
1603	16.403736
1604	19.451668
1605	16.230446
1606	18.321785
1607	18.931499
1608	18.610252
1609	20.517458
1610	19.755053
1611	20.438797
1612	17.816229
1613	18.958727
1614	18.969381
1615	16.315029
1616	16.817686
1617	17.852354
1618	17.355604
1619	19.519541
1620	22.438194
1621	29.196674
1622	26.697807
1623	23.879333
1624	25.020575
1625	23.538349
1626	25.007330
1627	25.708515
1628	26.220009
1629	26.681423
1630	27.350163
1631	28.962360
1632	28.139360
1633	29.422693
1634	27.728495
1635	27.750816
1636	27.619493
1637	29.350458
1638	26.427343
1639	25.129179
1640	26.978821
1641	26.211267
1642	26.405714
1643	26.437860
1644	28.285961
1645	25.904434
1646	26.399174
1647	28.147800
1648	27.763569
1649	28.677572
1650	25.864876
1651	26.284912
1652	28.099842
1653	27.782730
1654	27.308086
1655	26.472895
1656	27.137262
1657	26.319262
1658	24.299997
1659	27.699104
1660	24.469404
1661	22.800627
1662	23.403397
1663	19.425192
1664	19.531633
1665	20.443729
1666	20.020319
1667	19.210720
1668	19.782467
1669	20.977348
1670	20.987780
1671	21.843988
1672	20.346769
1673	20.175293
1674	20.939157
1675	19.648523
1676	20.840981
1677	19.483774
1678	20.538387
1679	20.286167
1680	19.482367
1681	20.601284
1682	19.754658
1683	20.560762
1684	20.164549
1685	20.913836
1686	19.038315
1687	19.568623
1688	20.987915
1689	20.343819
1690	20.084019
1691	20.209862
1692	20.419218
1693	20.747812
1694	20.151375
1695	20.747284
1696	19.572035
1697	19.616304
1698	19.995705
1699	20.055853
1700	19.923706
1701	20.257193
1702	20.424417
1703	20.271925
1704	20.380928
1705	20.285051
1706	19.462593
1707	20.427633
1708	20.051386
1709	20.550426
1710	21.116659
1711	19.751789
1712	20.219440
1713	20.247622
1714	20.404541
1715	22.463852
1716	20.660252
1717	20.928942
1718	20.096891
1719	20.394436
1720	19.852268
1721	19.829317
1722	18.888086
1723	20.667042
1724	20.322706
1725	18.664627
1726	21.024910
1727	19.890293
1728	20.498192
1729	20.315453
1730	20.539883
1731	18.933708
1732	19.243767
1733	19.923309
1734	20.128565
1735	19.664335
1736	19.695263
1737	19.885559
1738	19.771244
1739	21.051773
1740	20.152719
1741	19.989330
1742	20.783585
1743	19.465166
1744	20.710369
1745	19.518150
1746	20.415510
1747	21.178898
1748	20.724089
1749	20.832769
1750	20.147301
1751	20.392025
1752	19.852604
1753	20.038727
1754	20.408731
1755	19.222086
1756	19.912558
1757	20.426489
1758	19.535711
1759	20.599123
1760	18.639128
1761	20.123947
1762	19.643461
1763	20.327442
1764	20.026167
1765	19.985359
1766	19.538239
1767	19.655540
1768	20.163256
1769	19.529728
1770	19.423309
1771	19.922615
1772	19.636766
1773	20.756428
1774	20.775152
1775	19.733458
1776	19.591755
1777	19.101576
1778	18.830219
1779	19.250271
1780	19.965065
1781	17.816500
1782	17.914867
1783	15.264555
1784	16.855995
1785	16.745226
1786	16.090239
1787	20.388390
1788	22.988531
1789	16.261383
1790	15.988935
1791	17.983829
1792	17.949242
1793	14.223576
1794	16.104015
1795	13.280602
1796	13.055392
1797	10.875095
1798	10.096869
1799	11.455939
1800	10.410614
1801	10.876736
1802	12.416871
1803	12.390678
1804	11.484764
1805	11.921670
1806	11.104342
1807	13.997280
1808	13.796037
1809	12.162385
1810	12.574889
1811	11.677073
1812	12.524736
1813	8.712848
1814	11.052842
1815	10.843985
1816	9.865922
1817	9.263854
1818	9.507535
1819	10.501163
1820	9.627881
1821	10.234472
1822	11.209656
1823	11.777050
0	8.886404
1	9.267828
2	9.288691
3	9.748132
4	9.356203
5	8.560731
6	9.092338
7	9.350492
8	9.334398
9	9.392958
10	9.053398
11	9.139939
12	9.507243
13	10.091550
14	9.053472
15	9.735689
16	9.100956
17	9.405222
18	9.957800
19	9.006177
20	8.974298
21	8.666677
22	8.780751
23	9.360707
24	9.687260
25	9.408852
26	8.651486
27	9.750979
28	9.751319
29	9.110746
30	8.408484
31	8.824107
32	8.969451
33	8.247511
34	9.121898
35	8.440993
36	8.617476
37	7.685800
38	8.554450
39	8.336719
40	8.093856
41	9.502747
42	9.960050
43	9.191832
44	8.533182
45	9.241706
46	9.134760
47	8.000207
48	8.712435
49	9.368205
50	9.156009
51	8.542706
52	9.284359
53	9.077428
54	8.814227
55	9.028156
56	9.221930
57	8.984216
58	9.272899
59	8.686728
60	8.611016
61	8.165458
62	8.465381
63	9.069827
64	8.605358
65	8.687891
66	9.153408
67	9.939110
68	8.930024
69	8.990252
70	8.939234
71	8.460921
72	9.378874
73	8.787126
74	8.564220
75	8.969783
76	8.636771
77	8.810822
78	9.247211
79	9.049356
80	8.385345
81	9.055259
82	8.842024
83	9.421649
84	7.983972
85	8.726179
86	9.282331
87	7.814151
88	9.360562
89	8.289668
90	9.238071
91	8.930431
92	9.525234
93	9.512356
94	9.048063
95	8.619361
96	8.268380
97	8.271117
98	8.103414
99	9.632207
100	9.169258
101	9.311801
102	8.781760
103	8.895337
104	8.839419
105	8.774673
106	8.862812
107	9.136218
108	9.163104
109	9.031263
110	8.277397
111	8.343840
112	9.285248
113	9.454920
114	8.819008
115	8.736777
116	8.981643
117	8.614193
118	8.163154
119	8.574071
120	9.017546
121	10.331533
122	9.427211
123	8.875090
124	8.023670
125	8.298318
126	9.065673
127	9.211699
128	9.232298
129	8.928845
130	8.159614
131	8.279344
132	8.341206
133	8.536826
134	9.576627
135	8.843784
136	9.080012
137	9.854328
138	8.688519
139	8.791698
140	9.033632
141	9.087141
142	8.071189
143	8.628476
144	8.350828
145	9.021543
146	9.030426
147	9.547557
148	8.172650
149	8.771054
150	8.584323
151	8.474012
152	8.440456
153	9.363008
154	9.030663
155	8.358480
156	7.813118
157	9.531407
158	9.275417
159	8.733848
160	8.695148
161	8.995495
162	8.806364
163	9.435277
164	7.865087
165	9.185180
166	8.883130
167	8.584859
168	9.196842
169	8.139818
170	8.714895
171	9.641950
172	8.333473
173	8.962793
174	9.635022
175	8.906145
176	9.521870
177	9.512801
178	9.526141
179	9.393968
180	9.355270
181	8.782461
182	9.667852
183	8.971181
184	8.968673
185	9.335155
186	9.111806
187	9.081459
188	8.417079
189	9.296801
190	8.332173
191	9.150092
192	8.348587
193	8.918849
194	8.778110
195	8.584108
196	9.525974
197	9.142245
198	9.866940
199	8.216577
200	9.059234
201	8.549769
202	9.339077
203	8.515175
204	8.427802
205	9.682132
206	9.243464
207	9.036715
208	8.472103
209	8.752878
210	8.027560
211	9.497168
212	9.217017
213	8.821943
214	7.951504
215	9.027345
216	8.779055
217	8.746170
218	9.224966
219	10.099477
220	8.728640
221	9.188087
222	7.525479
223	9.110484
224	8.696409
225	8.686553
226	8.943719
227	8.807940
228	9.525655
229	8.614731
230	10.106603
231	8.346367
232	9.074855
233	9.690418
234	8.463509
235	9.295525
236	9.564965
237	9.496200
238	9.553947
239	9.144747
240	9.708029
241	9.509029
242	9.391963
243	9.690789
244	9.234099
245	9.175030
246	9.370284
247	8.940994
248	8.821166
249	8.690484
250	9.474272
251	9.855218
252	9.401623
253	9.043987
254	9.658090
255	10.185255
256	9.214011
257	8.860305
258	9.372759
259	8.473637
260	9.062411
261	10.099544
262	8.854230
263	8.764708
264	8.134279
265	9.764560
266	9.133735
267	10.339609
268	8.397208
269	9.664826
270	9.127803
271	9.037327
272	9.645153
273	9.482515
274	9.699594
275	8.751651
276	9.006875
277	8.930409
278	11.002295
279	7.848862
280	8.516107
281	9.359969
282	10.453186
283	10.155294
284	6.565028
285	8.275906
286	8.338184
287	9.147253
288	9.904671
289	8.648795
290	8.616747
291	9.348744
292	8.669524
293	8.830956
294	9.679182
295	8.909161
296	10.134329
297	8.785185
298	10.319664
299	9.811598
300	9.260201
301	9.634089
302	8.805972
303	9.281482
304	9.542907
305	9.082058
306	9.595554
307	9.503272
308	9.243411
309	10.259674
310	9.010005
311	9.933651
312	9.124831
313	9.337500
314	8.670022
315	7.811197
316	8.730648
317	9.950502
318	9.520452
319	9.285359
320	9.768797
321	9.646974
322	9.091164
323	8.807023
324	9.229739
325	9.197854
326	8.833594
327	9.004323
328	8.514846
329	8.820095
330	8.947926
331	8.154761
332	9.279147
333	8.974879
334	9.196819
335	8.444926
336	8.273817
337	9.298630
338	8.818399
339	8.963805
340	8.653109
341	9.189820
342	9.478914
343	8.633637
344	8.538727
345	9.161759
346	9.138517
347	9.341097
348	8.943000
349	9.156672
350	9.902442
351	9.185188
352	9.839736
353	9.360442
354	9.155098
355	8.771183
356	9.041919
357	10.698668
358	9.940527
359	10.026650
360	11.167245
361	12.609129
362	9.318659
363	9.957663
364	11.551337
365	11.667454
366	11.175341
367	10.626884
368	9.551904
369	11.449379
370	11.658961
371	10.354894
372	10.758129
373	11.087528
374	9.775943
375	10.508920
376	9.496978
377	9.306677
378	10.541643
379	9.050779
380	10.574180
381	8.365178
382	10.298258
383	8.964647
384	8.582268
385	9.308673
386	8.020722
387	8.935112
388	8.724589
389	9.549937
390	7.383061
391	8.519634
392	7.814180
393	7.908962
394	8.252237
395	9.467914
396	8.764298
397	9.045322
398	8.545631
399	8.701459
400	9.019254
401	9.070226
402	9.495077
403	8.884391
404	9.430862
405	10.979134
406	9.902451
407	9.904818
408	10.021153
409	11.250640
410	10.052014
411	10.064939
412	10.122137
413	10.046805
414	10.054235
415	9.678522
416	10.748800
417	9.983064
418	9.681178
419	9.419112
420	8.879748
421	9.037388
422	10.570614
423	9.746902
424	10.183325
425	11.606160
426	8.796283
427	11.211591
428	11.891565
429	10.549945
430	10.171264
431	9.600865
432	9.257834
433	10.225682
434	9.691443
435	10.952243
436	10.323716
437	10.690818
438	10.313437
439	9.654308
440	10.582298
441	9.368777
442	10.766280
443	10.570206
444	10.885718
445	12.051659
446	10.585485
447	8.994725
448	9.078180
449	9.691032
450	11.626507
451	10.049287
452	9.711490
453	9.638164
454	10.195118
455	10.133349
456	9.282172
457	10.553962
458	12.774790
459	11.812658
460	12.588921
461	11.872632
462	13.268012
463	12.504757
464	13.985883
465	12.547179
466	12.382364
467	13.172479
468	13.267505
469	13.457044
470	12.320393
471	10.994279
472	11.821836
473	11.217071
474	10.351185
475	9.939385
476	10.111079
477	12.987650
478	12.026530
479	13.569055
480	12.218555
481	12.337337
482	12.436884
483	12.604644
484	12.380254
485	12.950061
486	13.418661
487	11.471155
488	10.089057
489	10.592912
490	9.594806
491	10.155102
492	13.418410
493	11.321264
494	13.853500
495	13.925763
496	14.325319
497	11.278687
498	13.306011
499	13.649130
500	12.347893
501	10.793369
502	11.837769
503	12.147177
504	14.984060
505	15.635406
506	16.083351
507	14.644388
508	14.807330
509	15.767052
510	16.131372
511	15.364079
512	14.020451
513	12.878781
514	11.153919
515	11.818841
516	11.616200
517	17.292868
518	15.415221
519	16.278399
520	14.627637
521	15.367356
522	14.362315
523	16.130199
524	16.708281
525	17.221895
526	14.556211
527	14.174436
528	6.370761
529	6.583328
530	9.322333
531	12.209986
532	10.581651
533	10.010596
534	11.175284
535	10.477280
536	11.231977
537	10.407675
538	11.388546
539	10.553960
540	10.936007
541	10.711436
542	10.679279
543	10.430932
544	9.014907
545	9.952948
546	9.361821
547	9.745403
548	9.665597
549	10.104617
550	8.732750
551	8.768177
552	10.114375
553	10.001443
554	10.352762
555	9.931753
556	9.385154
557	9.406516
558	9.219468
559	8.699476
560	8.820459
561	10.410754
562	9.448445
563	8.937410
564	7.934480
565	8.789005
566	10.655715
567	10.329239
568	9.827900
569	10.309443
570	9.585730
571	9.443647
572	9.438265
573	9.450136
574	11.111732
575	10.882191
576	8.282332
577	10.095435
578	9.640462
579	10.410078
580	10.067378
581	9.662102
582	10.120364
583	9.973484
584	11.090756
585	9.981880
586	8.256768
587	12.325018
588	10.660708
589	10.366483
590	11.097898
591	11.855775
592	11.215851
593	10.653789
594	11.580126
595	11.909549
596	9.394537
597	10.146252
598	9.366498
599	10.333685
600	11.686642
601	11.022785
602	10.564537
603	10.754213
604	10.521431
605	11.347756
606	11.411160
607	10.749517
608	8.796425
609	10.682834
610	9.420938
611	11.457990
612	11.358134
613	9.667088
614	10.044954
615	8.313447
616	7.572777
617	8.698373
618	8.886672
619	10.453692
620	10.263286
621	11.027981
622	11.283751
623	10.589201
624	10.461168
625	10.816154
626	10.275728
627	11.675974
628	11.386540
629	10.713511
630	9.399265
631	8.988956
632	9.721263
633	8.274508
634	9.482179
635	9.188969
636	9.513285
637	8.603326
638	9.666714
639	9.468013
640	10.196827
641	10.518960
642	10.834693
643	9.772743
644	9.924643
645	8.647024
646	8.071914
647	7.327560
648	8.609494
649	6.908025
650	6.808415
651	7.641890
652	8.486821
653	7.329678
654	6.398666
655	7.576529
656	7.192538
657	6.574171
658	7.472274
659	7.020341
660	6.877892
661	6.322933
662	6.500238
663	6.888180
664	7.820092
665	8.461006
666	7.048924
667	7.756147
668	6.387527
669	7.054677
670	7.595559
671	8.209147
672	6.574441
673	7.239524
674	6.420788
675	7.334308
676	6.394826
677	6.792137
678	7.156154
679	7.125544
680	7.105110
681	6.718401
682	7.337889
683	8.226415
684	6.575394
685	6.733239
686	7.551760
687	6.471378
688	6.493059
689	7.052610
690	7.437049
691	6.625263
692	7.204644
693	6.686231
694	7.113670
695	7.975550
696	7.495823
697	5.460301
698	7.787902
699	7.685057
700	6.406784
701	7.256402
702	7.167628
703	7.582362
704	7.815325
705	7.365574
706	7.284288
707	6.437298
708	6.868757
709	6.360228
710	6.863132
711	6.921072
712	6.425230
713	6.934734
714	7.042582
715	6.617267
716	6.673873
717	7.805014
718	7.744061
719	6.826251
720	7.206025
721	6.039055
722	6.637636
723	5.728604
724	6.840943
725	6.337595
726	5.946301
727	6.068146
728	6.920788
729	8.057552
730	7.047759
731	6.328263
732	7.836869
733	6.616971
734	6.786777
735	6.801920
736	8.563070
737	7.851712
738	7.474289
739	7.408238
740	6.661569
741	7.705411
742	9.233688
743	9.188303
744	8.371984
745	6.941139
746	9.354512
747	7.692214
748	8.608477
749	7.520565
750	6.848511
751	6.731218
752	7.640131
753	6.871013
754	6.875172
755	6.647148
756	6.556790
757	7.210847
758	7.418046
759	7.702008
760	6.868771
761	6.911592
762	7.616541
763	6.691381
764	7.542933
765	8.805377
766	7.005675
767	9.427237
768	7.169310
769	6.480746
770	8.082506
771	7.833472
772	7.463068
773	7.470650
774	7.146706
775	8.067525
776	7.430216
777	8.407456
778	7.163270
779	8.821026
780	9.088813
781	8.770369
782	8.927655
783	8.875920
784	6.697603
785	6.553501
786	6.417243
787	6.447859
788	6.552960
789	6.285653
790	7.280501
791	6.735614
792	6.596071
793	7.006239
794	6.736093
795	7.197119
796	7.412562
797	6.498592
798	7.197511
799	6.369148
800	7.940296
801	7.891266
802	5.931015
803	6.603786
804	8.408216
805	6.044917
806	7.009158
807	7.011465
808	7.148823
809	6.409941
810	6.315579
811	6.718453
812	6.573561
813	6.742421
814	7.556654
815	6.869006
816	7.227310
817	6.457283
818	6.987424
819	7.119631
820	5.742676
821	7.850863
822	5.951926
823	7.114649
824	6.760878
825	6.759277
826	7.114309
827	6.725701
828	6.695786
829	6.827090
830	6.299691
831	6.581650
832	7.642117
833	6.827310
834	7.095381
835	7.785825
836	6.895988
837	7.340816
838	6.846812
839	7.261246
840	7.464262
841	7.301911
842	7.927757
843	6.770618
844	7.007676
845	6.481486
846	6.553926
847	8.310078
848	9.104383
849	7.002341
850	7.651602
851	5.838570
852	6.408253
853	7.559123
854	6.357278
855	6.537606
856	7.408066
857	7.010466
858	7.115770
859	7.545738
860	6.805457
861	7.212167
862	7.353245
863	6.709851
864	6.982363
865	7.198867
866	6.978038
867	7.145386
868	7.049573
869	6.930143
870	7.044400
871	7.940126
872	6.977428
873	7.105083
874	7.356725
875	7.015190
876	7.422097
877	7.772367
878	6.852876
879	7.362941
880	6.673544
881	6.655607
882	6.826972
883	6.957758
884	7.087884
885	7.647410
886	6.905049
887	7.109601
888	6.533889
889	6.654052
890	7.475734
891	6.812775
892	7.213086
893	6.557818
894	6.721094
895	6.919962
896	7.569748
897	6.331682
898	6.974138
899	6.704937
900	6.801949
901	6.905729
902	6.800647
903	7.291673
904	6.939409
905	7.424191
906	6.439355
907	7.205144
908	7.209972
909	6.716740
910	6.998999
911	6.299730
912	6.653164
913	7.311976
914	7.637545
915	7.140968
916	6.689058
917	7.049226
918	7.417069
919	6.725295
920	7.667078
921	7.360033
922	7.125405
923	6.491695
924	7.041570
925	5.938578
926	6.634040
927	6.744611
928	7.059320
929	7.019204
930	6.939578
931	7.033639
932	6.905803
933	6.563961
934	7.405935
935	7.358437
936	7.378745
937	6.877621
938	6.865633
939	7.202201
940	6.665957
941	6.402767
942	6.825876
943	7.717207
944	6.467579
945	7.554077
946	7.312879
947	6.366639
948	7.087497
949	7.111294
950	6.789301
951	7.846974
952	6.035040
953	6.812296
954	7.767071
955	8.011406
956	6.627405
957	7.729794
958	8.672917
959	7.897937
960	7.368589
961	7.115723
962	7.597639
963	7.018752
964	6.781542
965	7.073126
966	7.297083
967	6.835920
968	6.502145
969	6.473089
970	6.601831
971	6.482570
972	7.811542
973	6.869979
974	7.490855
975	6.104507
976	7.321153
977	6.572070
978	7.093307
979	6.466145
980	7.331112
981	6.830914
982	6.622462
983	6.431835
984	6.543152
985	6.693311
986	6.080612
987	6.261135
988	6.589043
989	7.111409
990	7.079418
991	6.590466
992	6.747488
993	7.183578
994	7.347832
995	6.866814
996	6.644899
997	6.724068
998	6.908569
999	6.866352
1000	6.962649
1001	6.170007
1002	6.820321
1003	6.971469
1004	6.939814
1005	7.521013
1006	6.106061
1007	6.788064
1008	6.308113
1009	7.520868
1010	6.992355
1011	7.019977
1012	6.532603
1013	7.254433
1014	7.294859
1015	7.058599
1016	6.637815
1017	6.710806
1018	7.669245
1019	6.338221
1020	7.612164
1021	5.924952
1022	7.087805
1023	6.655892
1024	7.758157
1025	6.426133
1026	7.440201
1027	6.884779
1028	7.512556
1029	6.937370
1030	7.168599
1031	7.078415
1032	7.631867
1033	6.620421
1034	6.749007
1035	6.664339
1036	6.414786
1037	6.442947
1038	6.873813
1039	6.897426
1040	7.164831
1041	7.240623
1042	7.650000
1043	7.522420
1044	7.302416
1045	6.217764
1046	7.951082
1047	7.104062
1048	6.827158
1049	7.371174
1050	7.042848
1051	7.719928
1052	6.892162
1053	7.368637
1054	6.750541
1055	6.573143
1056	6.086823
1057	6.358633
1058	6.521571
1059	7.137865
1060	7.263815
1061	6.685125
1062	6.341024
1063	6.845101
1064	6.574297
1065	6.089409
1066	6.041225
1067	7.211616
1068	7.733984
1069	6.559010
1070	6.892510
1071	7.429461
1072	6.107585
1073	7.179847
1074	7.218102
1075	7.092454
1076	6.597825
1077	6.719591
1078	6.553817
1079	6.585933
1080	6.395069
1081	6.898304
1082	7.174324
1083	6.525810
1084	6.505451
1085	6.038983
1086	6.772333
1087	6.987725
1088	6.396445
1089	6.148764
1090	7.007374
1091	6.755280
1092	7.206498
1093	6.678510
1094	6.398585
1095	7.549417
1096	7.088258
1097	7.439416
1098	6.257707
1099	7.457150
1100	6.725770
1101	6.534900
1102	6.757432
1103	6.781254
1104	5.794599
1105	6.223680
1106	8.047072
1107	6.491580
1108	7.885943
1109	6.186034
1110	6.417241
1111	6.544075
1112	6.985163
1113	7.415700
1114	6.757663
1115	6.490863
1116	7.377159
1117	6.185258
1118	6.730031
1119	6.027984
1120	6.749522
1121	6.322318
1122	6.130653
1123	6.496008
1124	6.961805
1125	6.974273
1126	7.173855
1127	6.308997
1128	5.680078
1129	6.099009
1130	7.469391
1131	6.816751
1132	7.600042
1133	6.683628
1134	6.850825
1135	7.455018
1136	7.535867
1137	6.795063
1138	7.752948
1139	5.914481
1140	9.451189
1141	7.351319
1142	7.436060
1143	6.917955
1144	6.306585
1145	6.278743
1146	7.382845
1147	7.000948
1148	6.682791
1149	7.656349
1150	7.693692
1151	8.003662
1152	6.200911
1153	8.729822
1154	7.742125
1155	8.878289
1156	8.634924
1157	6.873202
1158	5.793625
1159	7.991253
1160	7.903449
1161	8.337137
1162	6.712896
1163	6.873065
1164	6.253326
1165	7.944942
1166	8.115405
1167	8.140896
1168	7.032425
1169	6.845875
1170	8.604609
1171	7.511650
1172	9.079945
1173	8.340653
1174	6.659527
1175	7.127454
1176	6.724796
1177	6.221654
1178	6.570244
1179	6.750000
1180	7.097094
1181	7.200318
1182	7.160543
1183	6.388211
1184	7.147752
1185	6.934432
1186	6.245518
1187	6.237667
1188	6.178067
1189	7.003623
1190	6.447496
1191	6.774548
1192	6.435791
1193	6.333355
1194	8.066290
1195	5.840522
1196	6.413384
1197	7.109438
1198	7.305655
1199	4.936416
1200	6.175994
1201	6.431556
1202	6.305823
1203	6.058424
1204	6.023130
1205	6.563460
1206	6.420483
1207	6.843837
1208	6.536482
1209	7.571915
1210	5.847170
1211	5.425642
1212	9.056671
1213	6.889477
1214	7.504839
1215	6.097721
1216	6.430342
1217	6.643764
1218	6.468184
1219	6.832927
1220	6.625511
1221	7.208592
1222	7.407037
1223	7.046516
1224	8.200688
1225	6.451256
1226	7.211268
1227	7.302233
1228	5.960629
1229	7.392665
1230	6.795918
1231	6.396811
1232	7.706213
1233	6.962930
1234	7.026044
1235	6.499316
1236	5.671287
1237	7.411842
1238	6.417827
1239	7.274049
1240	5.982525
1241	6.766077
1242	6.607519
1243	6.832079
1244	9.565928
1245	8.072794
1246	7.493639
1247	8.191281
1248	7.075267
1249	7.909905
1250	6.475757
1251	7.349688
1252	6.366764
1253	9.861501
1254	6.429378
1255	6.132576
1256	6.918622
1257	6.802306
1258	7.186494
1259	7.821739
1260	7.112250
1261	7.105957
1262	6.920029
1263	8.963705
1264	7.191243
1265	7.085768
1266	7.440839
1267	7.762177
1268	7.503973
1269	7.448180
1270	6.619071
1271	5.713326
1272	6.325022
1273	6.203208
1274	6.679191
1275	6.755101
1276	6.802184
1277	6.520675
1278	7.222748
1279	6.473623
1280	6.162054
1281	7.295101
1282	7.417877
1283	7.519721
1284	7.359150
1285	6.680644
1286	6.963829
1287	7.689695
1288	7.883940
1289	7.429764
1290	7.004364
1291	6.756967
1292	7.158058
1293	7.251662
1294	7.323558
1295	7.750232
1296	7.136653
1297	9.271823
1298	7.308549
1299	7.185297
1300	6.547717
1301	7.042655
1302	6.431298
1303	7.025482
1304	7.438293
1305	6.879797
1306	7.970514
1307	7.994430
1308	5.663930
1309	7.224527
1310	6.873164
1311	6.798853
1312	6.723460
1313	7.584517
1314	7.194845
1315	6.330798
1316	6.937413
1317	7.800474
1318	7.092904
1319	6.957988
1320	6.816693
1321	6.630904
1322	7.280996
1323	7.847038
1324	7.834213
1325	6.353990
1326	6.843458
1327	6.931522
1328	7.185207
1329	7.024372
1330	7.952006
1331	7.745672
1332	7.212177
1333	7.022257
1334	6.939236
1335	6.314881
1336	7.165506
1337	7.537440
1338	7.161125
1339	6.866834
1340	6.738886
1341	7.395308
1342	7.512448
1343	7.187560
1344	6.496423
1345	7.805571
1346	7.426150
1347	7.264407
1348	6.867639
1349	7.569782
1350	6.596560
1351	9.144639
1352	6.569673
1353	6.842667
1354	7.272255
1355	8.282446
1356	7.299266
1357	7.353454
1358	7.652799
1359	7.710758
1360	7.353871
1361	6.760105
1362	6.518996
1363	7.402761
1364	6.385713
1365	6.932711
1366	7.689507
1367	7.514751
1368	8.528427
1369	6.583039
1370	7.555825
1371	6.870853
1372	7.824353
1373	7.171013
1374	7.747748
1375	6.443300
1376	6.618783
1377	7.573724
1378	7.225324
1379	8.005565
1380	6.773029
1381	7.804153
1382	7.122177
1383	7.354510
1384	8.380585
1385	7.865069
1386	6.153008
1387	7.004183
1388	6.036797
1389	7.003000
1390	6.503799
1391	7.075613
1392	7.452535
1393	7.425874
1394	7.855412
1395	6.965635
1396	7.707937
1397	8.054819
1398	7.417184
1399	6.979764
1400	7.725736
1401	7.974823
1402	14.173941
1403	12.159054
1404	12.105479
1405	12.550805
1406	11.377240
1407	7.287852
1408	7.712458
1409	7.342111
1410	6.617032
1411	6.863009
1412	8.490143
1413	8.786570
1414	7.329845
1415	7.094993
1416	6.618165
1417	7.444247
1418	7.231320
1419	7.171409
1420	8.156893
1421	8.370217
1422	7.752026
1423	8.283072
1424	8.400782
1425	8.610289
1426	8.330600
1427	7.533743
1428	7.863166
1429	9.041130
1430	9.844227
1431	9.216345
1432	8.336828
1433	7.894831
1434	8.901917
1435	6.114100
1436	7.519169
1437	6.659566
1438	6.872325
1439	7.258711
1440	7.308118
1441	6.495791
1442	7.316117
1443	9.227812
1444	8.946704
1445	7.104843
1446	7.109844
1447	6.105684
1448	10.414610
1449	10.699637
1450	12.957567
1451	9.978560
1452	10.836762
1453	11.971275
1454	12.401798
1455	7.453059
1456	8.362079
1457	7.352643
1458	7.133515
1459	7.316753
1460	7.598744
1461	7.183504
1462	6.584770
1463	6.642482
1464	7.166911
1465	8.589099
1466	7.067964
1467	8.719196
1468	6.508362
1469	8.125232
1470	6.949078
1471	7.971590
1472	7.332538
1473	7.639278
1474	7.305040
1475	7.229813
1476	7.418941
1477	7.148686
1478	9.130420
1479	10.552813
1480	7.766080
1481	8.316261
1482	7.041142
1483	9.775935
1484	7.784491
1485	7.583261
1486	7.039922
1487	6.258812
1488	8.084673
1489	6.946217
1490	6.153945
1491	8.042609
1492	7.191549
1493	7.306356
1494	7.855201
1495	7.933537
1496	6.985335
1497	6.661496
1498	6.841313
1499	7.178481
1500	6.945924
1501	6.930597
1502	7.238738
1503	6.764122
1504	7.365049
1505	6.956605
1506	7.173134
1507	5.976655
1508	7.072011
1509	6.584784
1510	6.789995
1511	6.707644
1512	6.707383
1513	6.414529
1514	7.056478
1515	6.488544
1516	6.610400
1517	6.004690
1518	5.975121
1519	7.070009
1520	6.575999
1521	6.515871
1522	5.865385
1523	6.985952
1524	6.581082
1525	6.699268
1526	6.657721
1527	6.948929
1528	5.596718
1529	6.433796
1530	6.925789
1531	6.670984
1532	7.250935
1533	6.221859
1534	7.261350
1535	8.944988
1536	7.132571
1537	6.555458
1538	8.525634
1539	6.502939
1540	6.075155
1541	7.109573
1542	6.716397
1543	5.920667
1544	6.814515
1545	6.596656
1546	5.936761
1547	6.265788
1548	6.964925
1549	6.380027
1550	7.057651
1551	6.619916
1552	6.474964
1553	6.795755
1554	6.104555
1555	6.152473
1556	6.312686
1557	6.819924
1558	6.844644
1559	7.321452
1560	7.039675
1561	6.928395
1562	7.697124
1563	6.614902
1564	7.324592
1565	9.004805
1566	7.816829
1567	6.970696
1568	6.801511
1569	6.976324
1570	6.821918
1571	7.131098
1572	6.360644
1573	7.175702
1574	6.419432
1575	6.928220
1576	7.001873
1577	6.189137
1578	7.235302
1579	6.523390
1580	7.058289
1581	6.715534
1582	6.747949
1583	6.288472
1584	7.212083
1585	7.271674
1586	6.399705
1587	8.283722
1588	6.883689
1589	6.823993
1590	6.428927
1591	7.348110
1592	7.273326
1593	7.318865
1594	6.948995
1595	6.763734
1596	6.693768
1597	6.341815
1598	6.753219
1599	7.042003
1600	6.744400
1601	7.026505
1602	6.766903
1603	6.821412
1604	6.899189
1605	7.268056
1606	7.197580
1607	6.925686
1608	6.680503
1609	7.406869
1610	7.210783
1611	6.158721
1612	6.871509
1613	7.046632
1614	6.835483
1615	7.360801
1616	6.526696
1617	7.663548
1618	6.813703
1619	5.860468
1620	6.352121
1621	5.357131
1622	6.858028
1623	7.188552
1624	7.031754
1625	6.277044
1626	5.669611
1627	7.041262
1628	7.300152
1629	6.715775
1630	8.839259
1631	7.071874
1632	7.136464
1633	6.624623
1634	6.215376
1635	7.067547
1636	7.798118
1637	5.259665
1638	5.878655
1639	6.155883
1640	4.276240
1641	5.973617
1642	8.739613
1643	7.281838
1644	6.415458
1645	6.160945
1646	6.945822
1647	5.387398
1648	5.915783
1649	6.065180
1650	6.060340
1651	6.680093
1652	6.775768
1653	5.342566
1654	6.951220
1655	7.020436
1656	7.356932
1657	8.920195
1658	7.098362
1659	8.444915
1660	6.599709
1661	8.423653
1662	7.902611
1663	8.249748
1664	7.501870
1665	9.433713
1666	10.823065
1667	6.626871
1668	8.378600
1669	9.486037
1670	6.915817
1671	8.885945
1672	7.034518
1673	6.604811
1674	7.657766
1675	7.536932
1676	6.754217
1677	7.366587
1678	6.277412
1679	6.771838
1680	7.360691
1681	6.513749
1682	6.759819
1683	6.674525
1684	6.163585
1685	7.314375
1686	6.181546
1687	6.467357
1688	7.288898
1689	8.060882
1690	7.715756
1691	8.147797
1692	7.019082
1693	7.570903
1694	6.549458
1695	7.221390
1696	7.509889
1697	7.236910
1698	7.233933
1699	6.396279
1700	7.995470
1701	7.502285
1702	7.648542
1703	6.199878
1704	6.858605
1705	6.711222
1706	6.305744
1707	5.802379
1708	7.437701
1709	7.024629
1710	6.019169
1711	6.539756
1712	6.764909
1713	6.845853
1714	6.354970
1715	6.480479
1716	6.596224
1717	6.528607
1718	6.289205
1719	6.993848
1720	6.323424
1721	7.326347
1722	7.581155
1723	6.660112
1724	7.088191
1725	6.160277
1726	7.702163
1727	9.194028
1728	6.647569
1729	6.942702
1730	6.316876
1731	6.638418
1732	6.024301
1733	6.259759
1734	5.741856
1735	6.535235
1736	6.630182
1737	7.454000
1738	6.139031
1739	6.910838
1740	7.624211
1741	5.869157
1742	7.629817
1743	7.077775
1744	7.906983
1745	8.366302
1746	7.951918
1747	6.796375
1748	6.074019
1749	7.701643
1750	6.555029
1751	5.900824
1752	6.534777
1753	7.185040
1754	6.628953
1755	6.859526
1756	6.831852
1757	6.984511
1758	6.739058
1759	7.298405
1760	6.716576
1761	6.816260
1762	8.979538
1763	7.405382
1764	6.458591
1765	7.988447
1766	10.932946
1767	8.229362
1768	8.874147
1769	8.614552
1770	10.425127
1771	7.518701
1772	6.950059
1773	6.738026
1774	6.703328
1775	8.082115
1776	6.845362
1777	6.446840
1778	6.910412
1779	6.428868
1780	8.388216
1781	7.709656
1782	6.857345
1783	7.155901
1784	6.219472
1785	7.248632
1786	6.394265
1787	6.902564
1788	6.851041
1789	6.452507
1790	7.325032
1791	6.193094
1792	5.584989
1793	6.346128
1794	6.703736
1795	6.038850
1796	6.031664
1797	6.176303
1798	5.979856
1799	7.097353
1800	7.511778
1801	5.552451
1802	8.516928
1803	9.825993
1804	7.553506
1805	6.953626
1806	7.371340
1807	6.595693
1808	6.004401
1809	6.413548
1810	6.206269
1811	6.233190
1812	6.140463
1813	6.359474
1814	6.092855
1815	6.049273
1816	7.896876
1817	6.274041
1818	7.601836
1819	6.428885
1820	5.854177
1821	6.981131
1822	6.401568
1823	6.144293
1824	6.516074
1825	6.072077
1826	6.952448
1827	5.614785
1828	7.394389
1829	6.937553
1830	6.341820
1831	6.167484
1832	6.786671
1833	6.374786
1834	6.642088
1835	6.753175
1836	6.564802
1837	6.742891
1838	7.069849
1839	10.152383
1840	6.454218
1841	7.289204
1842	6.888441
1843	6.405918
1844	6.728008
1845	6.639291
1846	7.401104
1847	6.193713
1848	6.095185
1849	6.571975
1850	6.522192
1851	7.898493
1852	6.950006
1853	7.364478
1854	6.197613
1855	6.612458
1856	6.524176
1857	8.150355
1858	7.517472
1859	7.319077
1860	6.459994
1861	6.689875
