0	6.507780
1	8.342582
2	7.389782
3	7.598349
4	7.184443
5	7.572888
6	7.364896
7	6.990180
8	7.121811
9	8.519612
10	7.878103
11	7.444805
12	7.072837
13	7.066294
14	6.946929
15	6.921422
16	6.899253
17	8.040232
18	7.954186
19	8.228858
20	7.980345
21	7.971970
22	8.727760
23	9.431442
24	8.509872
25	8.513713
26	8.435278
27	8.979141
28	8.413436
29	8.812962
30	8.178718
31	9.398577
32	7.994848
33	8.589534
34	9.274081
35	8.646506
36	5.366052
37	7.240517
38	9.125288
39	7.956117
40	8.613388
41	9.331785
42	7.675212
43	7.417944
44	8.554328
45	8.218325
46	7.710465
47	7.346113
48	7.123855
49	7.598354
50	7.510650
51	6.585508
52	6.933347
53	7.178371
54	6.749882
55	7.005848
56	7.070579
57	7.422634
58	8.157905
59	7.140650
60	6.394484
61	7.124808
62	7.363125
63	7.634063
64	7.245783
65	7.178587
66	7.035810
67	7.070426
68	7.353889
69	7.986796
70	7.181768
71	6.843552
72	6.711937
73	7.369187
74	7.803935
75	7.804959
76	7.647104
77	7.692947
78	7.495393
79	7.712852
80	7.583231
81	6.618564
82	7.196431
83	6.704594
84	6.924233
85	7.804897
86	6.984518
87	6.726460
88	7.788971
89	7.237167
90	6.773399
91	7.313965
92	7.606342
93	7.664726
94	7.097787
95	7.301679
96	7.972183
97	7.837921
98	7.694393
99	6.893919
100	7.248433
101	6.119781
102	7.388596
103	7.459660
104	7.124228
105	7.366881
106	7.474367
107	6.947957
108	6.791825
109	6.348812
110	6.318119
111	6.280838
112	7.493092
113	7.066321
114	6.773463
115	7.256423
116	7.425079
117	7.489555
118	7.320012
119	7.277855
120	7.174268
121	7.799968
122	7.649072
123	7.820967
124	7.330798
125	7.242740
126	7.370868
127	8.122543
128	7.207716
129	7.825783
130	6.741299
131	6.720312
132	7.343938
133	8.540307
134	8.315700
135	7.628616
136	8.322199
137	8.102426
138	8.166872
139	8.273723
140	7.408436
141	7.527696
142	8.172547
143	8.316600
144	7.774374
145	8.061992
146	8.716245
147	8.483030
148	8.592466
149	8.847198
150	8.795388
151	8.316586
152	9.567730
153	9.922924
154	9.313378
155	8.706159
156	8.888784
157	9.620005
158	8.618822
159	9.478354
160	8.311881
161	8.331086
162	8.461669
163	8.133321
164	8.507414
165	7.859469
166	8.278774
167	8.761677
168	8.698625
169	8.616896
170	8.891992
171	8.670490
172	8.786950
173	8.624990
174	9.196843
175	8.942504
176	8.271185
177	9.200627
178	8.030445
179	7.979259
180	7.683665
181	9.278289
182	9.617582
183	8.930683
184	8.224761
185	7.894263
186	8.862936
187	8.904301
188	8.721755
189	8.471563
190	8.709341
191	8.320788
192	8.079930
193	8.737059
194	8.249935
195	8.467462
196	7.993031
197	8.752835
198	8.471534
199	8.645312
200	8.363173
201	7.748505
202	8.261065
203	8.534563
204	8.561081
205	8.058250
206	8.116835
207	8.088842
208	9.484264
209	9.589427
210	8.411382
211	7.390669
212	7.091333
213	8.726135
214	8.669861
215	8.265503
216	8.115500
217	7.356119
218	8.452416
219	8.482580
220	8.903768
221	8.914983
222	7.989468
223	8.157754
224	8.832860
225	8.439038
226	8.961240
227	8.835674
228	8.235369
229	8.473793
230	8.439928
231	8.231052
232	8.024251
233	8.022351
234	7.696565
235	7.631894
236	8.411860
237	7.991242
238	8.009279
239	8.223557
240	8.163265
241	8.129636
242	7.921894
243	8.660741
244	9.020111
245	8.793637
246	8.634882
247	8.583471
248	8.542254
249	7.792375
250	8.207008
251	8.240077
252	9.628564
253	8.154020
254	8.176264
255	7.820263
256	8.156891
257	7.415150
258	8.599079
259	8.496404
260	8.535681
261	7.985105
262	8.314181
263	8.896650
264	8.936746
265	8.923153
266	8.219409
267	8.082027
268	8.651413
269	9.047104
270	8.470950
271	8.648244
272	8.755253
273	7.922330
274	8.124421
275	9.293812
276	8.837879
277	9.127821
278	8.616776
279	9.750578
280	8.743574
281	8.583902
282	8.997167
283	9.254804
284	8.765190
285	8.194912
286	9.140537
287	8.858295
288	8.572202
289	8.718081
290	8.647607
291	8.593055
292	8.784243
293	7.909407
294	7.942550
295	8.481966
296	8.235969
297	7.074184
298	8.043201
299	7.640030
300	7.993702
301	8.819084
302	9.099700
303	7.845845
304	7.336844
305	7.814409
306	7.844009
307	7.013405
308	7.645744
309	7.959616
310	8.878300
311	7.914000
312	8.382344
313	7.928720
314	8.744741
315	8.565664
316	8.821776
317	7.550536
318	7.175925
319	9.525557
320	8.333511
321	7.475841
322	7.831897
323	8.480075
324	8.971361
325	7.594717
326	8.192949
327	7.848954
328	8.670400
329	7.904996
330	7.815185
331	7.999430
332	7.996412
333	9.066669
334	8.261604
335	8.290495
336	8.494057
337	8.774527
338	8.411934
339	8.282597
340	8.944468
341	8.137794
342	8.070263
343	8.412686
344	8.238256
345	8.242846
346	8.466854
347	8.605569
348	8.071035
349	7.558841
350	9.369680
351	8.417953
352	9.224772
353	8.801400
354	9.071908
355	9.696453
356	8.016319
357	8.477302
358	8.571751
359	8.742873
360	8.677726
361	7.998099
362	9.814593
363	9.367276
364	9.636646
365	9.356169
366	9.732105
367	8.706050
368	8.984392
369	9.313422
370	8.306854
371	8.183057
372	8.548666
373	8.067826
374	8.163970
375	8.481006
376	8.213509
377	8.659364
378	7.967650
379	8.245811
380	7.721395
381	9.400867
382	8.745683
383	8.553063
384	8.936202
385	8.677845
386	8.540408
387	9.028831
388	7.111752
389	8.817035
390	9.241198
391	8.530499
392	7.804262
393	7.778926
394	7.429710
395	8.159100
396	7.899651
397	8.261022
398	8.042271
399	7.477439
400	8.911412
401	7.419460
402	7.806265
403	8.527814
404	9.145043
405	8.992489
406	8.598338
407	7.954231
408	7.955446
409	8.531855
410	8.377315
411	8.922031
412	8.928881
413	8.378984
414	7.938704
415	8.192881
416	7.979335
417	8.083428
418	8.795238
419	8.844275
420	8.511714
421	8.290689
422	8.932053
423	10.144880
424	9.349254
425	8.071462
426	8.453200
427	8.336151
428	7.742776
429	8.577131
430	8.352738
431	8.864139
432	7.306936
433	7.304507
434	6.824470
435	8.145800
436	6.898407
437	8.008016
438	7.162082
439	8.075853
440	8.106974
441	7.202088
442	7.362684
443	7.539727
444	8.478190
445	7.490567
446	6.184697
447	5.758690
448	7.924203
449	7.274943
450	4.880164
451	6.293592
452	7.529441
453	7.031793
454	7.091087
455	7.859937
456	6.785354
457	6.428212
458	5.875389
459	5.520454
460	6.062812
461	5.400303
462	5.275225
463	6.926066
464	6.256668
465	6.356879
466	5.485001
467	6.466512
468	7.345542
469	7.296533
470	7.712988
471	7.488606
472	7.274982
473	6.703654
474	8.358805
475	7.457627
476	6.560137
477	7.353953
478	6.567389
479	6.872307
480	7.383745
481	7.330724
482	6.965197
483	7.511784
484	6.995267
485	7.506315
486	7.695615
487	6.351669
488	6.741581
489	6.745171
490	6.193271
491	7.477078
492	6.217667
493	8.800286
494	9.051745
495	8.742184
496	8.504762
497	7.520983
498	7.606741
499	7.266596
500	8.123206
501	6.774954
502	8.417095
503	8.118841
504	6.819724
505	7.969121
506	6.856683
507	7.054390
508	6.814355
509	7.188608
510	6.997465
511	7.394225
512	7.127763
513	6.903667
514	7.728132
515	6.721510
516	6.980695
517	6.779664
518	6.866870
519	6.925013
520	5.287778
521	7.758769
522	7.572427
523	7.356466
524	6.893433
525	7.681477
526	7.960741
527	6.734708
528	7.299015
529	7.177285
530	7.834321
531	7.482212
532	6.210523
533	6.354161
534	6.175200
535	6.183858
536	7.560774
537	6.618670
538	6.570243
539	5.957029
540	5.926618
541	7.164948
542	7.094301
543	5.386806
544	5.720000
545	5.540523
546	5.582743
547	5.825840
548	6.075354
549	6.576365
550	5.850102
551	6.640343
552	6.449811
553	6.072338
554	5.423529
555	5.765119
556	5.812204
557	6.029545
558	6.133240
559	5.471186
560	5.304166
561	7.662024
562	7.321599
563	7.723942
564	7.103979
565	7.881625
566	8.371195
567	8.272006
568	7.175423
569	6.307481
570	7.110766
571	6.696334
572	5.957165
573	5.410590
574	8.531287
575	8.147326
576	4.886105
577	5.267789
578	10.657434
579	6.014862
580	5.879599
581	5.424133
582	6.704171
583	5.245007
584	7.074891
585	5.727032
586	5.022368
587	5.255835
588	5.904457
589	9.759574
590	12.602591
591	13.921690
592	11.035876
593	7.981329
594	8.090801
595	7.302609
596	6.579194
597	8.131236
598	7.661293
599	6.430955
600	6.875041
601	8.047499
602	5.846323
603	5.726554
604	5.912205
605	9.785406
606	8.260350
607	8.651351
608	8.380615
609	6.757374
610	6.590727
611	5.309462
612	6.087479
613	6.887103
614	5.603401
615	7.232006
616	6.603470
617	7.389304
618	6.141441
619	7.647936
620	6.807444
621	6.891373
622	7.363028
623	8.259171
624	5.245656
625	5.853802
626	6.885245
627	6.386893
628	6.875821
629	6.768433
630	6.923473
631	6.335423
632	6.862026
633	6.690808
634	5.706750
635	6.511045
636	7.446591
637	6.250344
638	6.705266
639	6.623066
640	5.760953
641	5.767044
642	6.545701
643	5.666109
644	6.942817
645	7.403748
646	8.609210
647	6.610575
648	5.785274
649	5.965392
650	7.660243
651	6.083591
652	6.455183
653	6.588604
654	7.543322
655	7.769486
656	7.233930
657	6.019394
658	7.032362
659	7.053147
660	5.699228
661	5.890032
662	6.217766
663	6.120662
664	6.970659
665	7.102633
666	8.042574
667	8.995929
668	8.456714
669	7.007617
670	7.773350
671	6.676863
672	8.405459
673	7.382862
674	7.275350
675	7.291844
676	7.671414
677	7.235289
678	7.848885
679	6.951634
680	8.004710
681	8.456323
682	7.193345
683	7.385561
684	7.525755
685	8.388474
686	7.152720
687	8.436029
688	7.563711
689	6.636671
690	7.945465
691	9.196729
692	8.868339
693	8.413858
694	8.750783
695	8.630383
696	8.745407
697	7.327358
698	8.643784
699	7.425746
700	7.978276
701	6.486919
702	7.819087
703	7.627077
704	7.797917
705	7.986643
706	6.925792
707	7.821377
708	7.452311
709	8.923017
710	8.510468
711	7.758777
712	8.320992
713	7.914429
714	8.216440
715	7.987597
716	6.790979
717	8.479583
718	7.650812
719	8.390526
720	8.319575
721	7.416366
722	7.448415
723	7.706903
724	8.522710
725	9.172528
726	7.779955
727	7.005918
728	8.414899
729	8.859064
730	8.036058
731	7.771906
732	8.826069
733	7.664941
734	7.352021
735	6.590789
736	6.308067
737	5.525531
738	5.150517
739	4.790105
740	4.992653
741	6.165948
742	6.178348
743	5.990935
744	5.477600
745	5.456685
746	7.107607
747	6.465182
748	7.474669
749	6.592973
750	6.282070
751	6.454441
752	7.700189
753	5.945443
754	5.782092
755	6.485846
756	7.979411
757	6.881773
758	6.894991
759	7.867611
760	7.159868
761	7.565354
762	5.534057
763	5.385954
764	6.118775
765	5.615808
766	6.894128
767	8.004019
768	7.443731
769	6.636225
770	6.779396
771	7.679233
772	7.951787
773	8.086799
774	7.489760
775	7.891801
776	7.265775
777	6.754210
778	7.151460
779	5.978210
780	8.557698
781	7.126409
782	8.150571
783	8.341211
784	8.660997
785	8.307970
786	9.342537
787	8.720835
788	9.083860
789	9.034766
790	9.506886
791	8.673558
792	9.475536
793	7.599040
794	8.252485
795	6.725280
796	7.337915
797	7.396743
798	8.775654
799	9.491122
800	8.656954
801	9.372937
802	9.166591
803	8.253175
804	9.113686
805	8.998598
806	9.399673
807	8.595741
808	6.384968
809	8.839294
810	8.483541
811	9.022726
812	7.234569
813	6.963467
814	5.351308
815	6.895733
816	9.310758
817	8.764051
818	8.702004
819	9.711189
820	9.709682
821	8.774400
822	9.331077
823	6.955271
824	9.866850
825	9.333408
826	10.032537
827	9.963429
828	9.542519
829	8.921350
830	8.999811
831	8.059218
832	8.935401
833	8.685850
834	7.320751
835	9.328113
836	7.761527
837	7.900422
838	9.121388
839	7.835165
840	8.633656
841	7.920233
842	8.491326
843	8.533212
844	7.574458
845	9.094747
846	8.993767
847	8.367927
848	8.335592
849	7.500474
850	8.249804
851	8.750334
852	7.911042
853	10.042721
854	8.882827
855	8.129990
856	7.912036
857	7.562980
858	8.592193
859	7.155571
860	8.093312
861	7.608763
862	8.500556
863	8.529543
864	8.942630
865	10.195790
866	7.474883
867	9.018029
868	7.665856
869	9.506893
870	9.150745
871	7.653976
872	7.289809
873	9.602342
874	8.846468
875	9.081966
876	8.489348
877	8.833444
878	8.273456
879	9.193338
880	9.348190
881	9.095452
882	9.108445
883	8.167994
884	8.829417
885	9.894689
886	8.880931
887	8.614365
888	8.778120
889	7.026390
890	7.043857
891	8.068805
892	7.667108
893	8.671942
894	9.380333
895	8.176643
896	7.508614
897	8.572050
898	7.645670
899	8.210401
900	6.571908
901	9.021619
902	8.830998
903	9.120801
904	9.138709
905	7.959213
906	8.339830
907	8.758117
908	8.416228
909	8.957956
910	9.235516
911	8.337465
912	9.856753
913	8.744112
914	8.814765
915	7.450881
916	9.067226
917	7.920393
918	6.708876
919	8.301579
920	6.741098
921	9.220890
922	7.054723
923	6.419409
924	6.317793
925	8.644883
926	9.547785
927	6.077440
928	6.871171
929	6.392759
930	5.994846
931	6.528857
932	6.672735
933	6.624953
934	7.136167
935	6.955388
936	7.159671
937	7.325640
938	7.240557
939	7.221561
940	8.087114
941	7.996619
942	7.752836
943	8.256450
944	8.172080
945	7.812885
946	8.641932
947	8.743938
948	7.110625
949	6.864190
950	6.345284
951	7.940396
952	7.341702
953	7.298077
954	8.146626
955	10.536231
956	10.963218
957	9.729266
958	8.659313
959	9.381673
960	10.704920
961	8.453308
962	8.636093
963	8.606777
964	7.450813
965	6.983619
966	8.531311
967	9.860473
968	8.602361
969	8.911122
970	8.110550
971	10.376564
972	7.514533
973	8.263927
974	7.087370
975	6.407761
976	6.970695
977	8.162207
978	7.414189
979	6.561292
980	6.925188
981	7.437862
982	6.477850
983	8.125177
984	6.870613
985	7.694725
986	7.738998
987	8.560410
988	7.867815
989	7.413340
990	7.918675
991	9.348166
992	8.275882
993	7.450874
994	7.566935
995	8.317897
996	8.228907
997	7.468235
998	7.689149
999	6.096499
1000	7.266396
1001	6.726352
1002	8.257665
1003	8.098461
1004	8.603292
1005	7.471581
1006	7.943682
1007	7.267868
1008	7.020664
1009	7.261228
1010	6.584418
1011	6.994348
1012	7.154975
1013	9.436767
1014	7.219030
1015	7.266260
1016	7.393579
1017	7.204570
1018	8.425783
1019	9.697922
1020	8.040030
1021	8.804372
1022	8.273312
1023	7.361388
1024	7.460755
1025	7.316959
1026	6.752222
1027	7.915867
1028	7.427956
1029	7.516518
1030	7.213372
1031	7.278634
1032	6.588801
1033	7.645404
1034	6.284976
1035	6.701061
1036	6.860423
1037	8.564369
1038	9.471016
1039	7.472710
1040	7.977130
1041	8.638452
1042	7.035779
1043	7.572973
1044	7.802186
1045	7.535443
1046	8.470023
1047	8.945125
1048	6.821397
1049	8.590012
1050	8.343415
1051	7.911643
1052	8.804743
1053	7.403256
1054	8.008720
1055	7.469812
1056	7.397252
1057	8.806761
1058	8.115256
1059	8.627509
1060	8.052135
1061	8.497885
1062	8.248818
1063	7.650972
1064	7.734307
1065	7.445878
1066	7.519378
1067	8.309667
1068	7.462200
1069	7.260729
1070	8.603027
1071	8.031559
1072	8.644679
1073	7.884472
1074	8.076216
1075	8.866556
1076	7.356877
1077	7.718315
1078	7.975745
1079	7.961721
1080	8.981453
1081	7.858817
1082	7.777691
1083	8.806505
1084	7.495775
1085	8.122869
1086	8.331481
1087	7.308186
1088	8.259234
1089	8.270940
1090	8.579966
1091	6.813319
1092	6.540483
1093	7.789640
1094	7.992561
1095	8.670952
1096	7.383835
1097	8.091637
1098	8.162587
1099	7.858557
1100	8.053045
1101	8.480431
1102	8.371387
1103	7.663199
1104	7.674091
1105	8.710690
1106	7.757377
1107	8.750509
1108	6.856897
1109	7.720133
1110	8.025790
1111	7.881835
1112	7.611190
1113	8.405432
1114	7.528260
1115	7.745178
1116	7.914598
1117	7.698605
1118	7.852477
1119	7.598121
1120	6.855835
1121	6.918460
1122	7.434014
1123	7.321409
1124	7.364128
1125	7.711479
1126	8.165405
1127	7.699891
1128	7.485705
1129	9.114476
1130	7.812740
1131	8.379292
1132	7.714876
1133	8.071829
1134	8.175264
1135	7.636602
1136	7.574600
1137	8.902231
1138	9.091723
1139	8.014899
1140	8.172306
1141	7.402864
1142	8.538687
1143	7.212866
1144	8.328662
1145	7.998057
1146	7.061070
1147	7.543122
1148	7.216721
1149	9.288454
1150	8.197402
1151	8.505156
1152	7.862658
1153	9.131502
1154	8.669613
1155	7.994652
1156	8.188295
1157	6.697127
1158	6.882627
1159	7.894313
1160	8.235436
1161	8.508568
1162	10.412820
1163	9.512503
1164	9.630025
1165	9.655519
1166	9.471308
1167	9.161533
1168	10.301675
1169	8.935531
1170	9.798392
1171	9.480997
1172	9.459051
1173	9.652493
1174	7.343158
1175	7.721725
1176	8.460185
1177	8.082040
1178	8.545395
1179	8.326833
1180	8.439446
1181	7.793645
1182	7.921501
1183	8.364626
1184	8.906413
1185	7.154955
1186	7.825332
1187	8.041770
1188	7.767694
1189	7.808628
1190	8.582576
1191	7.214890
1192	8.508183
1193	7.083149
1194	7.501791
1195	7.308003
1196	7.774844
1197	8.081306
1198	7.863625
1199	7.880064
1200	8.841319
1201	7.579339
1202	7.563285
1203	8.858140
1204	8.486995
1205	8.002851
1206	8.629746
1207	8.487797
1208	7.033247
1209	7.298894
1210	7.143205
1211	7.120097
1212	7.766266
1213	7.640976
1214	8.326711
1215	7.957576
1216	8.082291
1217	7.421268
1218	7.549232
1219	8.724272
1220	7.864916
1221	6.822494
1222	7.358981
1223	7.210139
1224	7.359384
1225	7.507769
1226	8.183893
1227	8.070503
1228	8.872864
1229	8.527705
1230	7.814691
1231	9.005913
1232	8.569392
1233	7.302752
1234	7.580555
1235	7.819904
1236	7.529741
1237	7.645189
1238	7.143689
1239	7.024423
1240	7.466358
1241	7.678450
1242	7.444206
1243	7.488785
1244	7.393368
1245	7.879403
1246	6.820894
1247	7.828875
1248	7.285973
1249	7.187423
1250	8.697386
1251	7.479265
1252	7.533430
1253	7.980055
1254	7.744785
1255	7.504434
1256	8.004767
1257	8.116959
1258	7.618832
1259	7.558169
1260	8.715102
1261	7.044755
1262	7.931388
1263	7.930938
1264	7.858982
1265	7.443035
1266	7.628871
1267	8.100039
1268	9.307553
1269	8.810796
1270	7.780509
1271	7.901561
1272	7.360849
1273	7.459989
1274	7.278428
1275	7.734202
1276	9.081663
1277	7.739871
1278	8.197190
1279	7.577929
1280	7.323092
1281	6.910039
1282	7.439442
1283	7.000177
1284	6.918345
1285	6.176907
1286	7.035515
1287	8.459423
1288	7.391531
1289	7.023798
1290	7.105515
1291	7.155397
1292	9.153414
1293	8.827492
1294	8.030810
1295	8.132486
1296	7.111695
1297	6.832850
1298	7.053889
1299	7.451803
1300	7.989047
1301	8.752999
1302	8.213704
1303	7.766613
1304	7.729036
1305	7.358291
1306	7.766057
1307	7.977880
1308	7.638941
1309	8.359776
1310	8.331642
1311	7.699926
1312	9.701508
1313	9.748672
1314	9.358313
1315	8.561689
1316	7.336085
1317	7.959682
1318	8.050673
1319	8.669909
1320	10.463332
1321	9.161501
1322	8.199550
1323	8.046544
1324	7.725192
1325	7.508995
1326	10.226023
1327	9.910104
1328	9.367223
1329	9.590338
1330	8.407977
1331	7.865531
1332	7.251924
1333	7.699262
1334	7.487120
1335	7.469971
1336	7.640868
1337	8.021229
1338	7.074077
1339	7.893378
1340	8.316544
1341	7.715313
1342	7.394681
1343	8.553477
1344	9.874359
1345	7.255577
1346	10.143321
1347	8.776656
1348	7.882602
1349	8.960054
1350	9.472033
1351	9.162460
1352	8.548013
1353	8.702121
1354	9.139608
1355	9.747419
1356	9.951046
1357	8.935822
1358	9.082229
1359	9.224632
1360	9.176235
1361	10.821437
1362	10.346461
1363	11.450560
1364	10.923025
1365	9.550836
1366	8.547169
1367	10.012003
1368	9.000585
1369	9.397326
1370	9.022540
1371	10.179261
1372	9.503313
1373	9.280013
1374	10.039368
1375	9.747131
1376	9.158463
1377	9.773342
1378	9.783691
1379	9.818557
1380	9.298913
1381	8.781834
1382	8.526384
1383	9.099177
1384	9.643279
1385	9.734809
1386	8.726263
1387	8.407588
1388	8.435858
1389	8.688522
1390	8.874963
1391	8.016122
1392	8.453997
1393	8.770569
1394	9.319880
1395	8.465983
1396	8.564269
1397	9.180851
1398	8.379674
1399	8.600476
1400	9.017480
1401	9.828903
1402	7.782381
1403	7.908760
1404	9.266384
1405	8.683242
1406	8.526677
1407	8.940475
1408	8.423497
1409	8.563151
1410	8.489363
1411	8.909019
1412	8.075370
1413	8.307442
1414	9.499237
1415	8.711561
1416	9.553607
1417	9.967192
1418	8.253810
1419	7.506656
1420	7.353313
1421	9.039542
1422	8.903691
1423	10.406787
1424	7.936882
1425	7.295863
1426	7.241974
1427	7.198867
1428	8.096246
1429	9.387939
1430	8.325221
1431	9.187760
1432	9.103680
1433	8.596568
1434	8.352439
1435	8.007733
1436	7.979254
1437	7.757461
1438	7.399683
1439	7.533851
1440	7.572536
1441	7.633144
1442	7.895732
1443	7.189848
1444	7.383699
1445	8.175548
1446	7.756638
1447	7.975301
1448	8.187165
1449	7.936583
1450	8.489825
1451	8.182796
1452	8.174878
1453	8.030131
1454	7.997907
1455	8.139618
1456	7.507767
1457	7.964181
1458	7.813176
1459	8.495194
1460	8.411096
1461	8.278596
1462	7.875569
1463	9.197048
1464	8.050683
1465	8.707434
1466	8.360509
1467	7.930663
1468	8.028085
1469	9.255196
1470	8.887138
1471	9.761211
1472	9.174122
1473	8.034028
1474	8.117348
1475	7.312468
1476	7.490299
1477	7.201132
1478	7.950172
1479	7.505446
1480	7.501094
1481	7.913092
1482	7.684950
1483	7.731664
1484	7.791079
1485	8.405482
1486	8.385524
1487	8.478831
1488	7.475918
1489	8.641878
1490	8.856519
1491	9.514646
1492	9.744931
1493	9.867144
1494	8.897761
1495	9.199267
1496	7.509426
1497	7.704405
1498	6.770426
1499	7.213687
1500	8.022067
1501	8.802970
1502	7.562706
1503	7.417496
1504	7.182554
1505	8.221319
1506	7.754488
1507	7.675605
1508	7.893244
1509	7.597263
1510	7.623000
1511	7.964167
1512	7.579076
1513	7.918265
1514	7.802922
1515	7.782197
1516	7.242000
1517	7.017126
1518	7.644437
1519	8.221987
1520	7.666977
1521	7.859771
1522	8.592486
1523	8.187275
1524	7.781812
1525	7.992802
1526	7.717699
1527	8.036882
1528	8.063417
1529	7.833141
1530	8.658549
1531	7.481524
1532	7.458907
1533	7.689826
1534	7.611289
1535	7.642178
1536	7.776028
1537	7.326998
1538	8.385433
1539	7.550967
1540	7.028839
1541	7.569981
1542	7.865439
1543	6.746650
1544	7.281991
1545	8.323148
1546	7.019577
1547	8.617473
1548	7.743384
1549	7.529814
1550	7.080628
1551	7.164135
1552	7.600032
1553	7.283576
1554	7.429041
1555	7.553509
1556	7.879244
1557	7.929699
1558	7.368442
1559	7.112508
1560	7.541860
1561	8.512990
1562	7.123963
1563	7.657221
1564	8.311520
1565	7.519711
1566	8.371769
1567	8.036598
1568	8.289955
1569	7.119143
1570	7.231943
1571	7.905826
1572	8.437593
1573	7.545549
1574	7.683255
1575	7.889714
1576	7.264680
1577	7.046951
1578	7.104613
1579	6.839161
1580	7.441815
1581	6.600077
1582	7.773513
1583	8.005454
1584	8.387825
1585	8.261562
1586	8.953023
1587	9.513911
1588	9.542148
1589	7.800431
1590	6.877835
1591	8.715989
1592	7.138106
1593	8.996430
1594	8.152988
1595	7.256955
1596	7.170537
1597	7.481318
1598	7.851680
1599	8.141513
1600	7.567358
1601	7.388381
1602	7.935906
1603	10.276305
1604	7.475570
1605	7.960566
1606	8.247733
1607	7.923403
1608	8.572873
1609	9.848903
1610	8.996828
1611	9.213971
1612	7.905173
1613	8.349382
1614	8.289886
1615	8.063634
1616	8.231924
1617	9.015564
1618	8.992965
1619	8.057596
1620	9.080139
1621	8.757797
1622	7.509041
1623	8.890364
1624	7.731292
1625	8.766410
1626	8.396797
1627	7.884627
1628	7.845356
1629	7.840518
1630	8.573129
1631	7.828531
1632	8.068336
1633	7.530812
1634	7.510845
1635	7.944699
1636	8.012197
1637	7.583513
1638	8.524680
1639	8.432153
1640	8.186213
1641	7.476956
1642	8.273851
1643	7.861715
1644	8.028467
1645	8.320793
1646	8.848090
1647	9.190187
1648	7.110117
1649	8.239594
1650	7.258986
1651	8.503692
1652	9.024557
1653	8.109136
1654	9.195085
1655	7.834571
1656	8.633255
1657	8.289912
1658	8.828262
1659	8.606236
1660	8.705462
1661	7.532948
1662	8.532374
1663	9.140974
1664	8.687498
1665	8.742455
1666	8.041231
1667	8.461831
1668	8.645327
1669	8.626173
1670	8.859308
1671	8.427199
1672	9.200246
1673	8.046581
1674	7.325824
1675	7.951135
1676	9.266047
1677	9.514897
1678	8.727727
1679	8.863797
1680	8.510107
1681	8.161429
1682	7.983210
1683	6.971693
1684	7.223976
1685	8.345494
1686	8.003686
1687	8.135045
1688	8.062674
1689	8.103777
1690	8.635939
1691	7.806195
1692	8.560096
1693	8.808321
1694	9.575578
1695	10.314948
1696	7.918468
1697	8.709389
1698	7.876111
1699	6.925123
1700	7.895396
1701	8.282875
1702	7.627903
1703	7.863331
1704	9.738680
1705	7.527797
1706	8.982032
1707	8.780219
1708	8.592452
1709	9.245527
1710	10.095877
1711	8.274302
1712	7.685694
1713	7.468526
1714	8.254611
1715	7.117160
1716	10.619769
1717	10.634490
1718	12.133674
1719	10.349220
1720	10.582936
1721	8.104481
1722	8.959919
1723	9.850204
1724	7.894287
1725	7.686260
1726	8.488569
1727	6.228375
1728	7.585069
1729	7.501114
1730	9.388640
1731	8.671988
1732	7.990734
1733	7.901075
1734	7.599913
1735	7.250610
1736	8.236052
1737	6.810073
1738	9.110486
1739	8.794162
1740	8.757094
1741	7.235038
1742	7.812921
1743	7.584060
1744	9.102119
1745	7.276133
1746	7.462793
1747	7.340261
1748	8.247103
1749	7.400094
1750	8.239356
1751	8.972874
1752	8.907606
1753	7.794282
1754	9.530273
0	6.507780
1	6.463444
2	6.432400
3	6.524683
4	8.082246
5	7.427989
6	7.557014
7	7.738644
8	8.997145
9	8.723537
10	9.937249
11	11.516791
12	10.419986
13	10.777704
14	12.935040
15	11.553587
16	12.099509
17	12.165758
18	12.115005
19	12.244333
20	11.693790
21	13.364933
22	13.444922
23	13.119105
24	14.981224
25	12.114017
26	12.995146
27	13.325606
28	13.116829
29	12.806676
30	13.175982
31	13.855666
32	13.460404
33	12.411744
34	12.391631
35	11.541968
36	11.345706
37	11.224071
38	9.777291
39	9.206336
40	11.274755
41	8.878255
42	7.616474
43	9.211695
44	11.159753
45	11.507711
46	11.767673
47	10.831607
48	11.331342
49	13.218883
50	13.061102
51	12.485661
52	12.492791
53	12.042648
54	12.575235
55	13.844166
56	13.496171
57	17.144114
58	15.685627
59	16.341667
60	16.962196
61	15.889372
62	13.976517
63	13.121169
64	13.148030
65	12.545650
66	12.883763
67	13.105816
68	12.567647
69	12.900400
70	12.822186
71	14.994445
72	18.716993
73	16.550905
74	15.324348
75	14.835191
76	15.737231
77	16.568846
78	16.972946
79	18.815538
80	18.008980
81	15.654942
82	17.421867
83	15.280190
84	12.572108
85	12.791693
86	13.008703
87	13.205871
88	14.813418
89	13.563990
90	14.186561
91	14.978028
92	12.535185
93	13.154851
94	13.791265
95	13.412166
96	13.087746
97	14.126391
98	13.646586
99	13.141789
100	12.974886
101	14.148756
102	13.484047
103	12.977685
104	13.358244
105	13.463976
106	13.246921
107	13.159364
108	13.558990
109	12.934503
110	13.597918
111	13.300146
112	12.867982
113	13.180612
114	13.018603
115	13.107839
116	12.707730
117	13.488879
118	14.711248
119	15.590932
120	15.509206
121	15.141499
122	14.640869
123	14.387119
124	14.150937
125	15.198647
126	14.097342
127	13.294599
128	14.824914
129	14.651196
130	10.725544
131	12.136826
132	11.491964
133	12.285250
134	11.680169
135	12.355539
136	11.366987
137	13.719435
138	13.493565
139	13.593843
140	12.981178
141	13.576876
142	13.249928
143	13.241210
144	13.307292
145	14.125790
146	13.126132
147	13.600884
148	13.885653
149	13.662288
150	13.209520
151	13.436918
152	13.140111
153	13.315718
154	12.458694
155	12.911780
156	12.441684
157	12.956545
158	14.187860
159	14.521157
160	14.388864
161	14.590088
162	14.299319
163	13.405736
164	14.850868
165	13.626992
166	14.310531
167	14.361197
168	15.827590
169	14.114020
170	17.824966
171	15.423673
172	14.552614
173	13.334123
174	13.495199
175	12.928656
176	13.087113
177	13.361667
178	13.507814
179	12.467694
180	13.889784
181	15.552403
182	11.905920
183	13.045965
184	14.774415
185	16.052414
186	15.143581
187	13.067810
188	11.736249
189	14.205907
190	14.100090
191	15.263779
192	18.292395
193	20.733416
194	20.367296
195	21.753130
196	23.346508
197	22.979986
198	24.240902
199	22.672585
200	22.964437
201	21.754137
202	22.395041
203	23.144938
204	24.101191
205	22.614405
206	23.626074
207	25.869381
208	25.069317
209	21.043921
210	22.045284
211	22.156836
212	23.870539
213	23.737335
214	22.704504
215	22.786554
216	23.456894
217	22.797531
218	21.739132
219	20.443457
220	21.798101
221	21.428907
222	19.910002
223	20.533974
224	19.612431
225	18.791473
226	18.791485
227	19.069286
228	20.870691
229	20.300957
230	20.843283
231	20.018667
232	20.702127
233	21.609446
234	21.365574
235	20.477264
236	19.753689
237	20.759262
238	20.939009
239	20.180792
240	21.367857
241	20.348257
242	19.514750
243	20.321869
244	20.578608
245	22.095144
246	22.568138
247	22.473719
248	22.532173
249	21.951998
250	21.481533
251	23.269241
252	21.106688
253	21.483225
254	21.140297
255	21.777042
256	20.770775
257	22.017054
258	22.141809
259	22.059532
260	20.079546
261	18.454632
262	17.834108
263	17.840229
264	18.109024
265	18.180124
266	18.020111
267	18.109516
268	18.348825
269	18.233662
270	18.138788
271	17.841436
272	18.687786
273	18.064522
274	18.363062
275	18.225130
276	18.296682
277	17.296310
278	17.701902
279	17.980762
280	17.788403
281	18.375093
282	18.085569
283	17.539595
284	18.457273
285	18.198486
286	18.528524
287	17.585987
288	18.676323
289	17.276854
290	19.042156
291	17.214197
292	18.464167
293	18.037979
294	17.889139
295	17.769312
296	17.536674
297	16.918802
298	18.975363
299	18.690535
300	18.058992
301	17.525227
302	19.175907
303	18.414181
304	19.654518
305	18.451033
306	17.143103
307	17.864138
308	17.324978
309	17.262161
310	17.519867
311	17.250256
312	17.072742
313	17.903683
314	18.006243
315	18.085337
316	17.455339
317	18.962093
318	18.171795
319	17.140072
320	17.764616
321	17.500917
322	18.341133
323	19.291702
324	17.460337
325	17.938431
326	17.861420
327	17.369236
328	17.686369
329	17.840792
330	17.546131
331	17.846771
332	18.969160
333	19.884224
334	19.503092
335	19.838507
336	17.854996
337	19.064566
338	18.938137
339	19.020098
340	19.985497
341	20.579449
342	20.717974
343	18.900978
344	18.641809
345	18.334244
346	18.068926
347	20.382801
348	21.151045
349	20.276970
350	20.559034
351	20.736790
352	19.383133
353	19.735744
354	19.603474
355	19.957041
356	19.918940
357	21.419586
358	21.974943
359	16.777954
360	18.568762
361	18.611691
362	19.188234
363	19.223452
364	17.983061
365	18.481579
366	18.399473
367	20.715553
368	19.553057
369	20.629225
370	18.194859
371	19.290012
372	17.814188
373	18.105837
374	19.062082
375	18.764288
376	18.243139
377	19.490597
378	20.567482
379	20.137501
380	19.520390
381	20.791681
382	20.089222
383	19.841341
384	19.539444
385	18.560575
386	19.892874
387	21.357424
388	20.201815
389	20.434114
390	19.593336
391	19.752562
392	21.533123
393	20.058329
394	20.443615
395	21.075047
396	19.279819
397	20.432703
398	20.214256
399	19.810400
400	21.375015
401	20.618113
402	19.978764
403	19.417614
404	20.199493
405	21.568504
406	19.466282
407	20.183084
408	20.710186
409	21.002703
410	20.668026
411	20.472481
412	20.330341
413	20.904388
414	20.412361
415	19.671232
416	18.860725
417	19.436289
418	19.602930
419	19.917450
420	20.081846
421	17.787695
422	21.275845
423	20.634506
424	20.422207
425	21.950367
426	21.168661
427	21.258610
428	21.180489
429	20.618219
430	20.666733
431	21.983206
432	20.885595
433	20.826332
434	20.561604
435	20.592861
436	19.686668
437	20.795671
438	21.134930
439	20.582573
440	21.128880
441	20.698065
442	21.232922
443	22.024733
444	20.897612
445	21.126699
446	21.446943
447	21.620441
448	21.615084
449	21.928349
450	21.094864
451	19.399940
452	17.617311
453	18.972467
454	17.579927
455	19.157570
456	21.631289
457	20.234678
458	18.362249
459	20.665369
460	18.945711
461	19.234304
462	19.095013
463	17.560690
464	20.482214
465	20.831606
466	21.341213
467	20.359570
468	21.840349
469	21.637836
470	21.394756
471	20.755362
472	21.543102
473	20.508652
474	19.552094
475	20.129810
476	21.429077
477	21.487020
478	21.885992
479	19.750891
480	20.855301
481	21.803684
482	21.036814
483	20.318367
484	23.531340
485	20.633831
486	20.591755
487	20.359453
488	22.379549
489	21.519251
490	20.713696
491	19.518656
492	18.866640
493	19.881170
494	22.230900
495	18.779121
496	18.681023
497	19.553455
498	21.055265
499	20.635080
500	19.502232
501	20.220934
502	20.739611
503	20.710503
504	20.439688
505	20.319658
506	20.346422
507	20.712633
508	20.779709
509	20.348238
510	19.756248
511	20.246840
512	21.098631
513	20.484787
514	20.646521
515	19.275866
516	19.975634
517	20.151939
518	21.338354
519	20.783033
520	20.886061
521	20.080662
522	20.180439
523	21.367102
524	21.023365
525	20.566702
526	20.836672
527	20.549055
528	19.880007
529	21.131821
530	21.351091
531	19.323753
532	19.444813
533	20.203112
534	20.322241
535	20.476101
536	19.163853
537	18.194849
538	20.120300
539	19.469593
540	18.017727
541	17.459721
542	17.969259
543	18.931774
544	18.558958
545	21.168680
546	19.659391
547	19.828672
548	18.298563
549	19.807367
550	19.019766
551	17.310606
552	18.110941
553	17.192787
554	18.835217
555	18.350067
556	18.416803
557	17.770536
558	18.390335
559	18.810564
560	18.090860
561	18.186775
562	17.499994
563	17.675085
564	18.188707
565	17.298431
566	18.036797
567	19.289494
568	18.163588
569	18.396730
570	18.609112
571	17.577944
572	18.150005
573	17.504822
574	18.281757
575	17.337740
576	17.633577
577	17.689167
578	18.424576
579	17.555845
580	18.111296
581	17.257582
582	19.370327
583	19.249306
584	19.139950
585	17.156307
586	17.820297
587	19.618517
588	19.254425
589	18.529825
590	17.310116
591	18.190821
592	17.363760
593	18.307556
594	19.067118
595	17.894495
596	18.648170
597	18.197863
598	18.422659
599	18.250332
600	18.306114
601	19.157883
602	18.851963
603	18.207251
604	19.215235
605	17.808270
606	18.307524
607	19.024954
608	18.299921
609	18.675196
610	17.645638
611	18.519100
612	18.974663
613	17.708353
614	18.405954
615	17.944532
616	17.517092
617	18.685646
618	17.869890
619	17.999100
620	17.609310
621	18.183783
622	18.711464
623	17.227369
624	18.425280
625	17.893980
626	18.469545
627	17.676918
628	18.114418
629	18.425781
630	17.754557
631	17.817320
632	18.112858
633	17.357533
634	18.487411
635	17.505802
636	18.179750
637	17.937092
638	17.915220
639	17.103512
640	18.932129
641	22.237026
642	21.124039
643	19.501135
644	18.197285
645	18.777390
646	19.582109
647	20.604324
648	21.488920
649	20.599804
650	20.268742
651	20.902216
652	20.029247
653	19.458895
654	20.455830
655	20.596254
656	19.958500
657	20.205769
658	21.599854
659	20.204058
660	20.498661
661	20.888214
662	20.014500
663	19.809582
664	20.546522
665	20.631395
666	20.380793
667	20.134884
668	19.534153
669	20.574635
670	19.326103
671	21.578701
672	21.609154
673	21.134916
674	23.418184
675	21.420330
676	23.937515
677	24.317974
678	24.511238
679	22.990129
680	23.353935
681	24.400717
682	23.154383
683	22.721273
684	22.698700
685	25.134586
686	24.770229
687	19.952984
688	20.022987
689	15.554209
690	15.241507
691	19.902718
692	16.561403
693	16.234646
694	13.128010
695	12.393178
696	13.298799
697	11.796840
698	12.836542
699	11.859801
700	12.285102
701	14.688135
702	14.074744
703	12.754671
704	13.335644
705	16.472723
706	14.669152
707	14.732745
708	14.655613
709	13.879142
710	12.756061
711	15.606925
712	15.380942
713	15.360955
714	13.287757
715	14.873967
716	14.119873
717	13.928820
718	15.642480
719	18.779980
720	14.399060
721	14.960554
722	13.724005
723	13.130993
724	16.173733
725	15.608146
726	16.084482
727	15.831467
728	16.949293
729	17.029629
730	16.655891
731	16.477636
732	19.193966
733	17.684032
734	16.465511
735	17.585009
736	16.961065
737	16.624096
738	17.010555
739	17.299889
740	18.510260
741	19.972727
742	17.793049
743	16.912207
744	16.930428
745	16.236221
746	16.787809
747	18.171419
748	17.611525
749	16.439779
750	17.738396
751	18.488529
752	17.073715
753	14.394697
754	13.122828
755	11.746953
756	12.424729
757	12.272595
758	10.229781
759	12.145786
760	10.701151
761	11.352098
762	11.449926
763	11.318766
764	11.935975
765	11.578360
766	10.895051
767	11.534283
768	12.376698
769	11.577444
770	10.802649
771	12.260074
772	10.840968
773	11.011167
774	11.134319
775	11.703017
776	11.234482
777	11.917127
778	11.990209
779	11.533751
780	11.503959
781	11.506627
782	12.183167
783	11.751351
784	12.275755
785	15.156909
786	13.042172
787	13.352233
788	12.916051
789	13.132894
790	12.060822
791	11.087059
792	12.779881
793	13.503093
794	12.823096
795	12.121628
796	10.964748
797	11.317184
798	10.863811
799	12.723030
800	12.239725
801	12.264035
802	14.071259
803	11.464047
804	10.951516
805	11.486587
806	10.057923
807	10.618211
808	10.407045
809	10.882477
810	10.393577
811	11.936724
812	10.689556
813	10.651611
814	11.156586
815	12.502986
816	13.574991
817	12.356330
818	11.652654
819	10.126979
820	11.860328
821	11.933242
822	11.332930
823	11.635201
824	11.671819
825	9.972994
826	11.453472
827	12.727801
828	10.677102
829	12.603513
830	12.713967
831	14.170938
832	12.261995
833	12.315788
834	11.952227
835	11.027884
836	10.855367
837	10.804583
838	12.320913
839	12.131518
840	11.218674
841	11.300377
842	11.188936
843	10.633987
844	10.577337
845	10.076212
846	10.375010
847	11.482811
848	9.570470
849	10.640127
850	11.430928
851	11.651801
852	9.733751
853	11.977465
854	10.015738
855	11.408881
856	10.283867
857	10.416432
858	11.806141
859	11.901310
860	12.477811
861	12.313003
862	13.202939
863	14.139304
864	14.813187
865	11.686909
866	11.476375
867	11.468001
868	14.876241
869	15.802197
870	14.444921
871	11.980376
872	11.013205
873	12.028555
874	11.868427
875	13.584338
876	12.065488
877	12.371200
878	11.950118
879	12.064676
880	12.734477
881	14.857106
882	12.748195
883	12.813877
884	12.462506
885	11.603023
886	12.435165
887	11.871533
888	11.804874
889	13.029728
890	11.165609
891	12.735914
892	13.955663
893	11.522366
894	14.377176
895	12.807603
896	13.979815
897	14.379381
898	15.837035
899	14.421412
900	13.407492
901	14.991674
902	17.013969
903	13.439426
904	12.335623
905	15.120084
906	15.072971
907	14.492064
908	14.828531
909	13.776317
910	15.234527
911	12.415199
912	12.993526
913	14.157581
914	16.430956
915	15.080204
916	14.058564
917	14.212908
918	14.972631
919	13.431950
920	12.798364
921	12.352941
922	12.865711
923	12.560122
924	13.463048
925	13.839744
926	13.286701
927	13.823682
928	14.131328
929	13.318921
930	12.650957
931	12.533490
932	11.565457
933	10.752902
934	11.682509
935	13.444436
936	15.944562
937	12.485235
938	12.364662
939	11.304698
940	12.157903
941	13.176305
942	13.546762
943	11.903481
944	12.313531
945	12.107937
946	13.369723
947	15.723994
948	15.210453
949	17.019249
950	15.327474
951	17.602493
952	18.011889
953	19.167269
954	19.290152
955	13.351368
956	12.457850
957	14.272470
958	15.056191
959	15.495005
960	14.594237
961	16.329344
962	15.721001
963	12.424335
964	14.157391
965	12.554726
966	13.271565
967	16.360985
968	16.154881
969	12.518862
970	12.491096
971	11.966439
972	13.505497
973	13.594539
974	12.099050
975	9.865953
976	10.557580
977	9.875385
978	11.538308
979	12.244408
980	12.104589
981	13.469702
982	13.635674
983	12.369165
984	11.966213
985	13.159812
986	12.644104
987	12.012549
988	12.281369
989	11.567661
990	12.615372
991	11.116298
992	11.199339
993	10.848267
994	10.653348
995	10.722653
996	10.706147
997	11.700410
998	11.021225
999	12.613711
1000	11.921950
1001	15.109288
1002	13.735705
1003	13.920334
1004	13.626184
1005	11.751656
1006	11.946338
1007	14.100178
1008	12.163039
1009	9.778539
1010	10.493759
1011	10.016473
1012	12.745799
1013	12.285741
1014	11.879251
1015	12.288121
1016	12.048510
1017	11.827581
1018	12.754971
1019	12.119790
1020	12.907495
1021	12.932401
1022	13.102225
1023	12.235526
1024	13.649725
1025	11.817009
1026	10.249185
1027	13.200595
1028	12.644820
1029	12.588222
1030	12.896983
1031	11.370002
1032	13.628998
1033	10.754253
1034	12.839356
1035	11.696827
1036	10.459119
1037	9.974393
1038	11.473684
1039	11.403161
1040	12.330462
1041	14.358730
1042	14.595424
1043	14.395559
1044	20.144047
1045	15.628337
1046	18.357052
1047	24.013964
1048	24.091188
1049	22.818836
1050	23.282352
1051	19.639517
1052	19.579063
1053	22.709024
1054	21.346771
1055	20.657934
1056	21.236813
1057	18.837458
1058	22.201662
1059	23.551777
1060	22.273569
1061	23.512220
1062	22.793022
1063	21.836466
1064	19.815752
1065	20.486916
1066	22.951593
1067	21.624819
1068	21.318195
1069	21.854847
1070	20.733658
1071	22.986111
1072	23.444769
1073	24.439734
1074	21.971121
1075	22.629555
1076	23.114332
1077	24.708115
1078	23.629366
1079	26.138947
1080	27.450386
1081	26.068710
1082	24.518837
1083	24.997955
1084	24.427814
1085	27.694498
1086	29.776911
1087	29.557604
1088	28.459166
1089	27.566448
1090	27.681831
1091	27.404327
1092	25.322937
1093	24.714182
1094	28.032578
1095	27.931683
1096	28.681770
1097	27.773479
1098	26.872082
1099	27.001942
1100	24.447992
1101	26.382708
1102	26.852608
1103	25.585953
1104	26.704079
1105	27.452288
1106	26.026096
1107	25.049562
1108	25.412729
1109	26.188173
1110	25.808249
1111	27.006002
1112	24.134113
1113	25.908611
1114	25.965115
1115	25.504751
1116	25.820826
1117	25.989323
1118	25.199425
1119	25.393265
1120	24.483559
1121	26.158415
1122	25.724705
1123	25.433203
1124	25.976582
1125	25.704538
1126	29.696344
1127	28.228401
1128	28.957304
1129	23.400852
1130	25.279871
1131	23.317568
1132	15.829407
1133	22.055794
1134	21.291529
1135	24.396397
1136	26.881893
1137	27.736574
1138	28.880384
1139	27.377522
1140	27.093689
1141	27.771160
1142	27.940428
1143	25.985819
1144	26.625711
1145	25.888168
1146	26.779406
1147	25.344225
1148	27.128515
1149	26.372486
1150	27.178259
1151	27.155647
1152	26.350403
1153	26.338673
1154	26.487122
1155	25.167759
1156	24.725748
1157	26.736580
1158	25.339497
1159	26.808870
1160	25.546339
1161	26.570316
1162	23.548962
1163	24.246971
1164	23.671963
1165	18.474852
1166	25.291336
1167	23.692987
1168	23.302490
1169	21.665384
1170	24.079628
1171	23.366402
1172	25.190392
1173	26.917131
1174	26.994144
1175	26.605450
1176	25.870350
1177	24.735533
1178	26.961172
1179	26.027969
1180	24.440920
1181	23.259640
1182	23.748232
1183	26.252720
1184	26.509352
1185	24.979223
1186	25.700008
1187	24.864342
1188	24.844019
1189	24.262251
1190	27.472155
1191	25.113981
1192	27.304525
1193	26.297033
1194	27.033028
1195	25.524265
1196	25.246395
1197	26.660980
1198	29.137447
1199	28.550484
1200	27.484348
1201	24.196434
1202	21.854841
1203	21.811510
1204	20.111494
1205	20.243168
1206	21.418612
1207	21.012335
1208	19.213240
1209	20.654675
1210	19.030958
1211	19.101164
1212	16.892584
1213	18.316912
1214	19.169281
1215	19.543703
1216	19.436188
1217	19.436182
1218	21.282778
1219	18.622774
1220	18.766447
1221	13.536560
1222	17.306290
1223	18.002539
1224	22.906403
1225	25.009457
1226	21.851851
1227	23.902676
1228	26.263063
1229	28.370070
1230	30.009546
1231	20.539433
1232	19.374136
1233	16.833303
1234	18.396620
1235	18.237938
1236	19.663534
1237	19.019878
1238	17.024784
1239	17.717178
1240	16.434864
1241	18.596264
1242	25.145206
1243	27.574499
1244	25.697237
1245	20.993628
1246	18.323006
1247	18.969065
1248	16.407526
1249	16.796957
1250	19.254541
1251	18.787142
1252	15.811497
1253	19.346582
1254	20.401278
1255	22.061838
1256	23.485958
1257	22.745163
1258	20.767286
1259	24.864729
1260	22.962093
1261	22.648663
1262	24.980568
1263	23.264812
1264	23.730835
1265	26.651905
1266	24.305079
1267	22.772532
1268	23.133856
1269	23.656593
1270	26.944452
1271	24.123926
1272	21.433069
1273	24.314688
1274	25.991247
1275	25.053709
1276	24.059608
1277	23.472569
1278	23.985022
1279	23.602037
1280	23.595455
1281	23.838575
1282	22.623186
1283	23.188931
1284	23.900179
1285	22.675587
1286	23.224400
1287	23.387447
1288	23.021933
1289	23.591244
1290	23.857546
1291	22.749216
1292	22.436108
1293	25.911839
1294	21.883511
1295	21.111040
1296	23.675545
1297	22.760574
1298	22.193653
1299	22.871912
1300	23.268990
1301	23.614292
1302	23.218376
1303	23.856634
1304	24.181242
1305	23.991545
1306	22.780582
1307	23.044340
1308	24.593920
1309	25.307766
1310	25.225660
1311	23.045383
1312	24.475790
1313	23.540806
1314	23.155964
1315	23.353386
1316	24.926476
1317	23.902122
1318	24.483427
1319	24.700235
1320	23.290451
1321	22.871477
1322	23.628956
1323	24.434311
1324	24.430124
1325	23.443419
1326	23.940140
1327	23.892197
1328	24.779451
1329	24.236097
1330	22.850904
1331	22.641279
1332	22.285627
1333	22.465353
1334	22.552439
1335	24.191509
1336	23.101038
1337	26.541828
1338	24.256744
1339	24.946844
1340	25.692190
1341	24.578012
1342	23.749754
1343	23.326727
1344	23.243752
1345	21.724747
1346	21.855221
1347	23.031776
1348	24.264534
1349	22.660601
1350	23.440329
1351	22.531958
1352	21.672029
1353	21.960588
1354	24.997932
1355	22.284321
1356	22.391357
1357	22.226376
1358	22.891104
1359	21.077776
1360	25.988770
1361	27.998253
1362	21.937935
1363	22.232494
1364	22.914892
1365	23.668118
1366	24.119755
1367	24.691284
1368	23.968580
1369	23.466782
1370	22.561142
1371	21.513153
1372	23.635637
1373	26.723991
1374	23.078209
1375	26.097664
1376	26.033718
1377	24.810852
1378	29.753613
1379	23.392147
1380	29.133245
1381	26.182354
1382	25.675859
1383	27.563465
1384	24.143124
1385	24.652098
1386	25.399120
1387	22.601036
1388	22.920073
1389	24.657686
1390	23.940708
1391	28.044865
1392	27.184904
1393	24.207563
1394	27.180418
1395	27.347563
1396	28.691170
1397	29.306227
1398	29.720850
1399	30.833508
1400	28.593115
1401	30.430349
1402	30.569815
1403	29.566645
1404	25.344851
1405	26.098402
1406	24.727526
1407	23.605019
1408	23.241310
1409	26.547274
1410	26.323565
1411	25.135548
1412	26.270061
1413	26.509548
1414	25.725250
1415	25.138241
1416	22.559992
1417	22.956480
1418	22.959387
1419	23.533363
1420	23.388107
1421	24.574608
1422	26.880049
1423	25.543774
1424	24.660889
1425	23.651001
1426	25.039972
1427	22.769588
1428	26.000744
1429	28.951872
1430	28.488611
1431	25.222052
1432	26.553024
1433	27.115709
1434	26.917173
1435	26.424908
1436	26.615223
1437	26.716108
1438	28.041145
1439	25.413298
1440	30.708693
1441	31.850956
1442	31.206144
1443	31.521498
1444	31.376644
1445	30.868685
1446	31.379343
1447	36.394325
1448	32.316998
1449	32.060322
1450	29.100910
1451	28.910299
1452	31.004232
1453	30.051474
1454	28.949444
1455	30.189253
1456	28.327570
1457	28.742039
1458	27.814331
1459	26.771532
1460	26.526009
1461	28.037516
1462	31.050451
1463	29.803642
1464	30.375250
1465	31.089615
1466	31.625570
1467	33.392342
1468	33.325798
1469	29.719921
1470	30.450962
1471	30.927851
1472	29.950056
1473	29.915297
1474	30.973440
1475	31.971922
1476	30.031979
1477	29.296230
1478	30.590805
1479	32.273479
1480	30.698147
1481	30.219852
1482	30.263153
1483	31.721884
1484	31.429277
1485	31.003450
1486	30.898926
1487	30.031298
1488	29.703220
1489	30.623112
1490	29.851179
1491	25.078505
1492	27.283836
1493	27.786755
1494	29.225260
1495	31.764511
1496	31.059534
1497	30.471987
1498	31.314663
1499	29.471376
1500	29.888113
1501	30.105219
1502	30.123594
1503	30.485344
1504	31.571749
1505	30.929087
1506	31.306145
1507	30.426151
1508	29.729113
1509	28.474634
1510	29.678154
1511	29.441872
1512	25.693460
1513	28.634632
1514	28.249510
1515	32.071411
1516	29.963757
1517	26.526367
1518	24.796026
1519	22.898407
1520	25.565264
1521	23.783251
1522	28.669441
1523	29.084623
1524	28.768377
1525	27.584932
1526	29.728714
1527	27.960648
1528	27.119604
1529	28.163876
1530	29.109211
1531	27.745811
1532	29.051413
1533	30.176146
1534	27.019653
1535	29.563446
1536	28.595303
1537	29.315813
1538	27.563572
1539	30.356085
1540	27.970078
1541	28.836590
1542	29.454483
1543	27.867218
1544	28.227556
1545	29.797068
1546	30.354239
1547	30.564480
1548	28.396070
1549	29.266130
1550	28.154764
1551	27.842718
1552	24.699472
1553	24.517256
1554	27.969280
1555	29.685776
1556	33.056915
1557	32.125679
1558	34.561558
1559	34.421440
1560	34.256874
1561	30.692865
1562	33.303146
1563	32.896461
1564	34.837917
1565	33.084614
1566	31.447834
1567	31.066862
1568	32.184883
1569	31.290787
1570	30.273640
1571	33.134346
1572	33.745407
1573	30.377804
1574	27.423140
1575	27.377838
1576	25.658937
1577	26.784929
1578	24.587889
1579	25.315945
1580	21.911860
1581	22.152369
1582	23.940977
1583	24.397747
1584	20.552204
1585	19.605511
1586	20.173492
1587	17.976576
1588	19.174349
1589	19.657770
1590	22.103096
1591	21.740437
1592	20.469769
1593	20.839676
1594	23.949497
1595	22.006933
1596	23.278036
1597	24.745144
1598	23.408052
1599	25.805870
1600	27.155661
1601	28.979786
1602	23.281353
1603	22.973179
1604	27.199820
1605	24.611462
1606	27.532375
1607	25.192419
1608	26.790810
1609	29.721474
1610	28.002886
1611	28.761992
1612	24.983965
1613	27.250324
1614	26.556309
1615	25.055185
1616	22.263353
1617	22.310215
1618	23.292881
1619	21.159632
1620	23.011051
1621	24.455187
1622	20.306023
1623	18.020353
1624	20.139919
1625	18.416031
1626	19.620743
1627	18.164539
1628	19.787077
1629	20.210945
1630	20.463596
1631	21.410776
1632	20.833786
1633	22.221928
1634	20.548502
1635	21.157196
1636	20.654987
1637	21.714769
1638	19.900480
1639	19.031521
1640	21.221748
1641	20.014105
1642	20.101425
1643	20.250826
1644	21.345268
1645	18.968126
1646	19.537935
1647	21.146046
1648	21.319767
1649	22.288637
1650	19.597601
1651	19.384453
1652	20.718912
1653	20.506460
1654	19.941223
1655	19.517902
1656	20.199171
1657	19.853283
1658	19.737795
1659	20.656652
1660	17.218061
1661	19.591072
1662	15.939445
1663	14.474689
1664	15.172060
1665	15.735212
1666	15.255507
1667	14.919501
1668	14.576684
1669	15.528790
1670	15.759614
1671	15.880872
1672	14.707517
1673	16.642464
1674	16.564062
1675	15.060087
1676	14.694740
1677	14.621283
1678	15.832247
1679	15.396190
1680	15.106626
1681	15.190354
1682	15.999496
1683	15.445029
1684	14.459967
1685	16.465057
1686	14.949037
1687	15.761257
1688	17.891575
1689	15.313095
1690	15.748971
1691	14.986664
1692	15.715190
1693	16.434191
1694	15.583356
1695	16.448360
1696	14.125034
1697	15.451259
1698	14.129305
1699	15.120811
1700	15.324869
1701	14.935851
1702	15.293301
1703	16.133192
1704	14.564849
1705	14.404770
1706	12.687750
1707	15.976316
1708	15.863814
1709	17.822775
1710	14.468826
1711	13.826385
1712	14.596978
1713	15.502112
1714	14.791978
1715	15.876921
1716	14.616982
1717	15.569725
1718	15.752219
1719	14.803326
1720	14.380684
1721	14.968173
1722	15.744370
1723	15.442568
1724	15.539141
1725	16.178827
1726	15.690593
1727	15.605553
1728	16.370493
1729	14.339097
1730	16.717234
1731	15.623525
1732	15.255487
1733	15.185292
1734	15.597581
1735	15.489342
1736	14.954172
1737	15.063752
1738	16.352051
1739	17.081831
1740	13.243300
1741	15.291246
1742	15.887517
1743	15.837136
1744	17.072731
1745	14.364737
1746	14.877783
1747	19.230122
1748	14.702883
1749	14.332163
1750	15.105517
1751	13.229001
1752	13.054443
1753	13.484360
1754	13.559973
1755	13.122519
1756	13.621721
1757	13.972619
1758	14.287340
1759	15.508106
1760	14.334215
1761	15.114820
1762	14.644472
1763	15.369549
1764	14.378766
1765	14.435184
1766	14.396989
1767	14.888789
1768	14.738635
1769	13.963513
1770	13.289444
1771	14.611759
1772	14.981094
1773	15.421576
1774	14.331627
1775	13.332159
1776	13.933259
1777	14.372130
1778	15.742410
1779	14.998487
1780	16.961773
1781	17.904560
1782	19.750944
1783	19.950588
1784	18.817255
1785	21.470753
1786	20.239054
1787	20.981123
1788	21.679258
1789	19.929598
1790	20.967524
1791	20.680885
1792	20.588940
1793	19.349930
1794	20.936625
1795	16.728722
1796	11.920884
1797	10.186446
1798	8.202847
1799	9.522567
1800	9.420600
1801	9.375425
1802	11.016047
1803	10.809889
1804	10.204127
1805	11.389274
1806	9.828666
1807	11.285475
1808	11.959565
1809	11.280181
1810	9.981440
1811	13.655300
1812	8.883042
1813	9.787662
1814	13.278691
1815	9.678902
1816	9.699150
1817	11.422424
1818	9.987401
1819	9.827136
1820	10.486973
1821	9.398303
1822	9.834907
1823	11.065636
0	6.506903
1	6.124190
2	6.524256
3	6.629057
4	6.203110
5	6.544952
6	6.215024
7	6.088768
8	7.249181
9	7.104513
10	6.793291
11	6.332036
12	7.036724
13	6.246360
14	6.623021
15	5.950326
16	6.429316
17	6.563480
18	6.337421
19	6.852797
20	6.502755
21	7.081484
22	7.181533
23	7.476979
24	7.084146
25	7.495952
26	7.192059
27	7.545999
28	6.964870
29	6.694372
30	7.978356
31	6.490839
32	7.020165
33	7.684615
34	7.675196
35	6.902534
36	6.765162
37	7.015112
38	7.478454
39	7.335184
40	6.728478
41	7.079808
42	7.312599
43	7.284790
44	7.015694
45	6.717402
46	7.330275
47	7.104345
48	6.991489
49	6.870960
50	7.404727
51	7.227448
52	7.430552
53	7.124872
54	6.785691
55	7.386300
56	7.323953
57	7.073678
58	7.059539
59	6.755923
60	6.838860
61	7.450006
62	7.152042
63	7.195820
64	6.909477
65	7.403676
66	7.390981
67	7.507123
68	7.028899
69	7.199043
70	7.165953
71	7.020569
72	7.664275
73	6.841352
74	7.408237
75	7.684882
76	6.908227
77	7.302801
78	6.851480
79	7.726816
80	7.351233
81	5.755651
82	6.770659
83	7.546288
84	6.586942
85	5.936102
86	6.024253
87	7.064854
88	6.807866
89	7.139446
90	7.050931
91	7.826708
92	7.907554
93	7.241092
94	7.078283
95	6.392779
96	7.558082
97	6.548548
98	6.592146
99	7.058387
100	6.765773
101	7.402257
102	7.195472
103	7.364142
104	7.474469
105	6.678952
106	6.905578
107	7.554561
108	7.099993
109	7.126725
110	7.245643
111	7.275229
112	6.988063
113	6.717718
114	7.203499
115	6.910006
116	7.750663
117	7.132040
118	7.026045
119	7.123110
120	6.674915
121	7.595819
122	7.207680
123	7.425322
124	6.447644
125	7.371364
126	7.385736
127	7.490670
128	7.025597
129	6.774465
130	6.932310
131	7.101894
132	6.953804
133	6.792611
134	7.245695
135	7.282809
136	6.938877
137	7.651724
138	7.211525
139	7.391594
140	6.906814
141	7.114915
142	6.881638
143	7.668992
144	6.400999
145	7.153798
146	7.238606
147	7.483430
148	7.806164
149	7.387219
150	7.603703
151	7.218928
152	7.171571
153	7.175743
154	6.681596
155	7.220692
156	7.523496
157	6.631788
158	6.422241
159	6.709545
160	6.898820
161	6.888728
162	7.117258
163	7.079866
164	7.305395
165	7.139888
166	7.677005
167	7.342166
168	7.191781
169	7.440658
170	7.709352
171	7.183828
172	6.855148
173	7.152469
174	6.757100
175	6.594309
176	7.141785
177	6.459642
178	7.159399
179	7.022705
180	7.601586
181	7.332300
182	7.385519
183	7.407793
184	6.673837
185	7.561071
186	7.510470
187	7.155271
188	7.046162
189	6.916219
190	7.207830
191	7.281243
192	7.291648
193	7.511250
194	6.941715
195	6.820918
196	7.020584
197	7.024116
198	7.203477
199	7.295458
200	7.420802
201	7.470068
202	7.356589
203	6.565370
204	7.107630
205	7.034587
206	7.316570
207	6.758564
208	6.401413
209	7.043564
210	7.281683
211	6.811005
212	7.186169
213	7.365290
214	6.939409
215	7.266395
216	6.788125
217	6.622122
218	7.053914
219	5.740533
220	7.181845
221	5.203363
222	6.953979
223	5.533844
224	5.627805
225	5.854784
226	6.231452
227	6.302104
228	7.176252
229	6.670488
230	6.487882
231	7.556175
232	6.816025
233	5.704885
234	6.448271
235	6.301287
236	5.772979
237	5.363078
238	6.806572
239	7.208197
240	5.500128
241	5.303489
242	5.571770
243	4.884528
244	5.889684
245	5.918495
246	5.103158
247	5.405414
248	4.687814
249	4.552570
250	4.435696
251	4.787411
252	4.587746
253	4.743553
254	5.161997
255	5.086639
256	5.472860
257	4.944957
258	5.056768
259	5.255454
260	4.774861
261	4.605952
262	6.038702
263	6.612208
264	5.001640
265	4.903316
266	5.595839
267	4.762185
268	4.915506
269	5.634687
270	5.171585
271	5.425763
272	5.713089
273	5.174562
274	5.052654
275	5.738668
276	6.540963
277	6.825218
278	4.986071
279	6.490039
280	6.296855
281	5.699492
282	5.719580
283	6.129699
284	8.283580
285	7.401420
286	6.402899
287	6.193067
288	6.367583
289	6.963355
290	6.525742
291	5.876070
292	6.203273
293	6.566930
294	5.485079
295	5.423099
296	5.511952
297	5.929924
298	5.297745
299	5.114919
300	4.759264
301	5.195323
302	5.432586
303	4.788906
304	5.426656
305	5.731850
306	5.018557
307	4.006442
308	5.594766
309	5.477849
310	5.366995
311	4.707409
312	5.104076
313	5.470117
314	7.829387
315	7.139592
316	7.525219
317	5.958010
318	6.326660
319	6.581861
320	6.304371
321	6.302452
322	6.113441
323	6.438197
324	6.133138
325	6.303761
326	6.000640
327	6.491380
328	6.415396
329	6.639805
330	6.436917
331	6.034063
332	5.871651
333	6.731434
334	6.537343
335	6.028554
336	6.396521
337	6.142439
338	7.380892
339	7.530372
340	6.894659
341	6.586276
342	7.343341
343	6.645477
344	6.231530
345	6.812564
346	5.812681
347	5.312994
348	5.835338
349	5.665943
350	5.163455
351	4.631988
352	4.540707
353	4.492814
354	3.845596
355	5.548721
356	5.945503
357	7.350279
358	6.876204
359	6.948369
360	8.157774
361	6.594450
362	6.383017
363	7.142586
364	6.058953
365	6.325449
366	6.567618
367	6.890320
368	6.824273
369	6.763866
370	7.095640
371	5.962593
372	5.898949
373	6.706198
374	6.316495
375	7.836328
376	6.997213
377	6.829150
378	8.038215
379	7.652092
380	7.587429
381	8.614136
382	9.187053
383	8.954161
384	7.059505
385	7.014047
386	5.760695
387	6.920714
388	7.803587
389	8.418280
390	9.313020
391	8.422368
392	8.145202
393	7.773562
394	8.097198
395	7.094131
396	7.400338
397	7.059738
398	6.666028
399	8.364383
400	7.479879
401	7.850433
402	7.355392
403	7.458757
404	7.324695
405	7.692945
406	8.650417
407	7.931785
408	8.629646
409	9.403097
410	8.214609
411	8.762426
412	8.292150
413	8.817139
414	8.565788
415	8.096342
416	8.872664
417	9.238280
418	8.019096
419	8.573643
420	8.379395
421	7.996630
422	8.992889
423	8.204200
424	8.499833
425	8.915505
426	7.201041
427	8.852479
428	9.914991
429	8.955673
430	8.868765
431	7.806727
432	8.905032
433	8.293285
434	8.728401
435	8.687659
436	10.304532
437	9.663069
438	8.321094
439	8.530568
440	8.109932
441	8.867339
442	7.486500
443	7.087900
444	7.005433
445	8.316956
446	7.664289
447	7.600198
448	6.846035
449	6.983569
450	8.191674
451	7.196197
452	6.371523
453	7.064658
454	6.934580
455	7.460810
456	6.662817
457	7.498767
458	8.044496
459	7.710604
460	7.704351
461	7.053574
462	7.487864
463	8.999100
464	8.425473
465	8.809734
466	8.227205
467	7.868805
468	7.484183
469	7.646130
470	7.946509
471	7.135544
472	7.057947
473	7.320791
474	7.499234
475	8.288431
476	7.601815
477	7.699545
478	7.249835
479	8.103024
480	7.597066
481	7.894485
482	7.902152
483	8.264628
484	7.505518
485	7.947993
486	8.135754
487	7.401080
488	7.167322
489	7.441223
490	7.637120
491	5.764382
492	7.066655
493	8.832550
494	7.596683
495	9.747209
496	11.008672
497	9.445323
498	9.440754
499	10.728803
500	9.099567
501	9.461125
502	9.988228
503	10.607398
504	11.147099
505	10.290950
506	10.717043
507	10.828613
508	11.586651
509	11.068533
510	9.791369
511	9.698304
512	8.469916
513	9.734199
514	10.116256
515	9.852086
516	10.354689
517	11.996553
518	9.671515
519	12.070667
520	9.270803
521	10.240614
522	10.787020
523	10.788908
524	12.087700
525	12.518555
526	10.512826
527	10.369544
528	10.514513
529	9.682055
530	6.536712
531	7.686182
532	6.995849
533	7.157752
534	9.303708
535	7.539038
536	8.576386
537	6.669788
538	7.994278
539	7.252983
540	7.139090
541	6.857469
542	7.958010
543	6.530199
544	7.048252
545	7.238914
546	6.843305
547	6.958980
548	7.250178
549	6.798631
550	7.045495
551	7.276525
552	7.258690
553	7.279704
554	6.953888
555	7.782558
556	7.179867
557	7.092064
558	7.484177
559	7.277748
560	6.954788
561	8.136767
562	9.306924
563	7.571164
564	9.702385
565	9.085600
566	7.642166
567	7.021531
568	7.297253
569	6.983184
570	7.256148
571	7.012913
572	7.972715
573	7.839816
574	6.997508
575	7.311777
576	7.765213
577	6.485561
578	7.128037
579	5.919908
580	8.030230
581	8.029765
582	8.045459
583	7.446889
584	8.093781
585	6.419924
586	7.407381
587	8.724823
588	6.775094
589	7.342868
590	7.978997
591	6.294608
592	6.362530
593	7.009336
594	6.975020
595	6.887569
596	7.020977
597	7.099107
598	7.746625
599	6.842959
600	6.469228
601	7.227904
602	7.835082
603	7.568916
604	8.057214
605	7.000722
606	7.632404
607	7.414729
608	7.279273
609	7.531566
610	7.113537
611	7.340994
612	6.753444
613	7.435354
614	6.833696
615	6.743309
616	7.517053
617	6.385367
618	6.830644
619	6.546434
620	7.742849
621	8.108521
622	7.215006
623	6.895316
624	6.769778
625	6.781422
626	8.757825
627	8.310047
628	8.612486
629	6.254247
630	6.402280
631	6.898889
632	7.348368
633	6.970184
634	6.597432
635	6.751333
636	6.653519
637	6.288198
638	6.800692
639	7.227821
640	7.337610
641	7.234817
642	9.072138
643	8.880911
644	7.179400
645	7.023237
646	6.063309
647	6.368367
648	6.941453
649	7.135304
650	7.897802
651	7.089014
652	6.751414
653	6.674528
654	6.459429
655	6.347203
656	6.513839
657	7.087177
658	7.172338
659	7.880435
660	7.684093
661	7.577159
662	7.817225
663	7.773994
664	7.292868
665	7.714252
666	7.453811
667	7.025120
668	8.854480
669	7.832924
670	7.831302
671	7.935086
672	7.959537
673	8.206697
674	6.879864
675	7.455523
676	6.418425
677	6.042292
678	6.990464
679	8.238024
680	6.884894
681	7.801502
682	8.568939
683	8.999813
684	7.707380
685	6.773315
686	6.844992
687	7.941897
688	8.432629
689	9.745661
690	7.713735
691	7.051434
692	7.330231
693	7.818848
694	7.255356
695	7.491070
696	8.426353
697	8.582040
698	6.812182
699	6.350472
700	5.984951
701	5.278501
702	5.982958
703	6.420001
704	6.572092
705	8.027982
706	6.566444
707	7.481905
708	7.647524
709	6.967316
710	7.221894
711	7.321046
712	7.268293
713	7.530014
714	7.608536
715	7.107433
716	7.591031
717	7.168073
718	7.910709
719	7.194783
720	7.318320
721	7.596050
722	7.092066
723	8.129818
724	7.240117
725	7.513958
726	6.012403
727	6.959755
728	7.148014
729	6.578791
730	7.562440
731	7.263183
732	7.250847
733	7.307816
734	7.120317
735	7.503685
736	6.987423
737	9.651187
738	7.135139
739	6.847140
740	7.002918
741	6.899513
742	5.465463
743	5.534645
744	5.627692
745	6.729124
746	5.485124
747	6.971838
748	5.463873
749	6.725638
750	6.324824
751	6.508901
752	6.913507
753	6.773367
754	6.951908
755	7.060197
756	6.494033
757	6.812365
758	6.608365
759	6.928651
760	6.733840
761	6.638222
762	5.978386
763	6.247151
764	6.396329
765	5.290376
766	6.865135
767	6.018389
768	6.156346
769	6.304752
770	6.365510
771	5.647992
772	5.920145
773	6.098369
774	6.950981
775	7.148658
776	7.529442
777	7.725541
778	7.592188
779	6.809597
780	7.338146
781	6.831080
782	7.159679
783	7.693509
784	7.180671
785	7.390182
786	7.599008
787	7.170976
788	7.324604
789	6.737908
790	5.926416
791	6.769654
792	6.584687
793	6.386156
794	7.229702
795	7.205955
796	6.209989
797	7.031424
798	6.465485
799	6.723719
800	6.300503
801	5.794825
802	6.709474
803	7.585790
804	6.656140
805	6.777293
806	6.193498
807	6.832293
808	6.862866
809	6.678757
810	6.555805
811	6.365076
812	6.797867
813	6.338264
814	6.125898
815	7.014166
816	6.496007
817	7.046309
818	7.188178
819	6.768115
820	6.868572
821	8.543103
822	7.258444
823	6.409352
824	7.129166
825	6.260265
826	6.503514
827	6.113540
828	6.586302
829	6.713704
830	7.099590
831	6.974916
832	6.986687
833	7.188212
834	6.409649
835	7.524392
836	7.281197
837	6.687041
838	7.500747
839	6.981691
840	6.752815
841	7.306475
842	6.295093
843	6.432216
844	6.903253
845	6.273286
846	6.617736
847	6.778385
848	6.198434
849	6.426513
850	6.907560
851	8.924087
852	6.933237
853	6.276452
854	6.446287
855	6.003815
856	6.103722
857	6.840212
858	7.123524
859	7.619941
860	7.082746
861	7.897152
862	7.564496
863	6.879112
864	6.447036
865	7.445355
866	6.277937
867	7.187344
868	7.003814
869	7.662016
870	6.304950
871	6.643499
872	6.704483
873	7.071195
874	6.976446
875	6.604544
876	6.756463
877	7.738482
878	6.507143
879	6.955379
880	6.790404
881	6.846028
882	7.206386
883	7.424500
884	7.058701
885	6.349400
886	7.378219
887	6.499331
888	7.041066
889	7.176000
890	6.373674
891	6.656492
892	6.947726
893	6.722649
894	7.025596
895	6.352520
896	6.272670
897	6.956186
898	7.686419
899	6.935775
900	6.369888
901	6.491021
902	6.766636
903	6.903332
904	6.754975
905	7.028153
906	6.847985
907	7.048834
908	6.635692
909	6.668626
910	7.164899
911	6.332568
912	7.058561
913	6.211565
914	6.823853
915	6.523053
916	7.285116
917	7.388809
918	6.264601
919	7.411924
920	7.466029
921	6.896156
922	6.328852
923	6.351598
924	6.143291
925	7.325039
926	6.353925
927	7.016238
928	6.307439
929	6.673487
930	7.818075
931	7.166881
932	6.514338
933	6.555179
934	6.904063
935	7.407248
936	7.361591
937	6.963088
938	7.280025
939	6.657975
940	7.060578
941	6.664940
942	6.482474
943	6.824295
944	7.645582
945	5.850105
946	7.175854
947	7.208391
948	6.670153
949	7.102466
950	6.989676
951	6.518993
952	7.408136
953	6.623731
954	6.187123
955	6.472977
956	6.669619
957	6.151244
958	5.714172
959	6.495077
960	6.811172
961	6.885818
962	7.153002
963	6.148197
964	6.506683
965	7.245039
966	5.926802
967	6.892005
968	7.161417
969	6.773603
970	6.885824
971	7.125261
972	6.636174
973	6.689701
974	7.088724
975	7.296257
976	6.422065
977	7.146500
978	7.676888
979	6.873761
980	7.077770
981	6.132775
982	6.811417
983	7.066300
984	7.392624
985	6.780604
986	6.942839
987	7.142053
988	7.380117
989	6.617154
990	7.587574
991	6.521112
992	5.868339
993	6.076829
994	6.652834
995	6.373330
996	6.991181
997	6.174869
998	6.722745
999	6.338655
1000	6.080222
1001	6.633747
1002	6.350344
1003	5.965609
1004	6.457532
1005	6.192479
1006	6.810949
1007	6.185279
1008	6.763168
1009	6.437469
1010	6.890702
1011	6.779932
1012	6.588573
1013	6.408451
1014	6.634589
1015	6.782461
1016	6.637168
1017	6.361681
1018	6.332182
1019	7.142959
1020	6.539556
1021	7.443957
1022	6.777420
1023	6.534622
1024	5.696357
1025	6.619100
1026	7.806482
1027	5.601152
1028	6.209265
1029	7.550827
1030	7.360510
1031	5.803464
1032	6.086591
1033	6.870474
1034	7.167078
1035	6.528747
1036	7.295630
1037	7.357624
1038	7.315691
1039	6.797252
1040	6.254063
1041	6.758675
1042	7.119231
1043	6.234693
1044	5.974278
1045	7.260160
1046	6.672060
1047	6.691866
1048	6.900653
1049	6.943213
1050	7.113541
1051	6.829355
1052	7.431566
1053	6.658535
1054	6.542393
1055	7.029027
1056	6.714305
1057	6.444795
1058	7.156493
1059	7.197876
1060	7.439628
1061	7.355475
1062	7.590448
1063	7.519954
1064	7.895453
1065	8.222784
1066	7.107214
1067	7.354202
1068	6.209177
1069	6.975171
1070	7.525892
1071	6.827512
1072	6.816773
1073	7.062194
1074	7.213639
1075	5.874299
1076	7.381632
1077	7.039382
1078	6.653097
1079	6.702273
1080	6.736539
1081	6.832355
1082	6.832101
1083	7.356562
1084	7.260244
1085	7.252977
1086	6.090877
1087	6.974086
1088	7.265680
1089	7.481804
1090	5.974230
1091	5.595124
1092	6.354166
1093	7.115933
1094	6.045322
1095	6.113077
1096	6.654878
1097	5.524363
1098	7.246589
1099	5.962565
1100	6.961674
1101	7.157966
1102	7.251628
1103	5.878868
1104	7.004919
1105	7.271237
1106	6.654818
1107	7.084018
1108	5.533515
1109	6.855836
1110	6.729349
1111	6.584482
1112	6.757005
1113	6.844565
1114	6.622708
1115	6.928052
1116	6.143036
1117	6.861611
1118	6.362871
1119	6.989142
1120	7.112369
1121	6.166070
1122	6.555913
1123	7.032425
1124	7.327678
1125	6.549794
1126	6.343738
1127	6.427113
1128	8.121984
1129	8.614788
1130	7.719384
1131	8.168538
1132	7.615169
1133	8.339839
1134	8.679216
1135	7.491142
1136	7.588840
1137	8.749863
1138	7.945684
1139	8.121889
1140	6.651233
1141	7.960315
1142	8.137359
1143	7.724390
1144	7.439627
1145	7.800783
1146	8.035833
1147	8.385339
1148	7.956820
1149	8.552204
1150	7.424291
1151	7.728617
1152	8.104357
1153	6.958736
1154	6.802278
1155	6.178349
1156	5.552235
1157	8.577598
1158	8.638105
1159	7.555012
1160	7.163974
1161	6.799103
1162	7.530810
1163	7.327384
1164	8.001881
1165	7.814534
1166	6.348687
1167	7.270146
1168	8.084929
1169	7.646554
1170	6.823886
1171	8.568048
1172	7.241941
1173	7.002706
1174	9.239629
1175	7.044099
1176	6.382811
1177	7.348882
1178	7.244397
1179	6.835211
1180	6.338304
1181	7.254275
1182	6.776792
1183	6.579582
1184	6.494222
1185	6.950871
1186	7.319748
1187	7.528949
1188	6.840094
1189	6.748844
1190	6.791738
1191	7.080381
1192	7.122092
1193	7.394228
1194	6.983136
1195	7.352718
1196	6.658777
1197	6.033516
1198	7.353875
1199	7.666117
1200	7.643794
1201	7.214527
1202	6.745257
1203	7.108515
1204	6.779220
1205	7.624465
1206	6.466861
1207	6.237699
1208	6.600062
1209	5.933168
1210	7.281822
1211	7.617203
1212	5.258240
1213	6.814969
1214	6.612626
1215	6.628833
1216	6.885593
1217	7.816586
1218	7.008963
1219	6.933174
1220	6.745390
1221	6.455826
1222	7.287996
1223	7.316154
1224	5.906910
1225	7.689383
1226	5.712060
1227	6.192779
1228	7.033641
1229	6.950462
1230	7.018228
1231	7.231285
1232	5.691521
1233	6.637273
1234	5.390407
1235	7.761880
1236	6.702023
1237	6.412971
1238	7.204095
1239	7.045636
1240	6.381584
1241	7.304780
1242	7.054821
1243	7.632752
1244	10.894448
1245	10.005402
1246	9.042016
1247	5.325835
1248	6.927755
1249	5.441223
1250	7.532035
1251	6.332434
1252	7.378659
1253	5.805006
1254	6.800965
1255	7.411242
1256	7.532769
1257	7.233559
1258	7.897980
1259	6.873232
1260	6.983583
1261	7.181652
1262	8.211347
1263	6.768049
1264	8.338879
1265	8.779274
1266	7.757324
1267	9.018415
1268	8.383490
1269	8.772486
1270	7.643120
1271	8.070271
1272	7.635209
1273	7.648874
1274	7.254577
1275	7.263808
1276	7.003122
1277	7.942102
1278	7.648222
1279	7.351285
1280	8.370304
1281	9.493186
1282	8.756362
1283	8.807230
1284	8.194253
1285	7.934563
1286	7.666844
1287	9.891298
1288	8.975131
1289	6.946120
1290	7.108312
1291	6.374403
1292	7.538792
1293	6.849848
1294	8.257196
1295	8.662988
1296	7.698265
1297	12.320004
1298	9.078510
1299	7.376417
1300	8.192497
1301	8.464970
1302	7.098000
1303	8.502218
1304	6.357815
1305	7.251728
1306	5.984680
1307	9.368532
1308	7.542632
1309	8.681323
1310	8.338738
1311	7.157156
1312	8.246675
1313	6.813949
1314	8.037779
1315	8.400229
1316	8.633359
1317	9.347048
1318	8.435461
1319	7.471187
1320	7.486527
1321	9.602504
1322	7.746420
1323	8.777398
1324	7.103477
1325	7.083882
1326	7.324820
1327	8.674385
1328	7.042878
1329	7.878129
1330	8.686245
1331	8.964179
1332	7.647548
1333	7.345571
1334	7.292634
1335	8.549783
1336	6.406498
1337	8.774724
1338	7.851790
1339	7.436706
1340	7.461266
1341	9.631904
1342	9.537305
1343	7.836377
1344	7.768521
1345	8.608306
1346	8.326789
1347	8.310291
1348	7.800724
1349	8.322913
1350	7.898773
1351	7.261678
1352	6.505474
1353	8.549491
1354	7.933862
1355	9.164795
1356	8.425913
1357	7.900159
1358	9.709405
1359	8.253489
1360	8.701774
1361	8.311850
1362	6.944761
1363	8.042674
1364	6.821240
1365	6.117755
1366	9.199367
1367	8.632136
1368	8.146276
1369	8.622261
1370	7.750976
1371	7.813813
1372	9.428006
1373	7.640787
1374	8.628475
1375	7.417587
1376	7.446293
1377	7.195804
1378	8.339360
1379	6.956011
1380	7.189671
1381	6.930570
1382	7.441357
1383	7.248870
1384	7.438116
1385	6.917232
1386	6.965788
1387	8.231288
1388	7.804058
1389	8.952067
1390	8.038097
1391	8.702587
1392	8.751122
1393	8.486419
1394	7.692307
1395	7.023027
1396	7.679049
1397	6.260375
1398	6.662445
1399	7.321815
1400	8.200818
1401	6.488350
1402	6.640522
1403	5.647159
1404	5.079479
1405	4.901938
1406	4.964242
1407	7.533818
1408	7.283412
1409	8.841866
1410	8.677897
1411	7.502452
1412	8.645536
1413	9.101208
1414	9.714268
1415	7.735743
1416	9.595026
1417	7.131172
1418	7.761043
1419	8.010917
1420	8.415347
1421	5.902905
1422	7.621779
1423	7.320363
1424	9.924763
1425	12.268190
1426	7.966336
1427	8.486364
1428	8.066263
1429	10.902742
1430	6.965147
1431	8.825707
1432	8.083154
1433	7.493589
1434	7.228480
1435	8.895402
1436	7.543509
1437	8.687283
1438	9.180217
1439	7.081601
1440	8.660128
1441	9.181099
1442	8.856398
1443	5.974763
1444	6.312288
1445	9.350874
1446	9.166015
1447	9.666072
1448	6.796324
1449	4.986950
1450	6.588750
1451	5.046237
1452	4.884527
1453	6.162997
1454	7.192260
1455	6.642545
1456	7.671572
1457	7.321496
1458	7.293554
1459	9.675274
1460	8.712551
1461	8.412460
1462	9.365466
1463	9.341540
1464	8.447965
1465	6.836640
1466	8.268098
1467	7.105421
1468	7.486094
1469	6.968924
1470	7.462524
1471	6.432737
1472	7.155787
1473	6.855464
1474	6.984678
1475	6.581950
1476	7.184985
1477	6.962974
1478	6.259185
1479	7.321100
1480	7.008981
1481	7.284278
1482	6.708021
1483	6.188116
1484	6.915530
1485	7.975013
1486	7.217072
1487	7.446257
1488	6.600608
1489	6.888113
1490	6.671231
1491	6.715698
1492	6.729694
1493	6.368868
1494	6.301891
1495	8.052637
1496	7.997060
1497	7.356802
1498	7.411356
1499	7.762980
1500	8.813560
1501	7.807860
1502	7.693999
1503	7.895192
1504	7.718720
1505	7.023875
1506	6.786358
1507	7.969438
1508	7.067397
1509	8.948468
1510	8.561046
1511	8.438510
1512	6.630797
1513	7.516007
1514	8.464608
1515	7.723177
1516	7.293781
1517	8.581146
1518	8.001222
1519	7.645603
1520	7.862049
1521	6.800573
1522	7.252491
1523	7.232553
1524	7.447362
1525	8.200673
1526	7.656322
1527	7.870945
1528	7.350121
1529	8.380793
1530	9.203722
1531	7.782239
1532	7.170016
1533	8.359971
1534	8.958094
1535	6.510159
1536	7.814081
1537	8.141221
1538	7.191024
1539	7.863000
1540	7.175336
1541	8.300150
1542	8.499198
1543	9.149693
1544	7.984723
1545	7.521028
1546	9.560754
1547	8.576508
1548	7.533983
1549	8.778369
1550	8.718586
1551	7.385422
1552	7.599415
1553	7.513138
1554	7.365001
1555	6.798898
1556	7.872690
1557	7.969763
1558	6.946147
1559	7.549460
1560	6.555846
1561	6.898207
1562	7.525170
1563	7.601388
1564	6.922410
1565	6.548932
1566	6.794306
1567	7.022436
1568	7.235342
1569	8.486351
1570	8.658255
1571	9.381094
1572	9.082121
1573	6.846838
1574	7.721303
1575	7.012746
1576	8.783631
1577	8.295677
1578	7.845617
1579	8.460437
1580	8.183533
1581	7.530052
1582	8.004836
1583	6.811499
1584	6.834541
1585	8.636512
1586	7.996138
1587	7.228652
1588	8.322476
1589	8.680705
1590	8.196005
1591	6.759443
1592	9.364004
1593	8.240418
1594	8.887100
1595	7.964739
1596	7.246506
1597	8.275807
1598	8.404096
1599	8.827084
1600	7.520467
1601	9.289322
1602	7.742472
1603	7.803730
1604	8.005382
1605	8.532677
1606	7.343647
1607	7.101469
1608	8.669130
1609	11.339027
1610	8.684056
1611	8.304412
1612	8.283681
1613	8.928779
1614	8.887685
1615	10.006245
1616	7.096522
1617	8.075125
1618	8.198896
1619	9.132133
1620	8.347672
1621	8.384232
1622	9.004049
1623	8.395543
1624	7.954230
1625	7.725110
1626	9.481565
1627	7.704135
1628	7.196731
1629	6.509624
1630	6.947854
1631	8.704638
1632	7.008010
1633	7.099401
1634	7.602921
1635	6.320445
1636	10.297631
1637	9.729468
1638	8.820057
1639	10.025290
1640	9.906484
1641	7.470539
1642	6.450487
1643	7.101731
1644	7.732856
1645	8.045032
1646	8.601325
1647	8.640839
1648	8.700403
1649	8.758098
1650	8.325019
1651	8.035481
1652	9.014139
1653	9.427464
1654	8.544790
1655	7.326260
1656	7.094413
1657	5.370571
1658	8.831179
1659	6.904068
1660	6.534660
1661	7.105814
1662	5.362783
1663	5.829039
1664	7.927369
1665	5.685797
1666	5.615618
1667	5.532181
1668	7.331935
1669	6.074458
1670	9.153419
1671	5.650888
1672	7.804339
1673	6.598522
1674	5.619549
1675	5.914196
1676	6.261544
1677	5.764681
1678	6.584515
1679	6.799542
1680	7.607059
1681	8.436775
1682	7.888620
1683	8.369147
1684	8.314866
1685	8.339936
1686	7.590349
1687	8.506903
1688	8.648013
1689	8.342471
1690	7.754114
1691	9.474203
1692	8.655119
1693	8.512241
1694	8.359800
1695	8.422998
1696	8.460938
1697	8.020133
1698	8.875687
1699	8.343407
1700	8.261020
1701	6.136988
1702	9.322562
1703	6.283900
1704	7.243237
1705	6.244831
1706	6.778187
1707	6.257875
1708	8.459857
1709	5.869221
1710	6.962914
1711	8.761677
1712	6.855729
1713	7.100858
1714	7.881099
1715	8.242168
1716	7.143873
1717	8.940544
1718	8.786552
1719	7.015845
1720	7.593406
1721	7.744354
1722	7.058903
1723	8.720753
1724	8.937703
1725	6.644840
1726	8.540359
1727	7.533682
1728	6.345127
1729	8.906381
1730	6.890115
1731	7.701020
1732	6.952533
1733	8.673848
1734	7.442717
1735	7.324823
1736	7.272601
1737	7.101022
1738	7.121967
1739	7.972416
1740	6.963199
1741	8.634315
1742	10.215452
1743	8.535156
1744	7.631590
1745	8.500837
1746	8.255720
1747	8.289666
1748	6.954605
1749	8.104074
1750	8.161240
1751	8.308581
1752	9.314682
1753	7.613949
1754	7.184740
1755	7.291273
1756	7.429229
1757	7.966815
1758	7.854790
1759	7.030629
1760	7.645693
1761	8.396522
1762	6.653165
1763	6.890029
1764	7.841104
1765	6.008868
1766	7.061742
1767	6.178626
1768	6.717581
1769	6.887308
1770	6.427956
1771	6.561540
1772	6.961996
1773	8.260711
1774	8.628009
1775	6.848014
1776	7.528257
1777	7.927918
1778	8.784920
1779	8.054195
1780	7.618778
1781	8.311249
1782	9.200581
1783	7.232713
1784	8.684573
1785	8.254044
1786	8.655096
1787	8.905249
1788	8.125571
1789	8.187418
1790	7.539819
1791	8.471180
1792	8.512632
1793	6.887044
1794	6.959931
1795	8.571770
1796	8.244937
1797	8.179497
1798	8.096380
1799	7.515015
1800	7.547901
1801	8.816234
1802	7.845716
1803	6.483645
1804	7.508797
1805	9.376700
1806	8.406368
1807	8.175778
1808	8.579243
1809	7.039747
1810	6.228455
1811	7.012748
1812	7.171471
1813	6.889821
1814	6.970126
1815	7.018013
1816	6.437398
1817	6.883831
1818	8.638567
1819	7.189080
1820	7.182989
1821	7.264618
1822	8.250076
1823	6.912664
1824	8.271323
1825	7.685609
1826	7.959081
1827	8.869009
1828	7.861794
1829	8.340412
1830	7.666536
1831	6.970316
1832	9.767709
1833	7.899605
1834	9.108793
1835	8.100443
1836	7.927400
1837	8.628467
1838	7.220819
1839	5.986391
1840	7.503832
1841	8.808525
1842	6.559976
1843	8.101634
1844	7.023855
1845	7.386003
1846	9.467213
1847	7.883686
1848	7.527894
1849	6.922126
1850	8.924887
1851	7.518269
1852	7.282928
1853	6.591498
1854	8.029752
1855	8.911162
1856	8.620443
1857	8.635602
1858	8.510750
1859	7.780636
1860	8.875587
1861	8.224466
