0	2.127017
1	4.524613
2	3.940126
3	4.627581
4	3.950657
5	4.556205
6	4.734447
7	4.729281
8	3.864621
9	4.521913
10	4.560833
11	4.595368
12	4.839886
13	5.268558
14	4.740212
15	4.783890
16	4.663238
17	4.683450
18	5.096557
19	4.446659
20	4.810373
21	4.801635
22	4.598706
23	4.356671
24	5.207764
25	5.015126
26	4.520054
27	5.473892
28	4.225125
29	4.269451
30	4.082489
31	5.327138
32	4.654084
33	4.634446
34	4.848028
35	5.075057
36	5.217004
37	5.934132
38	5.676937
39	4.515129
40	3.548605
41	5.557069
42	4.991706
43	5.052890
44	5.659866
45	1.917315
46	5.314753
47	4.115654
48	4.906852
49	5.017728
50	4.913095
51	4.325853
52	2.154578
53	1.869548
54	2.298391
55	1.931165
56	2.098478
57	1.919114
58	1.882181
59	2.186001
60	1.937654
61	2.069298
62	1.936674
63	1.677557
64	1.774427
65	1.914653
66	2.000027
67	2.215784
68	2.452390
69	2.070265
70	1.871739
71	2.063053
72	1.967281
73	2.174973
74	2.027908
75	1.987487
76	2.016382
77	3.073027
78	2.128401
79	1.836329
80	1.844017
81	1.713741
82	1.856503
83	1.823460
84	1.912486
85	2.885826
86	1.945200
87	1.776543
88	1.951769
89	1.977701
90	2.153162
91	2.024330
92	2.176901
93	2.030491
94	1.980580
95	2.075259
96	1.889179
97	1.910342
98	1.735685
99	2.037329
100	1.996747
101	1.809447
102	2.031871
103	1.843094
104	2.011194
105	1.726211
106	2.163168
107	1.995446
108	1.772342
109	1.780141
110	1.802471
111	1.998226
112	2.863006
113	1.755704
114	1.955352
115	1.879520
116	2.283088
117	5.387774
118	5.145387
119	5.182471
120	4.591938
121	4.356616
122	4.380572
123	4.177861
124	4.596455
125	4.828187
126	4.748662
127	5.072840
128	1.772032
129	3.962877
130	4.831945
131	5.002840
132	5.082933
133	4.586994
134	5.297980
135	4.777320
136	4.881343
137	4.638598
138	5.266279
139	4.638890
140	2.120048
141	4.816751
142	4.116772
143	3.611219
144	3.526640
145	3.499455
146	3.537486
147	3.919055
148	4.067607
149	4.285337
150	3.906995
151	4.828346
152	4.451919
153	4.026436
154	3.724619
155	3.712007
156	3.827403
157	4.628972
158	4.448327
159	3.973524
160	3.470738
161	4.065487
162	3.819700
163	3.993858
164	4.019316
165	3.723507
166	3.706496
167	3.770531
168	3.951265
169	3.782963
170	4.051186
171	3.812831
172	4.777384
173	4.818651
174	4.761565
175	4.369404
176	4.215756
177	4.400851
178	3.692775
179	5.149060
180	4.376609
181	4.939768
182	4.841755
183	4.449585
184	4.523816
185	4.164337
186	4.601455
187	4.836951
188	3.938604
189	4.998912
190	4.614077
191	4.389637
192	4.164840
193	4.626557
194	3.997663
195	4.639724
196	4.644166
197	4.162114
198	4.442285
199	3.578113
200	4.457139
201	4.012146
202	4.358198
203	4.807641
204	4.909388
205	4.754977
206	4.149180
207	4.541665
208	5.362693
209	5.269478
210	4.354730
211	4.030558
212	4.136159
213	4.474374
214	5.070866
215	5.029322
216	4.595356
217	3.970012
218	4.107870
219	4.260905
220	4.619382
221	4.658990
222	2.813913
223	3.315793
224	3.593620
225	3.918804
226	4.548418
227	3.460317
228	3.318629
229	4.494197
230	4.241662
231	4.590609
232	3.717488
233	4.774767
234	3.965678
235	4.132433
236	4.597858
237	4.533887
238	4.369389
239	3.264446
240	3.768622
241	4.123990
242	4.257473
243	4.157606
244	3.292324
245	4.130195
246	3.900028
247	3.882678
248	4.179605
249	2.474994
250	3.334276
251	3.735319
252	4.567385
253	3.791649
254	3.398263
255	4.447852
256	3.619186
257	3.427144
258	3.689363
259	3.909142
260	3.744863
261	4.690224
262	4.853967
263	3.275988
264	4.810707
265	4.396465
266	3.780226
267	3.089696
268	3.778492
269	3.665377
270	3.317619
271	3.688401
272	3.889023
273	3.165360
274	3.669659
275	4.341486
276	4.161897
277	4.683172
278	4.058511
279	4.024736
280	4.268361
281	4.130023
282	4.145274
283	4.403090
284	4.356373
285	3.434094
286	4.094167
287	4.161598
288	4.559847
289	4.448324
290	4.168946
291	4.165008
292	4.492818
293	4.627330
294	4.981706
295	5.282018
296	4.878566
297	4.462297
298	4.772692
299	4.759423
300	4.290524
301	4.224524
302	4.010897
303	4.939201
304	4.856553
305	5.336339
306	4.694303
307	4.642702
308	4.832619
309	4.612484
310	4.484796
311	4.687975
312	4.796100
313	4.583688
314	4.835916
315	4.960292
316	4.415168
317	4.891912
318	4.111753
319	4.750514
320	3.707467
321	3.760905
322	4.429235
323	4.647376
324	4.146069
325	3.897922
326	4.745273
327	4.661687
328	5.163422
329	4.994657
330	4.686289
331	4.370593
332	4.581154
333	5.150088
334	4.806839
335	4.198058
336	4.106910
337	4.430227
338	3.996671
339	3.849025
340	4.384759
341	4.216671
342	3.721196
343	4.393652
344	4.379931
345	4.264214
346	4.636420
347	4.226652
348	3.917219
349	4.166571
350	3.902101
351	4.042871
352	4.460616
353	4.425133
354	4.267622
355	4.811133
356	3.915955
357	4.016789
358	5.044570
359	3.942869
360	3.887443
361	2.030296
362	5.010258
363	4.483994
364	4.681679
365	4.741793
366	4.078307
367	4.801562
368	4.680780
369	4.428024
370	4.606236
371	4.374585
372	3.822382
373	3.954605
374	3.918584
375	3.949796
376	3.737729
377	4.328938
378	4.021865
379	3.483175
380	3.903449
381	4.087796
382	4.099037
383	3.798683
384	4.253587
385	3.677501
386	3.848818
387	4.102218
388	4.736255
389	4.675519
390	4.347839
391	4.512304
392	4.193458
393	4.186668
394	3.986392
395	4.724036
396	3.817984
397	4.175180
398	4.353138
399	3.707304
400	3.940023
401	3.822958
402	4.119101
403	4.464740
404	4.284949
405	3.911468
406	4.418925
407	3.836090
408	3.803958
409	3.926397
410	3.853594
411	4.558990
412	4.291923
413	3.544870
414	4.156669
415	3.367698
416	4.430011
417	4.052765
418	4.504553
419	4.631351
420	4.701385
421	4.209382
422	5.593874
423	6.591586
424	4.235058
425	4.018780
426	3.251460
427	4.240673
428	2.161502
429	3.235429
430	4.595061
431	3.835390
432	2.050952
433	1.954431
434	1.842718
435	2.263117
436	2.242410
437	1.828278
438	2.091340
439	2.169537
440	2.010252
441	1.980757
442	1.925539
443	1.894072
444	1.993641
445	2.066061
446	1.733232
447	1.756528
448	1.939821
449	1.758719
450	1.758808
451	2.024255
452	2.158911
453	2.191827
454	2.217610
455	1.908662
456	1.756388
457	1.804133
458	1.901500
459	2.098617
460	1.879307
461	1.974588
462	1.992260
463	1.875661
464	1.804800
465	1.852455
466	4.657747
467	1.928652
468	2.057596
469	2.071980
470	1.815654
471	1.986027
472	2.103569
473	2.157080
474	2.414417
475	2.536964
476	2.516285
477	1.921093
478	1.818214
479	1.979546
480	2.182592
481	2.080603
482	1.961352
483	1.874140
484	2.060558
485	1.962931
486	2.299610
487	1.621293
488	1.897207
489	2.456765
490	3.100405
491	1.969036
492	1.968174
493	4.435502
494	2.159767
495	3.707762
496	3.594022
497	1.960742
498	2.075668
499	3.555347
500	1.912224
501	1.797358
502	3.391886
503	1.964227
504	1.923773
505	2.088087
506	1.698529
507	1.792231
508	1.742469
509	2.003721
510	4.327897
511	1.797471
512	2.196431
513	1.796831
514	2.136468
515	2.247443
516	1.797028
517	2.074103
518	2.034920
519	1.978608
520	2.207443
521	2.322499
522	2.135276
523	2.767832
524	2.222475
525	2.064244
526	1.996997
527	1.759121
528	5.263781
529	1.966776
530	3.498770
531	2.044504
532	1.883695
533	1.771131
534	1.744075
535	2.136118
536	1.992237
537	1.747054
538	1.822555
539	1.886636
540	3.385913
541	2.099666
542	2.083410
543	1.886051
544	1.737700
545	1.791817
546	1.858198
547	2.290284
548	1.938090
549	1.942704
550	1.895492
551	1.884806
552	1.762443
553	1.829647
554	1.772962
555	1.989371
556	1.981261
557	1.787206
558	1.935512
559	1.754681
560	2.264908
561	4.657101
562	4.693344
563	3.154745
564	3.822773
565	3.916454
566	5.010408
567	4.026858
568	1.707103
569	2.036962
570	2.368334
571	1.906332
572	4.838037
573	2.160394
574	5.140767
575	2.307509
576	2.023586
577	1.965427
578	3.890990
579	1.965526
580	2.413004
581	1.923176
582	1.911022
583	1.953100
584	2.054117
585	1.830135
586	2.073862
587	1.867244
588	3.530296
589	2.056527
590	1.997524
591	1.982171
592	2.272025
593	1.902866
594	2.014969
595	4.345333
596	4.515021
597	4.002699
598	4.305417
599	3.883505
600	2.878055
601	2.705660
602	2.084802
603	3.637195
604	3.583001
605	4.011658
606	3.580097
607	4.304855
608	4.003736
609	2.634122
610	2.055674
611	2.063636
612	3.275194
613	2.947577
614	2.106470
615	2.318923
616	3.253138
617	3.776096
618	3.511551
619	3.813778
620	3.257653
621	3.525405
622	2.445117
623	3.892584
624	1.847969
625	1.800971
626	2.477114
627	1.936439
628	3.402545
629	2.046019
630	2.205924
631	2.099927
632	3.183111
633	2.314002
634	2.139975
635	1.888704
636	2.143455
637	1.800027
638	2.011392
639	2.034110
640	2.157337
641	2.663401
642	1.932797
643	1.956785
644	4.054308
645	1.999448
646	4.692056
647	2.115183
648	1.907591
649	2.106369
650	1.910523
651	1.999276
652	1.844804
653	2.054312
654	3.498644
655	4.207458
656	2.234862
657	1.896233
658	2.275302
659	2.401584
660	1.832621
661	4.194484
662	1.859811
663	1.943117
664	2.069443
665	1.949590
666	3.681167
667	3.978317
668	2.083866
669	1.857743
670	2.040048
671	2.264531
672	1.804716
673	2.081465
674	2.194582
675	1.879310
676	1.907773
677	2.056258
678	2.200954
679	1.741438
680	2.706028
681	3.501155
682	2.060437
683	2.010645
684	2.290088
685	2.960490
686	2.182979
687	2.004347
688	2.199114
689	1.970230
690	3.529394
691	3.235770
692	4.058154
693	3.564394
694	3.236138
695	3.469148
696	3.984233
697	1.972891
698	3.206914
699	1.825538
700	2.071927
701	2.048049
702	1.927693
703	1.717148
704	3.001818
705	1.867913
706	1.974311
707	1.817829
708	1.860781
709	3.459610
710	3.413532
711	1.717585
712	3.356546
713	3.035489
714	3.531205
715	1.878457
716	2.062740
717	4.462297
718	1.985825
719	3.140335
720	3.068386
721	1.820852
722	1.972081
723	1.834583
724	2.907440
725	3.178945
726	3.556881
727	2.116059
728	3.604903
729	3.391770
730	3.680787
731	3.632299
732	3.033546
733	1.881730
734	1.948898
735	2.325448
736	2.138058
737	3.732961
738	1.976689
739	2.304365
740	1.866280
741	2.279122
742	4.646612
743	1.908846
744	2.087510
745	2.000751
746	1.831804
747	3.879730
748	3.793494
749	4.059423
750	4.389282
751	1.723544
752	2.047947
753	3.398043
754	1.935926
755	2.052340
756	4.016639
757	2.135110
758	1.946920
759	4.329492
760	2.194835
761	2.134923
762	2.057330
763	2.051075
764	1.864107
765	3.614913
766	2.097354
767	2.521549
768	1.654145
769	1.938789
770	1.877497
771	1.836434
772	3.156043
773	3.907442
774	3.963445
775	4.287960
776	2.128122
777	1.857663
778	4.839029
779	1.901736
780	4.661696
781	1.964815
782	3.156992
783	3.466943
784	2.830316
785	4.392653
786	4.285699
787	4.205723
788	3.594455
789	4.004508
790	3.766935
791	3.551127
792	3.996524
793	2.523906
794	3.836495
795	1.961250
796	2.254018
797	4.191730
798	4.793225
799	4.673864
800	4.095180
801	4.538844
802	4.071781
803	4.015146
804	4.120813
805	4.236826
806	4.668501
807	3.680353
808	2.013181
809	3.299122
810	4.843665
811	4.359220
812	4.708375
813	4.642532
814	2.130541
815	3.230341
816	4.447825
817	4.068721
818	3.534472
819	3.627509
820	3.732144
821	3.306116
822	4.182703
823	3.814631
824	4.334535
825	4.390002
826	4.654181
827	4.461759
828	3.736751
829	3.018974
830	3.774466
831	1.895469
832	3.545095
833	3.279588
834	4.327239
835	4.314870
836	4.696531
837	3.271483
838	3.264751
839	4.296708
840	3.891092
841	3.546421
842	2.789068
843	3.241774
844	3.302999
845	4.063742
846	3.933181
847	3.183049
848	3.644009
849	2.032403
850	2.882403
851	3.999011
852	3.053687
853	3.242638
854	3.805089
855	4.062154
856	4.727558
857	2.967457
858	3.178805
859	2.084347
860	4.287587
861	2.003845
862	3.445824
863	4.084764
864	3.255243
865	4.281894
866	1.992837
867	4.190191
868	2.470810
869	2.794962
870	3.675810
871	3.740774
872	2.065873
873	4.235811
874	2.860437
875	3.233202
876	4.414716
877	3.732065
878	2.861434
879	3.041891
880	3.987314
881	3.777486
882	3.802749
883	3.844037
884	4.103890
885	4.119514
886	4.011746
887	3.051245
888	3.372966
889	2.113030
890	1.972943
891	3.138790
892	5.003818
893	4.128989
894	3.147483
895	2.386606
896	2.238057
897	3.638942
898	3.284032
899	3.619741
900	2.052949
901	3.968886
902	4.016889
903	3.882022
904	4.019127
905	3.838151
906	2.067584
907	3.164002
908	2.906320
909	2.905771
910	3.690028
911	3.710054
912	4.082779
913	3.541878
914	3.797396
915	4.403566
916	3.635877
917	3.323207
918	1.889153
919	3.888777
920	2.065042
921	3.380016
922	2.454425
923	2.437417
924	1.844478
925	3.222576
926	4.570798
927	1.873420
928	1.890978
929	4.366519
930	1.712250
931	1.898999
932	1.849487
933	1.740259
934	4.909063
935	2.187830
936	2.063153
937	2.053753
938	1.920703
939	2.098118
940	1.876752
941	2.422973
942	1.907171
943	1.913113
944	2.055090
945	2.025462
946	1.852053
947	2.005119
948	1.880079
949	1.766352
950	2.111753
951	1.911676
952	1.917316
953	2.275521
954	2.047976
955	1.850027
956	2.529939
957	2.146484
958	4.512161
959	2.653640
960	2.079544
961	2.071351
962	1.812651
963	1.955353
964	1.869252
965	2.032535
966	2.171636
967	2.218560
968	1.992134
969	2.750744
970	4.146637
971	1.803635
972	1.832185
973	1.985750
974	2.069903
975	1.756047
976	1.940464
977	2.060606
978	1.952664
979	2.778814
980	2.118536
981	1.877472
982	2.965974
983	2.025069
984	1.723891
985	1.752628
986	1.912851
987	1.952307
988	2.006238
989	2.170854
990	1.828579
991	2.378802
992	1.839158
993	1.747968
994	2.050389
995	2.116459
996	1.748858
997	1.888941
998	2.141446
999	1.755931
1000	1.839404
1001	1.959135
1002	2.092485
1003	1.823650
1004	1.807763
1005	2.251529
1006	2.315880
1007	2.041055
1008	1.662197
1009	2.097261
1010	1.824089
1011	1.716304
1012	2.024845
1013	1.899947
1014	2.220766
1015	2.431256
1016	1.862714
1017	2.004720
1018	2.222296
1019	2.249046
1020	2.122378
1021	2.139834
1022	1.932046
1023	1.733493
1024	2.839068
1025	2.095474
1026	1.875552
1027	1.847809
1028	1.844422
1029	1.677082
1030	1.841033
1031	1.843802
1032	1.802333
1033	1.782973
1034	1.747512
1035	2.935660
1036	2.203019
1037	1.880345
1038	1.809257
1039	1.980758
1040	1.886398
1041	1.763434
1042	1.957652
1043	2.079568
1044	1.863441
1045	2.113128
1046	2.102233
1047	2.110877
1048	2.507710
1049	2.054116
1050	2.287288
1051	1.988389
1052	1.714000
1053	2.003024
1054	1.922940
1055	1.921693
1056	2.114592
1057	2.228473
1058	2.051587
1059	5.255263
1060	3.097645
1061	2.170785
1062	1.852513
1063	2.017203
1064	2.078653
1065	2.007015
1066	1.949256
1067	2.094039
1068	1.793794
1069	3.328635
1070	2.022746
1071	1.794883
1072	1.959822
1073	2.339016
1074	1.982397
1075	2.200227
1076	1.900421
1077	1.935407
1078	1.866012
1079	2.053607
1080	2.007660
1081	1.799582
1082	2.679758
1083	1.855289
1084	3.047048
1085	1.880691
1086	4.232175
1087	3.856708
1088	2.163978
1089	2.556423
1090	2.247241
1091	2.398229
1092	2.121602
1093	2.429547
1094	1.964510
1095	2.272443
1096	2.054605
1097	1.943272
1098	1.724730
1099	2.178508
1100	1.884408
1101	2.507369
1102	1.716976
1103	1.593549
1104	1.749828
1105	1.957806
1106	1.851189
1107	2.524797
1108	2.253019
1109	1.830873
1110	1.900867
1111	1.884143
1112	1.956249
1113	2.050781
1114	2.024895
1115	1.892538
1116	1.849380
1117	1.818047
1118	2.072101
1119	1.911073
1120	2.304389
1121	2.004446
1122	2.377414
1123	1.800500
1124	2.008007
1125	2.012436
1126	2.110307
1127	1.926292
1128	1.952281
1129	2.204384
1130	2.019134
1131	1.924711
1132	1.844289
1133	2.007512
1134	2.037841
1135	2.017375
1136	2.531619
1137	1.927588
1138	2.121533
1139	1.840135
1140	2.006938
1141	2.084252
1142	1.941855
1143	1.927200
1144	1.898077
1145	1.858278
1146	1.960944
1147	1.865155
1148	1.822446
1149	2.217092
1150	1.821896
1151	2.051488
1152	2.334951
1153	1.761818
1154	2.001024
1155	1.810441
1156	1.872379
1157	2.354486
1158	2.031773
1159	2.062861
1160	2.136609
1161	1.848406
1162	1.904731
1163	2.101452
1164	2.197841
1165	3.971033
1166	2.199135
1167	2.518017
1168	4.132132
1169	3.177766
1170	3.590696
1171	3.156487
1172	3.195714
1173	2.379140
1174	3.289756
1175	2.224656
1176	1.927562
1177	1.973551
1178	1.856368
1179	1.800391
1180	2.556286
1181	1.999124
1182	2.228408
1183	1.809475
1184	2.115183
1185	2.093466
1186	2.178921
1187	2.043845
1188	1.901289
1189	1.925148
1190	1.777779
1191	1.799860
1192	2.016805
1193	1.939741
1194	2.206401
1195	1.986884
1196	1.968172
1197	1.802307
1198	1.972664
1199	2.207374
1200	1.833849
1201	1.875446
1202	2.163445
1203	2.089545
1204	2.019357
1205	1.754480
1206	2.100858
1207	2.463128
1208	2.006988
1209	1.983153
1210	1.915777
1211	2.211380
1212	1.774654
1213	1.962499
1214	1.938170
1215	2.626442
1216	2.268919
1217	2.515651
1218	2.187261
1219	1.894969
1220	1.961734
1221	2.356778
1222	2.282672
1223	2.224098
1224	2.068888
1225	2.017376
1226	4.230178
1227	2.791449
1228	1.810056
1229	2.439876
1230	1.896024
1231	2.088322
1232	1.909894
1233	1.810439
1234	1.966751
1235	2.015413
1236	1.827183
1237	2.001026
1238	1.997876
1239	2.086579
1240	2.233339
1241	1.917002
1242	1.721512
1243	1.918204
1244	2.097163
1245	1.774765
1246	1.904127
1247	1.781798
1248	1.956577
1249	1.875873
1250	2.082954
1251	1.970682
1252	2.069228
1253	1.807790
1254	1.843583
1255	2.065164
1256	1.983254
1257	2.270793
1258	1.930205
1259	1.977221
1260	1.693045
1261	2.542812
1262	1.907512
1263	2.219438
1264	1.800806
1265	2.614842
1266	1.999347
1267	1.981186
1268	2.434048
1269	1.985947
1270	1.884383
1271	1.697234
1272	1.761078
1273	1.759773
1274	2.150465
1275	1.818378
1276	2.030641
1277	1.862286
1278	1.819834
1279	2.094301
1280	1.957908
1281	2.275920
1282	2.213526
1283	1.863679
1284	1.848162
1285	1.795942
1286	1.916508
1287	2.169192
1288	1.925150
1289	1.840598
1290	2.211358
1291	1.795159
1292	1.770842
1293	1.980379
1294	1.747626
1295	2.090454
1296	1.962653
1297	1.920548
1298	2.196839
1299	1.997648
1300	2.253775
1301	1.787540
1302	2.193581
1303	1.836356
1304	1.842252
1305	1.922001
1306	2.147138
1307	2.342521
1308	1.677560
1309	2.134969
1310	2.062231
1311	1.857578
1312	1.849380
1313	1.805603
1314	1.848810
1315	1.993815
1316	1.899815
1317	1.803636
1318	1.853348
1319	2.144596
1320	2.029805
1321	1.882183
1322	2.153927
1323	1.803357
1324	1.980025
1325	1.890821
1326	1.946304
1327	1.775752
1328	2.081179
1329	2.292640
1330	1.980152
1331	1.919401
1332	1.924449
1333	1.907406
1334	2.113220
1335	2.055869
1336	2.100238
1337	1.879494
1338	2.314412
1339	2.027609
1340	1.865826
1341	1.818077
1342	1.775923
1343	1.893066
1344	1.917864
1345	2.091555
1346	1.930544
1347	2.020619
1348	1.895918
1349	2.073186
1350	1.848377
1351	2.048635
1352	1.975069
1353	2.280722
1354	1.868608
1355	1.880800
1356	1.870749
1357	2.021136
1358	2.473883
1359	3.573458
1360	2.133495
1361	2.532390
1362	3.318493
1363	2.015937
1364	2.031085
1365	2.079376
1366	2.835595
1367	2.043230
1368	2.115372
1369	1.845781
1370	2.246195
1371	1.937628
1372	2.131202
1373	2.343287
1374	1.920469
1375	2.009452
1376	2.050195
1377	1.885046
1378	2.011244
1379	2.137054
1380	1.869600
1381	2.226523
1382	1.934686
1383	1.948207
1384	3.214500
1385	3.575067
1386	1.989322
1387	2.017052
1388	1.894970
1389	2.082932
1390	1.810689
1391	1.960637
1392	2.165940
1393	1.806901
1394	1.946278
1395	1.896365
1396	2.114947
1397	1.993214
1398	2.021982
1399	1.897709
1400	1.929300
1401	1.900763
1402	1.790698
1403	1.964613
1404	1.863278
1405	1.999347
1406	2.026970
1407	2.000800
1408	1.968222
1409	1.873873
1410	1.855964
1411	1.776822
1412	2.238952
1413	1.995470
1414	2.291855
1415	2.879495
1416	1.848324
1417	1.942652
1418	2.332681
1419	1.980529
1420	2.461829
1421	2.108126
1422	2.091626
1423	1.939715
1424	2.515609
1425	1.827841
1426	4.131404
1427	1.952281
1428	2.077643
1429	1.978915
1430	1.850108
1431	2.683822
1432	1.886955
1433	1.779157
1434	1.801611
1435	1.914940
1436	1.926188
1437	1.877553
1438	1.772004
1439	2.170232
1440	2.039682
1441	1.816507
1442	1.729969
1443	1.793348
1444	1.950000
1445	2.008498
1446	2.095853
1447	1.841003
1448	2.036223
1449	1.978407
1450	2.011318
1451	2.075115
1452	1.935458
1453	1.914315
1454	2.050974
1455	1.836139
1456	1.854319
1457	1.810641
1458	2.258894
1459	2.444811
1460	2.564644
1461	3.226965
1462	4.012418
1463	2.129930
1464	1.975122
1465	2.156665
1466	2.209275
1467	1.767795
1468	1.993640
1469	2.433864
1470	3.167033
1471	2.223198
1472	1.998551
1473	2.117075
1474	1.892429
1475	1.943552
1476	1.968373
1477	2.206105
1478	2.290413
1479	2.010400
1480	1.804468
1481	2.276158
1482	1.867699
1483	2.621012
1484	2.472993
1485	2.151719
1486	2.001823
1487	1.919377
1488	2.480765
1489	1.904365
1490	1.862257
1491	2.321314
1492	1.925774
1493	1.776851
1494	1.902472
1495	1.866600
1496	2.045238
1497	1.657104
1498	1.857257
1499	1.776089
1500	2.188764
1501	1.954023
1502	1.927225
1503	1.912955
1504	1.733090
1505	1.961354
1506	2.264198
1507	1.897843
1508	1.992111
1509	1.947046
1510	2.398060
1511	1.874300
1512	1.843392
1513	1.830709
1514	1.769690
1515	2.027659
1516	2.036420
1517	2.362097
1518	2.383801
1519	1.881305
1520	1.883244
1521	2.647642
1522	1.865180
1523	2.232710
1524	1.839074
1525	1.966138
1526	2.142520
1527	1.785106
1528	1.918178
1529	1.797249
1530	1.955658
1531	1.818817
1532	1.939175
1533	1.870429
1534	1.950131
1535	1.985274
1536	1.881329
1537	1.951512
1538	1.972537
1539	1.849702
1540	2.015463
1541	1.939948
1542	1.670239
1543	1.914104
1544	1.977927
1545	1.999526
1546	2.044235
1547	1.918045
1548	1.955759
1549	1.751828
1550	1.942010
1551	1.877527
1552	1.812125
1553	2.015464
1554	1.924810
1555	1.802498
1556	1.722642
1557	1.993717
1558	2.022622
1559	2.050390
1560	2.030125
1561	2.238168
1562	1.905439
1563	1.931685
1564	2.197156
1565	1.962500
1566	1.902971
1567	1.681338
1568	1.886320
1569	1.875236
1570	1.982147
1571	1.740719
1572	1.938713
1573	2.390438
1574	1.921535
1575	2.047193
1576	1.822579
1577	2.128333
1578	2.003350
1579	1.802799
1580	1.955558
1581	2.427884
1582	2.277564
1583	2.028941
1584	1.862527
1585	1.841441
1586	1.743851
1587	1.878855
1588	1.741554
1589	1.939432
1590	1.709062
1591	1.925046
1592	1.798883
1593	2.311582
1594	2.284953
1595	2.087797
1596	1.951437
1597	2.169010
1598	1.895179
1599	2.164000
1600	1.889045
1601	2.009105
1602	2.036418
1603	1.961887
1604	2.045216
1605	2.105113
1606	1.846646
1607	2.065650
1608	2.056481
1609	1.991507
1610	1.941365
1611	1.898684
1612	2.154022
1613	1.995445
1614	1.995871
1615	2.082115
1616	2.002122
1617	3.691220
1618	3.657582
1619	1.913870
1620	2.292814
1621	2.111015
1622	2.211313
1623	2.121014
1624	1.715841
1625	2.354164
1626	1.771831
1627	1.861961
1628	1.978536
1629	1.896182
1630	2.622766
1631	1.967764
1632	2.374889
1633	2.286086
1634	1.843774
1635	1.842444
1636	1.988191
1637	2.041251
1638	2.083534
1639	1.935719
1640	1.763886
1641	1.756986
1642	2.128473
1643	1.779719
1644	2.426560
1645	1.946303
1646	2.003647
1647	1.950956
1648	1.706486
1649	1.833627
1650	2.448936
1651	1.887034
1652	2.164623
1653	1.876003
1654	2.446446
1655	1.959646
1656	2.120810
1657	2.065478
1658	1.897737
1659	2.448244
1660	1.819282
1661	2.362065
1662	1.921199
1663	1.944889
1664	1.974260
1665	1.817970
1666	1.994017
1667	1.789750
1668	2.074271
1669	1.931445
1670	2.089854
1671	2.377120
1672	1.998751
1673	1.932412
1674	2.462660
1675	2.245751
1676	1.862523
1677	2.066419
1678	2.280485
1679	1.906856
1680	2.175613
1681	2.385120
1682	1.841143
1683	2.122853
1684	2.367553
1685	1.826856
1686	1.873951
1687	1.979977
1688	1.951050
1689	2.053241
1690	1.850651
1691	2.194288
1692	2.002150
1693	1.972968
1694	2.106112
1695	1.829451
1696	2.123908
1697	1.954225
1698	1.877600
1699	2.231727
1700	1.683388
1701	2.099550
1702	1.986430
1703	2.123112
1704	1.864239
1705	2.075214
1706	1.911361
1707	2.054531
1708	3.519901
1709	1.765136
1710	2.203089
1711	2.014796
1712	2.151346
1713	1.759600
1714	1.875983
1715	4.310185
1716	1.987034
1717	1.853671
1718	1.915228
1719	1.851488
1720	1.894329
1721	2.060245
1722	2.496597
1723	2.113647
1724	2.401226
1725	1.887541
1726	1.884701
1727	2.161991
1728	2.030664
1729	1.977142
1730	1.808731
1731	2.134712
1732	1.910472
1733	2.521649
1734	2.156708
1735	2.273895
1736	1.883455
1737	1.876510
1738	2.315576
1739	1.915491
1740	2.034252
1741	2.544661
1742	1.978082
1743	2.263936
1744	1.941677
1745	1.920232
1746	2.082767
1747	2.426726
1748	2.131552
1749	1.947513
1750	2.317174
1751	1.877551
1752	1.866037
1753	1.925698
1754	2.219280
