0	7.286541
1	10.343369
2	9.886042
3	9.869646
4	9.713110
5	11.072409
6	9.756489
7	9.335538
8	10.170443
9	10.305232
10	9.988433
11	9.662137
12	9.909172
13	9.865458
14	9.852214
15	9.666592
16	9.894474
17	9.650913
18	9.461462
19	9.802928
20	10.074142
21	9.352846
22	9.572598
23	10.288198
24	9.767713
25	9.812115
26	10.740042
27	10.678262
28	10.275537
29	10.146571
30	10.136494
31	10.372711
32	10.893421
33	10.540019
34	11.340854
35	13.584023
36	12.876872
37	12.152489
38	13.474397
39	11.800631
40	13.180064
41	11.294353
42	10.945653
43	11.324123
44	11.907861
45	9.103910
46	11.324216
47	10.463278
48	10.250842
49	10.155619
50	11.344239
51	12.753922
52	11.805528
53	11.966403
54	11.855228
55	13.814952
56	13.756917
57	11.261353
58	12.027278
59	11.490102
60	12.029289
61	11.391667
62	11.166178
63	11.415093
64	11.782262
65	9.138405
66	10.214865
67	10.659580
68	10.495473
69	10.519496
70	9.593025
71	10.497594
72	10.235456
73	9.567573
74	11.541602
75	11.916026
76	9.893661
77	10.012650
78	11.394678
79	12.934485
80	11.847959
81	11.465534
82	11.780654
83	12.338558
84	11.445498
85	10.372370
86	12.173797
87	10.973372
88	12.144216
89	11.736588
90	12.014858
91	11.799239
92	9.453600
93	11.597762
94	11.413373
95	11.750143
96	10.872832
97	10.175745
98	11.669019
99	12.564526
100	10.929853
101	11.493347
102	11.305189
103	11.150071
104	11.178174
105	11.940379
106	11.741798
107	11.258838
108	12.255339
109	11.816533
110	10.916174
111	10.734868
112	10.362899
113	11.294614
114	12.200250
115	11.743977
116	11.773382
117	10.412634
118	10.511819
119	10.243728
120	10.006730
121	10.524792
122	10.514627
123	10.162610
124	10.128790
125	10.783708
126	10.468932
127	10.721544
128	10.216325
129	9.998534
130	10.641260
131	10.323889
132	9.987157
133	10.894263
134	9.924256
135	10.535136
136	10.830646
137	10.051617
138	10.585662
139	10.712226
140	10.104522
141	10.058276
142	9.790151
143	10.065533
144	9.963282
145	10.062627
146	10.557903
147	9.969030
148	10.167274
149	10.097412
150	10.604622
151	10.012241
152	10.065480
153	10.506569
154	10.218779
155	9.666699
156	9.513306
157	9.870991
158	9.740021
159	10.243580
160	10.184071
161	10.534013
162	10.123619
163	10.568995
164	10.617463
165	10.414541
166	10.307707
167	10.001442
168	9.741196
169	10.633734
170	10.789528
171	9.941882
172	9.733596
173	9.393188
174	8.891478
175	8.941725
176	9.908310
177	10.018332
178	10.111902
179	10.049575
180	10.860451
181	11.389454
182	10.605662
183	10.177942
184	9.625690
185	9.305016
186	9.868277
187	10.860508
188	10.540539
189	10.156009
190	9.801758
191	9.381145
192	9.393215
193	9.808630
194	9.379796
195	9.812220
196	9.704047
197	9.813772
198	9.756901
199	9.201520
200	10.128971
201	9.434173
202	8.921176
203	9.073036
204	11.544040
205	10.735823
206	10.398702
207	10.832680
208	10.365859
209	11.065594
210	11.381563
211	10.082784
212	9.943648
213	10.344536
214	10.499207
215	10.906607
216	9.774917
217	10.131498
218	9.915335
219	9.581235
220	11.231395
221	10.138710
222	10.710822
223	10.708938
224	10.889563
225	9.945330
226	10.401707
227	9.873939
228	11.293739
229	10.176407
230	10.498061
231	10.698310
232	9.980099
233	10.606228
234	10.480655
235	10.285275
236	10.785724
237	10.927778
238	9.882694
239	10.606872
240	9.560233
241	10.381412
242	10.128867
243	10.244146
244	9.869434
245	10.110142
246	10.805208
247	9.936945
248	9.986285
249	10.457729
250	10.738386
251	10.629184
252	10.377581
253	10.195570
254	10.582273
255	9.846351
256	11.160907
257	10.123918
258	10.475334
259	9.949296
260	10.029865
261	10.491681
262	10.246510
263	10.241488
264	10.309636
265	10.537195
266	9.718222
267	9.844904
268	10.729795
269	9.929284
270	10.199626
271	9.912909
272	10.570843
273	10.474413
274	10.237178
275	10.020584
276	10.023977
277	10.659046
278	10.259562
279	11.549998
280	10.192600
281	9.436923
282	9.958848
283	10.612432
284	10.511980
285	10.703276
286	10.643922
287	10.964511
288	10.682533
289	10.617547
290	10.604218
291	10.964425
292	10.209022
293	9.384274
294	10.230932
295	10.745951
296	10.617439
297	10.578141
298	10.433723
299	9.661355
300	10.233459
301	10.130855
302	10.420156
303	9.778395
304	9.634790
305	9.144952
306	10.553189
307	10.007187
308	10.212209
309	10.481895
310	9.969406
311	9.995423
312	9.899442
313	10.305858
314	9.756362
315	9.630163
316	9.851822
317	9.881116
318	10.178656
319	10.292178
320	10.405067
321	9.833010
322	10.206636
323	10.439438
324	10.180704
325	9.808588
326	9.888752
327	10.340196
328	10.653886
329	10.161291
330	10.572063
331	10.114034
332	10.242332
333	11.076014
334	10.949214
335	10.697076
336	10.582561
337	11.541778
338	10.056308
339	10.801455
340	9.833220
341	10.042572
342	10.693765
343	10.792479
344	10.299108
345	9.794269
346	10.697177
347	10.108311
348	10.328470
349	10.529596
350	10.292552
351	9.574761
352	9.954270
353	10.347372
354	10.237959
355	10.114593
356	9.852324
357	9.817160
358	10.680741
359	10.167994
360	10.664338
361	10.607295
362	10.221174
363	10.040085
364	10.309074
365	10.127206
366	10.757110
367	9.962659
368	10.138808
369	10.151614
370	9.579900
371	9.923895
372	10.203944
373	10.466516
374	9.743075
375	10.286151
376	10.315865
377	10.778006
378	10.393160
379	10.573896
380	9.906542
381	9.889480
382	10.417544
383	10.495123
384	10.285552
385	10.336514
386	10.143516
387	10.308101
388	10.533488
389	10.070763
390	10.484970
391	10.058012
392	10.008266
393	9.196357
394	9.502894
395	9.934715
396	9.503042
397	9.811812
398	9.950947
399	9.269414
400	10.333198
401	9.964431
402	10.086118
403	9.485785
404	9.799205
405	10.364502
406	9.567159
407	9.040204
408	9.266558
409	9.660570
410	10.104342
411	9.574499
412	9.692544
413	10.162214
414	8.981956
415	9.951031
416	9.783034
417	9.621984
418	9.454570
419	9.863599
420	9.939688
421	9.564619
422	10.074269
423	10.463984
424	11.137263
425	10.564492
426	10.279393
427	10.184119
428	10.229335
429	10.708006
430	10.558831
431	11.320304
432	9.815809
433	10.079713
434	10.306916
435	10.692251
436	10.317575
437	10.522024
438	10.820749
439	10.510074
440	10.214646
441	10.518526
442	10.369534
443	10.691939
444	10.627513
445	9.259560
446	10.006886
447	9.130239
448	10.782077
449	10.369080
450	10.180046
451	10.006316
452	10.238059
453	10.404772
454	10.129710
455	10.137268
456	10.728348
457	10.379306
458	10.291329
459	10.089744
460	10.040938
461	10.048054
462	9.584669
463	10.304916
464	9.831317
465	9.731450
466	10.399282
467	10.107318
468	10.339835
469	9.777061
470	9.580970
471	9.695180
472	11.117496
473	9.961309
474	11.100984
475	10.385587
476	10.066569
477	10.136607
478	10.634913
479	10.388812
480	9.638281
481	10.106084
482	10.282693
483	10.718304
484	10.110296
485	10.640664
486	10.179436
487	10.673349
488	11.544861
489	10.206753
490	10.068667
491	9.735433
492	10.330587
493	11.778591
494	11.525539
495	11.299530
496	11.206576
497	10.541974
498	9.967241
499	9.129482
500	11.635015
501	10.295252
502	11.342121
503	11.576742
504	9.814063
505	10.816254
506	10.169318
507	9.974197
508	9.806294
509	10.036113
510	10.173668
511	10.357129
512	10.795798
513	10.720415
514	10.055053
515	9.993586
516	10.314426
517	9.950645
518	10.451800
519	10.638062
520	10.153373
521	11.513878
522	11.212817
523	10.149190
524	10.651248
525	10.836163
526	9.560742
527	9.873240
528	9.757363
529	9.909859
530	10.285897
531	9.416442
532	10.958525
533	10.660106
534	10.065412
535	10.323163
536	10.295169
537	10.287427
538	10.302120
539	9.973919
540	10.368562
541	9.756324
542	10.653836
543	10.007820
544	10.376808
545	10.215308
546	10.862398
547	9.934410
548	10.940904
549	10.199269
550	10.023241
551	9.700233
552	9.993487
553	10.714752
554	9.807715
555	9.279664
556	9.922649
557	10.295287
558	10.290052
559	9.900772
560	9.919299
561	10.345501
562	10.494441
563	10.430511
564	9.505988
565	10.639350
566	10.655528
567	10.559404
568	10.033009
569	10.151374
570	10.261121
571	10.743667
572	10.774481
573	10.490462
574	9.870471
575	9.818500
576	10.211651
577	10.157449
578	12.036167
579	10.356691
580	10.335555
581	9.925664
582	9.951819
583	10.229459
584	10.167173
585	10.464478
586	10.669970
587	9.960391
588	10.543377
589	10.895639
590	11.029523
591	10.800508
592	10.248709
593	11.726215
594	11.362828
595	10.822261
596	9.330306
597	9.580757
598	10.232407
599	9.545026
600	9.982484
601	10.200909
602	10.301232
603	9.752518
604	10.250095
605	9.976792
606	10.145767
607	9.618682
608	9.933951
609	9.958317
610	9.682980
611	9.921537
612	9.822302
613	10.252932
614	10.407372
615	10.322506
616	9.893842
617	10.157387
618	10.605417
619	9.671268
620	10.314316
621	10.127657
622	10.375114
623	9.889445
624	8.993436
625	9.981975
626	9.947241
627	10.229955
628	10.146176
629	10.221907
630	10.553660
631	9.940064
632	9.877878
633	9.365670
634	10.253434
635	9.352528
636	11.009801
637	10.161304
638	10.465056
639	10.593800
640	10.415041
641	10.447100
642	10.172150
643	9.786757
644	9.519223
645	10.677457
646	10.698565
647	9.795656
648	9.983155
649	9.996405
650	10.385659
651	10.349979
652	9.833249
653	10.744714
654	9.747071
655	10.583448
656	10.131161
657	10.230166
658	10.762965
659	10.353192
660	10.123943
661	10.518364
662	10.851419
663	10.058614
664	8.879466
665	10.141726
666	10.064457
667	10.405887
668	10.104380
669	9.384759
670	10.275787
671	8.618608
672	9.434242
673	10.235095
674	10.458700
675	9.977260
676	9.580010
677	9.785647
678	10.192727
679	10.184052
680	10.862950
681	9.973455
682	6.782455
683	8.288463
684	10.519150
685	10.866011
686	10.415456
687	9.461020
688	8.277553
689	8.240924
690	9.875813
691	10.126629
692	9.808512
693	10.096776
694	10.283551
695	9.914922
696	10.803427
697	10.096742
698	10.833293
699	8.512137
700	7.107356
701	7.442547
702	6.430474
703	6.674953
704	9.371842
705	10.262737
706	9.277421
707	9.639134
708	8.539375
709	10.390163
710	11.079991
711	7.579096
712	10.302160
713	9.569958
714	10.326035
715	10.153394
716	7.769233
717	10.226110
718	10.024675
719	10.115049
720	10.492521
721	9.659866
722	10.122811
723	9.804356
724	10.515257
725	10.512724
726	9.835009
727	7.905884
728	9.740206
729	9.963144
730	10.459049
731	9.989729
732	9.870780
733	10.065639
734	8.092379
735	10.309224
736	10.256968
737	10.772952
738	10.706339
739	9.887168
740	10.606781
741	10.152444
742	11.205895
743	10.923870
744	10.254863
745	10.596761
746	10.649738
747	10.469744
748	10.522176
749	10.629101
750	10.580667
751	10.547029
752	10.686577
753	10.520387
754	10.709871
755	10.369069
756	10.222170
757	10.520551
758	9.787037
759	10.168315
760	10.335899
761	10.196774
762	9.749415
763	10.430082
764	9.950624
765	10.802068
766	10.462923
767	10.668877
768	10.078354
769	9.808248
770	10.171145
771	10.326899
772	10.330824
773	10.173032
774	10.070845
775	10.658195
776	10.369743
777	9.548643
778	9.777404
779	10.466752
780	11.394036
781	9.867600
782	10.836576
783	10.484080
784	11.657108
785	10.810141
786	11.466969
787	11.246595
788	11.116871
789	11.547093
790	11.497904
791	11.732183
792	11.471225
793	10.060398
794	10.544387
795	10.524167
796	10.347257
797	10.909619
798	11.817573
799	11.322070
800	12.109248
801	11.518669
802	11.820895
803	11.760564
804	11.562088
805	12.057128
806	11.213302
807	11.281157
808	10.632091
809	11.768956
810	10.371388
811	11.391126
812	11.040883
813	10.567044
814	10.218655
815	10.664297
816	11.323832
817	11.638393
818	10.421171
819	11.420902
820	11.997870
821	11.562951
822	12.064998
823	9.343966
824	12.369373
825	11.266858
826	11.904932
827	12.382238
828	11.187480
829	11.080879
830	11.675344
831	11.590366
832	11.281324
833	11.291559
834	10.444314
835	11.710960
836	9.706921
837	10.454711
838	11.876701
839	10.771229
840	12.084986
841	10.041039
842	11.786390
843	11.210218
844	11.231343
845	12.226336
846	11.435747
847	10.505742
848	10.824682
849	10.566808
850	10.980495
851	11.505459
852	10.442888
853	11.768680
854	10.676166
855	11.108760
856	10.918672
857	10.076730
858	11.732740
859	10.245887
860	9.569383
861	10.018364
862	11.263399
863	10.932105
864	11.894474
865	11.122505
866	10.208551
867	11.198443
868	10.162400
869	10.884052
870	11.414138
871	9.100829
872	9.676864
873	11.328656
874	11.859483
875	11.307583
876	11.550239
877	11.835494
878	11.732916
879	11.667055
880	11.372131
881	11.620789
882	11.793206
883	11.280777
884	11.100345
885	11.779810
886	11.256029
887	11.453776
888	11.852502
889	9.930374
890	10.757993
891	10.597391
892	10.213827
893	11.087330
894	11.212961
895	11.913760
896	10.320222
897	12.207232
898	9.788323
899	11.422454
900	10.330463
901	11.195466
902	11.601095
903	11.523458
904	11.843860
905	10.070932
906	11.350148
907	11.561356
908	11.286603
909	11.040896
910	11.947493
911	11.326655
912	11.951394
913	11.976514
914	11.722666
915	10.258250
916	11.567558
917	10.457273
918	10.114575
919	11.726185
920	9.705803
921	12.504388
922	10.300937
923	10.045665
924	10.206601
925	11.704180
926	11.115343
927	10.857925
928	10.014115
929	10.061026
930	10.226951
931	9.619488
932	10.416345
933	9.568313
934	9.636851
935	9.459945
936	10.351105
937	9.946763
938	10.890624
939	9.949319
940	9.916824
941	9.885410
942	10.833665
943	10.565817
944	11.433619
945	11.885406
946	11.613244
947	10.088264
948	10.948281
949	11.424095
950	11.852026
951	11.630311
952	11.383183
953	12.057911
954	10.700272
955	10.030503
956	8.875590
957	10.663818
958	10.192889
959	10.788183
960	11.717087
961	11.705486
962	11.701919
963	11.231501
964	13.423472
965	12.443652
966	13.187763
967	11.499397
968	12.808439
969	13.226520
970	13.497952
971	13.662421
972	12.361772
973	12.416901
974	11.228703
975	12.006390
976	11.664137
977	11.776022
978	12.841969
979	12.331828
980	11.418421
981	11.255061
982	12.530986
983	10.734441
984	11.880397
985	11.255069
986	11.393885
987	11.725616
988	12.433237
989	11.612257
990	10.275150
991	10.616368
992	9.815808
993	9.940969
994	11.190869
995	10.071503
996	10.071396
997	12.243795
998	12.077887
999	11.562503
1000	11.516327
1001	11.628188
1002	10.734735
1003	11.004436
1004	10.676372
1005	11.710340
1006	10.870590
1007	11.413724
1008	11.903798
1009	11.395375
1010	11.541559
1011	11.647395
1012	11.579972
1013	12.952746
1014	11.191304
1015	10.955295
1016	12.125591
1017	11.706853
1018	11.301000
1019	10.486496
1020	10.976934
1021	11.101352
1022	11.157824
1023	11.215815
1024	12.826039
1025	11.565802
1026	12.036565
1027	11.093623
1028	11.015399
1029	11.729601
1030	11.802191
1031	11.672403
1032	11.872242
1033	12.436111
1034	11.571991
1035	12.186881
1036	11.895770
1037	12.303602
1038	12.095906
1039	11.448655
1040	10.661355
1041	10.908553
1042	11.405969
1043	10.664020
1044	10.461464
1045	11.314372
1046	11.318154
1047	11.003623
1048	11.684608
1049	11.447516
1050	12.341630
1051	11.229553
1052	11.126969
1053	11.558347
1054	11.230356
1055	11.198002
1056	11.179218
1057	11.098274
1058	10.676693
1059	11.953855
1060	12.038735
1061	10.740213
1062	10.635308
1063	11.163845
1064	11.272756
1065	10.662389
1066	10.527855
1067	11.200490
1068	11.160351
1069	11.956643
1070	11.538102
1071	10.032801
1072	9.654889
1073	11.898777
1074	10.486906
1075	10.813242
1076	11.440145
1077	11.594778
1078	10.928957
1079	11.118297
1080	11.910071
1081	10.632052
1082	11.441000
1083	11.230460
1084	9.939241
1085	11.604141
1086	10.966536
1087	12.168858
1088	11.842586
1089	11.436232
1090	12.521385
1091	11.940690
1092	12.613243
1093	10.937375
1094	10.881182
1095	11.735095
1096	11.629516
1097	9.367032
1098	13.310639
1099	11.587000
1100	11.542309
1101	9.225329
1102	11.232072
1103	11.915121
1104	10.426242
1105	10.862698
1106	10.838566
1107	11.669662
1108	11.802258
1109	11.987951
1110	12.144465
1111	12.397690
1112	10.984012
1113	11.201633
1114	11.661860
1115	11.568876
1116	11.399127
1117	11.305406
1118	11.372602
1119	11.729015
1120	11.746666
1121	11.643084
1122	11.526713
1123	11.429380
1124	12.116360
1125	10.464425
1126	11.686596
1127	11.576225
1128	11.280235
1129	11.979788
1130	12.015236
1131	11.864305
1132	11.010891
1133	11.262412
1134	11.536716
1135	12.186180
1136	12.081456
1137	11.530300
1138	11.761781
1139	11.761803
1140	12.299996
1141	12.650194
1142	12.794465
1143	12.797441
1144	12.185668
1145	12.013365
1146	12.487890
1147	12.070426
1148	11.647748
1149	11.000440
1150	10.845983
1151	12.803850
1152	12.177711
1153	13.102313
1154	13.000709
1155	12.131358
1156	11.136663
1157	11.354232
1158	10.744439
1159	12.361122
1160	12.522782
1161	12.334368
1162	13.518849
1163	11.728976
1164	13.118710
1165	13.247450
1166	12.662992
1167	13.163422
1168	14.195725
1169	13.756062
1170	13.514215
1171	14.443546
1172	13.754494
1173	14.697178
1174	12.800364
1175	11.861949
1176	12.811670
1177	12.450243
1178	12.243423
1179	12.456212
1180	12.382200
1181	13.120998
1182	14.082292
1183	12.054133
1184	11.023664
1185	12.419344
1186	12.456849
1187	11.475366
1188	11.187461
1189	10.276352
1190	11.637011
1191	12.171298
1192	11.482407
1193	10.931359
1194	10.341467
1195	10.566562
1196	9.922964
1197	10.436517
1198	10.948941
1199	11.606728
1200	12.043624
1201	11.593818
1202	10.467975
1203	10.635848
1204	12.452453
1205	12.754865
1206	10.907784
1207	13.008078
1208	11.126131
1209	11.398645
1210	11.333235
1211	12.233428
1212	11.745509
1213	11.648667
1214	12.690603
1215	10.863024
1216	11.623710
1217	11.788977
1218	11.832239
1219	10.889019
1220	11.212086
1221	11.221678
1222	11.911316
1223	10.480081
1224	12.166268
1225	11.862797
1226	11.972991
1227	11.951774
1228	12.555640
1229	11.359240
1230	11.235092
1231	11.397130
1232	10.594877
1233	11.290504
1234	11.446874
1235	11.416430
1236	10.825584
1237	10.284579
1238	11.073307
1239	11.248511
1240	11.178957
1241	11.086326
1242	11.233960
1243	10.145982
1244	10.277873
1245	11.577598
1246	10.212790
1247	10.310426
1248	10.636901
1249	10.724257
1250	11.372188
1251	11.406374
1252	11.364063
1253	10.788001
1254	11.115072
1255	10.753092
1256	12.485140
1257	12.272196
1258	11.730000
1259	11.769492
1260	10.383843
1261	11.934632
1262	11.625599
1263	11.668441
1264	12.135735
1265	11.546292
1266	10.643843
1267	12.643723
1268	12.182467
1269	11.074739
1270	11.492068
1271	11.691561
1272	10.809255
1273	10.747915
1274	11.515119
1275	12.308648
1276	10.995468
1277	10.880441
1278	11.832084
1279	11.529901
1280	11.301395
1281	10.513457
1282	11.461604
1283	11.244136
1284	10.831641
1285	10.860782
1286	11.194587
1287	11.206151
1288	11.379058
1289	11.318946
1290	11.300238
1291	11.391415
1292	11.769058
1293	11.360537
1294	9.333909
1295	9.588354
1296	9.277987
1297	10.515370
1298	9.914300
1299	10.670175
1300	10.620298
1301	10.495358
1302	10.618991
1303	10.628961
1304	10.484937
1305	11.007600
1306	10.315416
1307	9.715598
1308	10.609573
1309	10.391521
1310	10.268088
1311	11.090513
1312	12.296679
1313	12.918179
1314	10.303984
1315	10.910791
1316	11.273124
1317	10.746073
1318	9.947666
1319	10.238532
1320	11.543944
1321	10.127872
1322	10.613976
1323	10.089684
1324	11.954484
1325	10.769987
1326	10.374498
1327	13.167768
1328	12.935207
1329	13.277417
1330	12.157584
1331	12.889142
1332	12.690052
1333	11.846273
1334	11.899588
1335	12.346339
1336	12.434632
1337	12.616508
1338	12.033792
1339	12.546705
1340	12.348829
1341	11.605678
1342	13.235668
1343	13.507382
1344	11.635249
1345	12.930491
1346	10.922860
1347	11.280698
1348	10.807286
1349	10.800546
1350	10.777168
1351	9.840267
1352	10.616153
1353	10.709576
1354	11.154312
1355	11.727361
1356	11.579347
1357	11.882030
1358	12.075919
1359	12.766974
1360	13.024565
1361	13.747569
1362	13.970832
1363	14.421107
1364	14.634842
1365	12.413789
1366	13.341283
1367	11.156707
1368	12.834086
1369	11.909601
1370	12.781668
1371	13.645603
1372	12.398678
1373	13.058317
1374	11.826298
1375	12.728582
1376	13.286938
1377	13.510392
1378	12.785773
1379	13.518300
1380	13.713129
1381	12.672807
1382	12.751494
1383	13.002347
1384	13.379580
1385	13.682756
1386	11.797408
1387	12.475346
1388	10.843013
1389	11.384781
1390	11.572232
1391	11.754990
1392	11.314119
1393	11.213999
1394	12.175126
1395	11.727361
1396	11.398690
1397	11.320820
1398	10.951407
1399	11.552725
1400	11.068572
1401	10.966763
1402	11.031421
1403	10.524164
1404	11.276689
1405	11.986145
1406	10.235888
1407	11.542079
1408	10.927162
1409	11.303273
1410	11.875158
1411	11.346061
1412	12.510305
1413	12.797479
1414	12.916452
1415	12.195923
1416	12.440054
1417	13.089481
1418	13.514681
1419	12.570576
1420	13.160373
1421	12.720988
1422	12.180978
1423	13.278967
1424	12.684277
1425	11.010929
1426	11.645916
1427	12.225287
1428	10.174926
1429	11.237537
1430	11.392365
1431	10.597626
1432	10.388575
1433	12.035902
1434	10.926691
1435	10.524680
1436	10.738629
1437	10.994879
1438	11.736050
1439	11.949319
1440	12.625930
1441	11.608026
1442	10.952139
1443	11.538980
1444	11.886522
1445	11.503844
1446	11.611467
1447	10.922095
1448	11.867288
1449	11.583946
1450	11.988934
1451	11.923544
1452	11.544911
1453	12.376503
1454	11.739256
1455	11.472775
1456	12.357788
1457	12.360297
1458	11.727968
1459	12.285593
1460	12.080277
1461	11.991937
1462	12.343102
1463	11.680778
1464	11.542418
1465	12.880272
1466	12.353861
1467	11.985764
1468	11.684793
1469	12.689736
1470	12.499760
1471	11.315220
1472	12.865414
1473	13.413791
1474	12.233598
1475	11.873525
1476	12.155332
1477	11.474062
1478	11.789162
1479	11.822480
1480	11.747591
1481	11.349390
1482	12.064073
1483	11.188002
1484	11.071142
1485	11.193885
1486	11.492132
1487	10.819327
1488	11.825115
1489	12.168920
1490	13.353244
1491	13.166780
1492	13.113401
1493	12.524956
1494	12.960407
1495	13.601062
1496	11.818808
1497	11.862356
1498	12.270066
1499	11.324505
1500	11.029146
1501	10.944720
1502	11.073116
1503	12.457948
1504	11.914112
1505	12.325035
1506	11.760946
1507	11.955976
1508	11.627677
1509	11.808449
1510	10.795393
1511	10.746823
1512	12.191819
1513	11.584276
1514	11.718847
1515	11.990042
1516	11.556070
1517	11.739326
1518	12.460405
1519	11.608952
1520	11.884792
1521	10.940009
1522	9.239269
1523	11.574594
1524	11.397637
1525	11.698182
1526	12.623346
1527	12.025365
1528	11.053548
1529	10.946503
1530	11.229299
1531	10.762861
1532	12.278964
1533	11.781491
1534	11.160707
1535	10.766154
1536	11.142898
1537	12.136165
1538	11.374979
1539	11.419482
1540	11.080606
1541	10.347474
1542	10.788424
1543	11.236698
1544	11.818130
1545	11.741673
1546	11.843884
1547	10.885207
1548	11.736107
1549	11.669814
1550	11.409107
1551	11.377683
1552	11.438746
1553	11.727476
1554	10.368288
1555	10.571481
1556	10.731025
1557	12.049870
1558	10.251031
1559	11.124538
1560	10.099693
1561	10.428164
1562	12.077902
1563	9.998691
1564	10.754458
1565	9.615333
1566	10.077248
1567	10.045619
1568	11.347555
1569	11.517554
1570	12.030340
1571	11.234610
1572	10.752182
1573	10.664173
1574	10.973737
1575	12.169690
1576	11.345757
1577	11.032186
1578	11.257113
1579	11.989916
1580	11.223035
1581	11.593662
1582	11.222848
1583	9.780994
1584	9.888382
1585	10.045526
1586	11.524592
1587	9.880879
1588	10.455567
1589	12.262046
1590	11.540682
1591	9.999767
1592	11.366971
1593	10.417570
1594	10.708551
1595	10.506978
1596	10.862843
1597	11.387069
1598	11.817319
1599	12.578099
1600	12.093805
1601	11.648922
1602	9.867667
1603	9.875998
1604	10.560324
1605	9.914721
1606	9.802195
1607	11.679556
1608	12.055824
1609	13.027122
1610	12.836674
1611	12.422676
1612	10.613627
1613	9.814754
1614	10.450866
1615	9.870488
1616	10.595489
1617	12.520404
1618	12.420179
1619	9.825981
1620	9.729203
1621	9.819871
1622	10.505794
1623	9.960043
1624	9.842655
1625	9.758254
1626	9.881426
1627	9.617175
1628	10.011561
1629	10.618390
1630	13.185554
1631	11.999021
1632	9.932463
1633	10.027692
1634	10.190353
1635	10.130641
1636	10.371639
1637	10.929653
1638	10.042455
1639	10.464482
1640	10.499712
1641	10.090911
1642	10.296454
1643	10.008596
1644	9.921827
1645	9.518866
1646	9.857269
1647	9.082736
1648	10.133617
1649	9.975979
1650	10.206059
1651	9.443246
1652	9.760427
1653	9.991730
1654	9.314871
1655	10.444577
1656	9.741349
1657	9.937124
1658	9.729844
1659	9.367402
1660	9.759088
1661	9.977963
1662	9.778140
1663	9.938099
1664	9.760795
1665	9.774775
1666	9.567790
1667	10.719476
1668	10.052012
1669	10.308167
1670	9.691222
1671	10.974285
1672	9.983962
1673	9.921958
1674	9.866562
1675	10.125155
1676	10.645928
1677	9.997647
1678	9.340222
1679	9.573138
1680	9.456106
1681	9.664536
1682	9.730978
1683	9.862931
1684	9.864831
1685	9.591012
1686	9.289251
1687	9.964698
1688	10.024903
1689	12.636718
1690	9.935752
1691	10.223936
1692	9.774644
1693	9.640625
1694	10.153254
1695	9.768694
1696	10.785811
1697	9.764676
1698	9.722066
1699	10.800782
1700	10.290356
1701	9.875483
1702	9.696983
1703	9.834336
1704	10.062515
1705	10.358596
1706	10.374341
1707	10.277281
1708	12.914400
1709	10.151778
1710	10.230051
1711	10.009704
1712	11.233256
1713	10.363228
1714	10.303253
1715	11.409637
1716	10.397951
1717	10.026870
1718	9.783198
1719	10.053458
1720	10.385745
1721	10.039154
1722	10.120605
1723	10.407902
1724	10.017733
1725	10.554094
1726	10.212523
1727	10.062810
1728	9.983403
1729	9.592429
1730	10.428271
1731	10.019608
1732	9.884988
1733	10.402914
1734	9.931659
1735	9.289250
1736	9.551549
1737	10.689314
1738	10.202708
1739	10.468150
1740	9.866356
1741	9.674675
1742	9.438538
1743	10.133530
1744	10.203146
1745	9.394818
1746	10.781771
1747	10.574884
1748	10.187415
1749	10.450622
1750	12.653102
1751	12.366838
1752	10.543529
1753	10.851383
1754	12.775295
0	7.286541
1	5.931154
2	7.065366
3	7.225787
4	5.543230
5	4.874466
6	6.038526
7	4.286968
8	5.196315
9	5.778398
10	3.452854
11	3.820394
12	3.672029
13	2.999384
14	3.408885
15	4.639116
16	4.051295
17	4.030803
18	3.964567
19	4.333245
20	4.127782
21	4.741318
22	4.787796
23	4.870627
24	4.349841
25	4.591481
26	5.053456
27	4.797832
28	4.593647
29	4.552430
30	4.485836
31	5.858275
32	6.674385
33	6.822030
34	6.851995
35	7.444582
36	6.789537
37	6.646045
38	6.534423
39	10.796541
40	7.370354
41	6.097919
42	7.108889
43	7.420083
44	7.508987
45	5.820224
46	6.732615
47	6.501692
48	8.045497
49	8.522687
50	7.945301
51	7.422399
52	9.012824
53	9.414376
54	7.667914
55	10.036380
56	9.723055
57	10.453564
58	11.553376
59	11.204596
60	10.210362
61	9.715432
62	8.315841
63	10.979782
64	10.148601
65	8.066144
66	9.732841
67	9.758288
68	8.706102
69	8.994448
70	10.481107
71	13.360836
72	12.209618
73	12.291741
74	11.124608
75	10.716926
76	10.381756
77	10.758374
78	10.474316
79	11.020344
80	12.295864
81	12.654076
82	11.376868
83	14.378291
84	8.739353
85	8.248430
86	10.057321
87	8.961311
88	12.870452
89	11.144660
90	11.950972
91	9.514883
92	14.023614
93	11.277317
94	12.627545
95	14.622349
96	14.066544
97	14.859478
98	13.216273
99	10.655280
100	10.621175
101	9.570778
102	9.429893
103	10.203344
104	10.039008
105	9.624650
106	9.532323
107	10.005336
108	9.679825
109	9.121628
110	9.873041
111	9.975361
112	10.371065
113	9.960579
114	9.095728
115	9.192742
116	9.647039
117	10.610684
118	15.924852
119	15.416520
120	17.347448
121	17.055471
122	17.530523
123	18.119043
124	17.217680
125	17.780874
126	17.060701
127	15.768937
128	17.912098
129	17.713037
130	13.887911
131	14.039929
132	12.423014
133	14.663140
134	12.675015
135	12.687131
136	13.166211
137	14.945141
138	12.315008
139	13.693745
140	17.750891
141	16.925423
142	17.426281
143	17.206560
144	14.997201
145	15.722274
146	14.706603
147	15.585346
148	14.583830
149	17.601482
150	13.799715
151	13.858838
152	15.194358
153	16.184711
154	15.082059
155	15.711339
156	15.386080
157	17.281273
158	18.924719
159	19.515787
160	16.348785
161	19.635162
162	20.367304
163	19.016006
164	19.601620
165	19.307388
166	18.122900
167	19.043386
168	17.967075
169	17.067715
170	16.963835
171	18.784517
172	19.011559
173	18.319588
174	16.755184
175	19.307640
176	19.828468
177	16.941004
178	18.083422
179	16.500570
180	13.381219
181	15.240911
182	17.312546
183	16.786358
184	18.573282
185	19.018343
186	18.141232
187	17.351797
188	18.268499
189	19.082306
190	17.045870
191	18.383013
192	14.377016
193	14.123247
194	13.738710
195	13.415998
196	13.771741
197	14.385700
198	18.289562
199	15.912280
200	16.077513
201	15.652160
202	12.970962
203	13.077393
204	13.821249
205	14.176976
206	16.036339
207	15.297481
208	13.508345
209	11.001730
210	12.087193
211	12.547374
212	13.395872
213	13.439339
214	12.953479
215	12.597948
216	12.927546
217	12.680244
218	12.365062
219	12.097446
220	14.660917
221	14.471616
222	13.193097
223	12.704947
224	12.659911
225	12.550590
226	13.209170
227	12.336432
228	14.673276
229	14.172106
230	13.023567
231	12.418200
232	13.318452
233	12.773694
234	13.498689
235	13.116379
236	13.107893
237	13.029047
238	13.180117
239	12.398541
240	12.898083
241	13.811350
242	14.269850
243	14.987169
244	12.849269
245	13.134874
246	13.156055
247	12.378762
248	13.095262
249	13.475152
250	13.560145
251	13.216768
252	13.317225
253	12.713072
254	12.957695
255	12.724977
256	14.119900
257	13.162996
258	13.446683
259	12.713155
260	13.141317
261	14.302931
262	16.924721
263	18.434977
264	16.205856
265	17.318996
266	15.778208
267	17.515141
268	17.910973
269	17.487818
270	17.987959
271	16.738548
272	17.783453
273	17.163506
274	16.786474
275	16.268053
276	15.929440
277	14.569451
278	17.488514
279	15.360432
280	17.103796
281	16.679897
282	16.613062
283	19.252243
284	16.770584
285	17.620588
286	15.844558
287	17.890987
288	16.955400
289	21.036097
290	16.706577
291	14.842877
292	15.152644
293	16.802603
294	16.209240
295	16.341728
296	15.730004
297	14.786240
298	14.753966
299	16.702230
300	15.136714
301	15.420937
302	14.115176
303	15.701291
304	14.814660
305	13.716992
306	15.468642
307	16.506889
308	15.873452
309	15.537664
310	15.712624
311	15.322436
312	17.220930
313	15.729523
314	15.659044
315	15.816998
316	15.109239
317	16.613905
318	16.784384
319	16.358479
320	15.426896
321	16.310047
322	16.056826
323	15.497245
324	16.302214
325	14.668746
326	15.899138
327	14.672671
328	15.254781
329	20.353617
330	15.646146
331	15.548181
332	14.739078
333	15.072589
334	15.087270
335	13.462276
336	13.906207
337	12.925772
338	13.445523
339	15.398418
340	15.883760
341	16.853779
342	15.742741
343	15.122572
344	15.934385
345	16.339796
346	14.810609
347	15.579337
348	16.294752
349	16.348484
350	16.734095
351	16.042133
352	16.572638
353	16.918200
354	15.295846
355	16.053965
356	17.941069
357	15.166957
358	16.922983
359	15.803326
360	15.161222
361	15.017118
362	13.595089
363	16.034286
364	15.991480
365	15.376661
366	14.783798
367	14.543733
368	15.766766
369	16.709045
370	15.330279
371	16.224716
372	16.130604
373	14.626414
374	13.615600
375	16.154863
376	13.447953
377	13.195412
378	13.320292
379	13.187222
380	16.079206
381	16.293808
382	14.541845
383	15.629079
384	12.402076
385	13.409721
386	14.411439
387	14.203905
388	13.364958
389	13.139794
390	13.764047
391	14.901814
392	15.118881
393	13.379190
394	13.351176
395	13.060567
396	13.458106
397	13.151761
398	14.187542
399	14.886751
400	14.322082
401	13.453214
402	14.072171
403	12.754800
404	13.125010
405	14.491435
406	12.335426
407	12.902343
408	12.905053
409	13.033792
410	13.313782
411	13.092315
412	13.078943
413	13.423415
414	14.116578
415	13.229549
416	14.177878
417	13.403000
418	13.187382
419	12.439385
420	12.724676
421	12.962734
422	13.299556
423	12.871946
424	13.232404
425	12.872955
426	12.607291
427	13.265459
428	13.133351
429	12.832809
430	12.720443
431	13.374020
432	13.524298
433	12.761320
434	12.392429
435	13.063205
436	13.023364
437	12.447706
438	12.764380
439	13.498392
440	12.538880
441	12.736978
442	12.691414
443	13.493616
444	12.897879
445	12.758569
446	13.344906
447	13.008785
448	13.131056
449	13.891757
450	14.139611
451	15.470920
452	15.234612
453	15.237670
454	14.992817
455	14.027586
456	13.515940
457	15.658838
458	13.923394
459	17.516766
460	17.340546
461	22.376619
462	17.404089
463	15.884377
464	15.218329
465	13.568209
466	14.027164
467	13.420485
468	15.915503
469	14.680117
470	14.108416
471	13.325096
472	13.260777
473	14.812138
474	15.221370
475	13.348922
476	13.599827
477	12.812281
478	13.586585
479	15.407522
480	12.934130
481	12.667770
482	11.749835
483	12.467465
484	13.977440
485	12.388766
486	14.391925
487	11.984603
488	13.576303
489	12.767628
490	12.702293
491	12.209529
492	15.362929
493	16.168011
494	16.548239
495	16.543318
496	15.952210
497	15.035379
498	16.659567
499	16.253954
500	16.700912
501	12.786461
502	12.497744
503	12.788688
504	13.151767
505	12.721038
506	13.021399
507	12.722895
508	13.051980
509	13.140244
510	12.109547
511	13.275168
512	12.531278
513	12.200400
514	12.657725
515	11.907267
516	12.635639
517	12.700212
518	13.122210
519	13.051368
520	12.773740
521	12.588555
522	11.488873
523	12.904483
524	13.372406
525	13.430964
526	12.498843
527	14.279119
528	13.236105
529	12.625474
530	14.582691
531	13.836090
532	13.050195
533	15.708102
534	14.904047
535	15.234397
536	14.071819
537	14.128695
538	13.303588
539	15.350026
540	18.053261
541	16.874269
542	20.849939
543	19.545267
544	18.304920
545	15.577312
546	16.145214
547	16.945227
548	16.336376
549	16.347687
550	17.842775
551	16.423553
552	20.935383
553	20.774279
554	18.866495
555	16.681166
556	19.593504
557	17.885431
558	18.266581
559	19.847075
560	17.866999
561	19.007990
562	19.495956
563	18.648434
564	20.889637
565	20.044315
566	17.083813
567	20.678061
568	17.256220
569	18.190533
570	17.250380
571	18.303253
572	18.618877
573	16.639231
574	16.677385
575	19.219790
576	18.793707
577	20.609484
578	18.589569
579	18.686964
580	18.855957
581	18.919554
582	17.723906
583	18.329817
584	21.006554
585	19.365271
586	19.879837
587	18.756140
588	20.481174
589	17.726179
590	16.397026
591	16.845055
592	16.037146
593	18.352367
594	26.188137
595	17.749535
596	18.505152
597	20.134359
598	20.717285
599	19.675461
600	19.126377
601	20.264246
602	19.375332
603	15.907784
604	19.310703
605	18.367579
606	16.726059
607	19.216913
608	18.709726
609	22.000998
610	20.354143
611	20.335787
612	18.598532
613	19.348082
614	18.740082
615	15.630175
616	16.152210
617	19.569075
618	17.487963
619	17.023344
620	18.651699
621	20.165165
622	21.512646
623	18.142981
624	19.431244
625	18.768274
626	20.741249
627	16.723995
628	18.195198
629	18.056776
630	19.414463
631	18.314848
632	18.445120
633	19.423964
634	17.316099
635	18.602333
636	18.804579
637	18.246891
638	16.206997
639	18.005035
640	15.801812
641	16.620634
642	16.708124
643	14.519549
644	14.793991
645	14.499464
646	14.533731
647	16.791288
648	15.603771
649	16.095074
650	15.517327
651	16.960461
652	17.454590
653	16.113356
654	20.672613
655	17.200760
656	14.803862
657	15.468927
658	19.364717
659	17.960627
660	17.983801
661	20.235283
662	20.847044
663	20.682741
664	19.524521
665	19.564987
666	17.529375
667	15.905225
668	18.111351
669	18.484337
670	19.137121
671	19.199001
672	15.429760
673	15.496806
674	15.151676
675	13.056801
676	13.213231
677	12.700451
678	13.200899
679	12.961884
680	12.783034
681	13.340132
682	12.425982
683	13.120772
684	13.918677
685	17.955935
686	15.717012
687	16.327265
688	19.159100
689	19.877460
690	17.499678
691	15.532759
692	17.527279
693	16.586645
694	18.198210
695	17.168625
696	17.402288
697	17.484610
698	17.395834
699	16.974010
700	16.188517
701	16.363506
702	17.784307
703	15.703322
704	16.421034
705	15.510466
706	14.113546
707	16.323397
708	16.430666
709	15.259964
710	15.948322
711	14.576756
712	13.964702
713	18.220455
714	18.400755
715	14.876300
716	15.998854
717	17.451286
718	14.557864
719	14.716307
720	14.504031
721	18.089521
722	17.856743
723	17.695583
724	18.150990
725	18.013371
726	16.944263
727	16.759775
728	16.122570
729	14.078544
730	13.616005
731	15.201758
732	17.505613
733	19.937559
734	18.972931
735	20.587002
736	20.022503
737	20.489876
738	20.756893
739	18.113947
740	23.383116
741	25.530134
742	20.819208
743	21.601118
744	21.616829
745	22.575109
746	22.601740
747	21.382393
748	21.940937
749	21.121281
750	22.493971
751	23.303719
752	23.643656
753	21.600971
754	21.191982
755	20.039333
756	15.498165
757	18.166483
758	16.194828
759	17.740047
760	17.762308
761	18.925398
762	18.324457
763	17.453924
764	16.871349
765	17.423044
766	17.972687
767	18.636400
768	18.805408
769	18.338730
770	17.774883
771	19.195055
772	18.218126
773	17.993752
774	18.603914
775	17.936668
776	18.063114
777	17.598804
778	17.311745
779	18.099081
780	17.614050
781	17.397749
782	18.176662
783	17.936922
784	18.965519
785	18.591307
786	17.015083
787	17.999887
788	17.309896
789	18.294178
790	17.712420
791	17.411390
792	18.132927
793	20.477360
794	17.790462
795	19.246174
796	19.042322
797	18.667452
798	18.736439
799	19.390022
800	19.373535
801	18.465231
802	19.033361
803	19.066505
804	19.050253
805	18.535883
806	18.325474
807	18.892979
808	18.740110
809	19.398407
810	18.121717
811	19.130407
812	19.297665
813	18.933744
814	18.669386
815	19.137333
816	20.046280
817	19.256609
818	18.677729
819	19.277369
820	19.617828
821	18.617163
822	19.032070
823	18.829647
824	19.123735
825	18.282410
826	19.191729
827	20.118084
828	18.910410
829	19.477764
830	18.738274
831	18.632715
832	18.270899
833	18.319145
834	18.944895
835	19.644304
836	17.883244
837	18.233171
838	19.496904
839	20.234091
840	19.224758
841	19.948957
842	19.538008
843	19.514616
844	18.977734
845	19.157469
846	19.573833
847	18.557829
848	18.811419
849	19.639622
850	18.713989
851	18.421339
852	19.121075
853	18.809988
854	18.768120
855	18.842985
856	19.325722
857	18.910215
858	18.039072
859	19.166670
860	18.738026
861	19.315283
862	19.532131
863	17.983791
864	17.939299
865	18.011549
866	18.303926
867	16.991943
868	17.656021
869	17.496904
870	17.041653
871	19.694384
872	19.291269
873	18.943962
874	18.988447
875	18.937542
876	19.823584
877	19.205933
878	19.576908
879	19.977222
880	19.242233
881	19.261282
882	19.323545
883	19.662865
884	19.946222
885	19.470442
886	19.049334
887	19.175533
888	19.055868
889	19.334011
890	19.751665
891	18.126163
892	18.558493
893	17.803562
894	17.949379
895	17.127087
896	17.879753
897	17.954243
898	17.888384
899	18.691710
900	16.921001
901	17.809008
902	18.793976
903	16.889378
904	17.145466
905	17.453020
906	16.573153
907	18.393719
908	18.113256
909	18.327227
910	18.797522
911	17.706724
912	15.918207
913	18.105606
914	17.401209
915	18.425854
916	17.871305
917	16.919682
918	18.852365
919	18.083145
920	18.004976
921	18.582813
922	18.403545
923	17.758652
924	17.657211
925	18.305687
926	17.733248
927	17.143473
928	18.511267
929	17.132257
930	17.225861
931	17.682518
932	18.268578
933	18.794325
934	17.450123
935	17.663479
936	19.325811
937	18.996975
938	17.109711
939	18.287374
940	17.743546
941	17.332197
942	16.776562
943	17.288460
944	17.872915
945	17.454081
946	17.556469
947	14.617894
948	13.682357
949	14.922906
950	13.540092
951	14.582794
952	12.372150
953	13.854866
954	14.593194
955	17.118134
956	16.504433
957	18.233480
958	16.546446
959	16.930241
960	18.025616
961	16.544901
962	16.607233
963	17.303713
964	17.940933
965	18.196566
966	18.077856
967	18.173712
968	18.835545
969	17.754423
970	17.710955
971	18.856321
972	18.573641
973	18.901178
974	19.107353
975	19.331127
976	18.947151
977	19.321011
978	18.550890
979	19.745106
980	19.576038
981	19.361784
982	20.202629
983	20.339731
984	19.915960
985	19.885693
986	19.209387
987	19.543386
988	20.673521
989	20.060093
990	20.157204
991	19.038450
992	19.222916
993	18.127823
994	18.476337
995	19.467562
996	18.433783
997	18.691893
998	19.565090
999	18.646353
1000	17.879276
1001	18.038197
1002	17.411669
1003	17.284748
1004	17.195240
1005	18.282515
1006	18.201532
1007	17.292686
1008	18.736950
1009	18.775881
1010	19.383421
1011	20.390903
1012	19.414658
1013	19.027958
1014	18.860521
1015	17.719646
1016	17.071068
1017	18.498209
1018	18.250879
1019	17.722418
1020	17.457666
1021	17.035568
1022	18.793392
1023	18.352898
1024	18.710045
1025	17.697285
1026	17.865234
1027	19.659065
1028	18.271984
1029	18.416458
1030	19.576715
1031	19.005728
1032	18.896627
1033	18.959265
1034	18.678667
1035	17.015764
1036	17.262794
1037	17.458576
1038	18.687729
1039	17.602554
1040	19.559912
1041	20.764799
1042	17.984198
1043	17.162418
1044	14.268279
1045	16.645149
1046	15.144524
1047	18.052906
1048	16.620630
1049	14.195031
1050	18.022373
1051	13.243123
1052	14.457682
1053	18.865015
1054	17.214912
1055	16.729197
1056	19.455570
1057	15.421475
1058	16.874729
1059	14.069617
1060	13.850798
1061	15.967918
1062	14.316141
1063	14.742710
1064	14.318649
1065	16.209438
1066	20.261902
1067	17.168407
1068	19.339756
1069	16.051107
1070	12.940353
1071	15.862095
1072	16.213448
1073	17.083225
1074	15.114640
1075	15.266896
1076	14.611540
1077	17.208443
1078	16.084719
1079	16.924570
1080	18.607748
1081	17.341721
1082	21.311060
1083	19.770311
1084	20.786444
1085	21.681620
1086	19.529074
1087	18.404539
1088	19.098127
1089	18.844414
1090	17.819305
1091	19.039940
1092	17.191595
1093	15.813316
1094	18.430668
1095	18.461945
1096	19.513893
1097	19.324686
1098	18.282089
1099	18.968550
1100	16.076155
1101	16.856632
1102	16.921846
1103	16.584059
1104	17.327206
1105	19.237350
1106	18.031748
1107	16.539591
1108	17.247787
1109	19.877407
1110	17.851763
1111	20.679649
1112	15.590934
1113	16.526701
1114	16.231527
1115	16.087196
1116	16.249727
1117	16.609388
1118	15.898115
1119	15.008116
1120	13.967523
1121	17.082663
1122	16.746174
1123	16.167004
1124	16.407127
1125	16.940655
1126	22.528786
1127	21.395412
1128	20.697645
1129	17.583363
1130	19.470938
1131	21.407358
1132	20.693739
1133	20.204163
1134	19.833626
1135	17.065857
1136	16.779493
1137	19.706663
1138	20.616699
1139	19.154007
1140	17.695379
1141	18.262873
1142	18.090672
1143	17.063101
1144	20.301451
1145	19.305128
1146	18.783323
1147	17.058100
1148	17.552841
1149	16.692455
1150	17.754358
1151	19.695414
1152	17.907824
1153	17.234125
1154	17.399160
1155	16.675016
1156	16.363745
1157	16.963264
1158	16.577456
1159	17.665388
1160	17.175379
1161	18.400377
1162	17.202410
1163	15.796857
1164	17.168125
1165	16.095367
1166	16.741093
1167	17.760345
1168	18.828356
1169	18.811502
1170	18.108585
1171	19.053932
1172	17.341370
1173	20.114002
1174	18.241030
1175	19.104944
1176	18.645588
1177	15.870271
1178	17.675747
1179	16.011269
1180	15.223160
1181	14.907322
1182	14.937452
1183	18.190187
1184	17.197613
1185	16.686220
1186	18.285526
1187	17.013369
1188	17.655493
1189	17.496649
1190	20.436365
1191	21.235287
1192	20.762100
1193	17.437012
1194	19.741461
1195	17.837971
1196	19.712458
1197	21.156111
1198	23.342796
1199	21.802444
1200	20.575453
1201	17.531328
1202	17.079370
1203	16.524830
1204	14.712337
1205	18.950033
1206	15.976641
1207	18.232569
1208	17.623590
1209	19.570940
1210	21.131798
1211	20.249666
1212	14.387682
1213	12.607531
1214	14.271992
1215	13.316988
1216	12.683576
1217	11.262851
1218	14.320845
1219	11.483161
1220	12.216079
1221	10.751261
1222	9.941277
1223	13.132380
1224	14.435820
1225	14.161151
1226	13.372113
1227	13.021102
1228	17.710474
1229	20.419724
1230	18.502552
1231	26.537207
1232	20.491491
1233	21.061018
1234	19.959581
1235	19.732922
1236	19.669113
1237	19.112461
1238	19.458763
1239	18.160400
1240	18.586426
1241	18.704067
1242	17.477592
1243	19.654284
1244	21.377026
1245	19.710379
1246	21.052063
1247	20.761621
1248	20.631607
1249	20.856585
1250	20.634888
1251	20.946337
1252	22.862349
1253	24.031591
1254	24.084196
1255	27.358801
1256	23.869871
1257	24.921207
1258	24.099884
1259	21.860872
1260	24.007620
1261	24.494007
1262	20.909698
1263	24.567501
1264	19.550402
1265	24.632021
1266	24.957924
1267	23.685545
1268	22.930321
1269	22.325390
1270	25.721041
1271	24.899969
1272	21.164032
1273	21.193436
1274	22.739958
1275	22.441219
1276	20.998827
1277	20.724558
1278	20.389786
1279	20.065027
1280	19.449734
1281	21.518991
1282	20.648722
1283	21.000845
1284	21.201862
1285	20.014891
1286	21.078407
1287	20.309084
1288	21.103321
1289	20.591650
1290	25.011185
1291	24.990057
1292	23.952578
1293	24.344158
1294	25.498640
1295	24.795284
1296	25.720957
1297	24.335922
1298	25.022749
1299	24.876709
1300	25.461885
1301	23.915548
1302	25.024288
1303	26.063951
1304	24.270544
1305	25.905460
1306	23.143042
1307	23.879957
1308	22.337101
1309	25.558966
1310	24.317736
1311	24.961514
1312	21.347897
1313	20.672522
1314	20.585007
1315	20.757648
1316	22.155113
1317	20.962751
1318	22.243227
1319	21.587139
1320	23.483444
1321	21.084957
1322	24.151670
1323	22.092293
1324	21.959890
1325	22.350124
1326	20.498335
1327	20.239025
1328	23.758913
1329	24.074310
1330	25.140661
1331	22.601780
1332	23.917576
1333	24.437765
1334	24.287790
1335	23.771118
1336	22.996033
1337	22.220181
1338	23.674248
1339	21.196175
1340	23.666100
1341	22.755753
1342	22.488588
1343	22.938725
1344	19.476101
1345	19.250874
1346	19.665129
1347	22.617651
1348	23.196861
1349	24.062256
1350	24.609316
1351	22.504637
1352	23.091021
1353	23.370914
1354	22.996679
1355	23.952326
1356	24.527845
1357	23.705885
1358	23.776867
1359	23.218725
1360	23.552328
1361	26.858543
1362	25.455362
1363	21.133003
1364	21.215002
1365	22.273954
1366	22.694338
1367	27.352671
1368	21.530022
1369	22.755630
1370	20.670454
1371	20.572947
1372	21.152138
1373	21.531414
1374	21.925573
1375	21.713297
1376	24.496763
1377	22.833803
1378	22.770443
1379	23.167336
1380	24.138699
1381	23.305658
1382	23.523430
1383	25.146091
1384	20.200115
1385	19.837439
1386	20.781992
1387	24.931942
1388	23.967388
1389	24.783236
1390	27.296434
1391	22.695930
1392	20.897812
1393	19.912193
1394	20.121298
1395	19.945150
1396	19.321301
1397	21.118340
1398	21.293777
1399	20.253202
1400	18.814453
1401	21.880606
1402	24.065014
1403	24.326990
1404	22.136551
1405	22.813904
1406	22.755093
1407	22.248877
1408	26.372898
1409	21.759871
1410	21.900240
1411	20.396374
1412	22.324060
1413	22.123812
1414	21.395449
1415	22.893726
1416	24.973083
1417	26.378075
1418	23.422392
1419	22.028608
1420	21.801920
1421	21.560045
1422	22.738579
1423	23.369686
1424	21.757126
1425	23.236868
1426	22.282743
1427	21.078115
1428	25.202864
1429	27.869385
1430	30.700224
1431	30.048475
1432	30.065834
1433	28.198675
1434	29.923767
1435	29.417591
1436	29.002800
1437	33.010609
1438	33.357899
1439	29.631052
1440	30.535452
1441	30.568312
1442	31.861269
1443	31.128325
1444	30.282257
1445	30.453686
1446	28.441147
1447	29.647930
1448	29.810089
1449	31.914240
1450	31.731554
1451	31.164364
1452	30.557447
1453	31.564510
1454	29.393097
1455	31.184628
1456	31.991310
1457	30.581232
1458	29.471601
1459	29.345835
1460	29.784298
1461	27.880913
1462	29.414438
1463	30.766714
1464	29.905586
1465	29.717625
1466	26.655119
1467	29.727543
1468	24.389063
1469	26.214279
1470	27.666374
1471	27.228884
1472	27.939373
1473	27.066929
1474	27.766493
1475	28.272760
1476	30.114233
1477	30.582716
1478	29.938379
1479	30.628632
1480	27.541935
1481	28.304396
1482	27.724159
1483	31.075733
1484	28.770897
1485	31.159651
1486	29.709990
1487	27.066654
1488	28.600946
1489	28.220201
1490	25.316614
1491	23.874290
1492	25.559488
1493	24.495750
1494	24.918932
1495	23.908846
1496	22.428816
1497	22.825052
1498	26.386625
1499	28.366131
1500	30.076498
1501	27.991447
1502	30.178545
1503	31.676674
1504	31.245968
1505	30.168112
1506	30.106720
1507	30.022875
1508	30.358368
1509	32.172668
1510	33.532845
1511	32.853001
1512	29.075108
1513	28.778757
1514	29.367645
1515	30.266848
1516	29.459726
1517	29.799564
1518	22.537947
1519	25.069084
1520	23.874672
1521	24.407631
1522	24.871496
1523	25.622623
1524	27.326408
1525	22.109886
1526	23.879290
1527	22.319626
1528	19.219952
1529	21.450411
1530	22.292353
1531	21.784136
1532	21.421902
1533	22.500650
1534	23.129578
1535	24.085238
1536	22.766392
1537	23.903278
1538	22.244305
1539	24.448984
1540	22.749527
1541	23.827415
1542	25.063742
1543	24.578459
1544	26.324450
1545	27.349855
1546	28.525095
1547	28.613371
1548	27.527769
1549	31.168127
1550	32.348652
1551	31.660545
1552	31.363529
1553	30.823540
1554	29.225348
1555	30.581615
1556	26.787865
1557	27.579350
1558	24.279991
1559	24.412458
1560	25.989248
1561	23.751955
1562	24.761301
1563	23.573168
1564	27.805525
1565	29.136087
1566	25.993528
1567	27.273445
1568	27.389677
1569	31.121544
1570	29.393827
1571	27.479656
1572	25.622864
1573	25.300392
1574	25.751381
1575	27.059809
1576	25.262625
1577	22.914879
1578	23.954962
1579	25.054478
1580	24.733185
1581	28.528769
1582	31.017263
1583	30.659996
1584	30.231213
1585	29.229403
1586	28.123428
1587	25.329441
1588	27.141592
1589	22.570549
1590	23.457350
1591	29.249660
1592	30.544437
1593	31.369854
1594	32.990990
1595	28.973732
1596	25.919960
1597	18.715336
1598	18.497986
1599	19.675726
1600	21.310688
1601	19.699945
1602	15.445644
1603	15.645962
1604	17.425882
1605	16.246046
1606	16.401535
1607	15.277976
1608	15.089712
1609	19.397499
1610	18.845743
1611	19.162027
1612	20.403578
1613	18.507826
1614	21.593382
1615	16.192039
1616	16.194490
1617	17.506596
1618	15.670468
1619	18.069246
1620	22.445278
1621	27.836283
1622	29.235214
1623	26.193638
1624	26.535049
1625	24.751247
1626	26.891087
1627	26.914429
1628	27.648863
1629	28.170326
1630	28.160940
1631	29.834780
1632	27.807428
1633	29.122393
1634	28.520117
1635	29.256485
1636	29.278439
1637	30.429333
1638	28.965736
1639	28.114790
1640	28.391598
1641	28.656385
1642	29.041182
1643	27.722130
1644	29.731758
1645	27.559828
1646	29.009504
1647	28.326576
1648	27.946243
1649	29.145672
1650	26.644451
1651	27.338081
1652	29.575485
1653	29.312620
1654	28.961470
1655	28.305670
1656	28.190289
1657	26.939362
1658	26.821642
1659	29.573248
1660	26.130024
1661	23.946768
1662	25.806561
1663	21.272512
1664	21.026066
1665	21.728306
1666	21.175030
1667	21.031408
1668	22.125370
1669	22.265701
1670	22.438454
1671	22.118080
1672	21.285648
1673	21.697203
1674	21.837400
1675	21.196629
1676	21.743401
1677	20.681278
1678	20.924482
1679	20.387945
1680	19.760366
1681	20.568254
1682	19.465124
1683	21.092785
1684	21.358742
1685	21.127029
1686	19.870171
1687	18.928970
1688	20.409971
1689	19.415037
1690	19.624681
1691	20.400806
1692	20.179482
1693	21.153473
1694	19.663746
1695	20.453598
1696	20.893063
1697	20.216681
1698	21.508255
1699	20.363626
1700	21.412037
1701	21.653837
1702	21.324211
1703	21.719271
1704	21.910585
1705	21.141045
1706	20.322817
1707	22.254730
1708	20.397804
1709	20.805038
1710	21.858686
1711	20.647766
1712	21.188274
1713	21.751133
1714	20.949392
1715	21.793953
1716	22.092772
1717	22.033068
1718	21.916052
1719	21.730297
1720	20.617746
1721	21.224056
1722	20.811298
1723	22.188360
1724	22.451853
1725	21.255625
1726	21.580385
1727	20.998955
1728	21.973955
1729	21.634850
1730	22.073574
1731	19.994331
1732	21.079149
1733	21.499926
1734	21.520439
1735	21.130354
1736	21.491669
1737	20.769518
1738	21.651255
1739	22.937027
1740	22.346844
1741	21.103285
1742	22.218321
1743	20.092817
1744	21.558968
1745	21.005669
1746	21.886778
1747	22.018538
1748	21.979937
1749	23.038387
1750	22.342232
1751	21.619740
1752	21.839417
1753	22.269293
1754	22.996124
1755	21.618225
1756	21.979799
1757	21.224056
1758	20.882309
1759	20.878460
1760	18.557138
1761	19.287207
1762	19.389999
1763	19.527990
1764	19.712109
1765	20.331968
1766	17.652298
1767	18.860126
1768	19.561047
1769	18.737635
1770	19.324701
1771	18.903360
1772	18.738529
1773	19.571270
1774	20.332453
1775	19.396542
1776	18.866953
1777	17.416323
1778	16.456871
1779	16.428514
1780	18.121006
1781	15.236293
1782	14.263608
1783	11.792948
1784	13.389622
1785	12.123555
1786	11.926681
1787	15.839498
1788	19.338236
1789	13.011029
1790	13.115491
1791	14.416300
1792	15.196598
1793	12.312445
1794	13.860325
1795	13.179579
1796	14.777299
1797	13.047517
1798	13.538603
1799	14.872337
1800	13.539824
1801	12.437898
1802	14.236721
1803	13.191926
1804	12.653702
1805	13.063514
1806	13.742278
1807	16.350883
1808	16.141720
1809	12.883218
1810	14.976561
1811	14.499395
1812	15.204165
1813	13.327520
1814	14.703552
1815	13.911747
1816	13.632304
1817	12.766601
1818	13.840891
1819	13.599871
1820	12.465561
1821	13.028311
1822	13.914186
1823	14.508462
0	7.326533
1	7.234252
2	6.830014
3	6.727829
4	7.655063
5	6.461540
6	6.950978
7	7.092630
8	7.344469
9	7.748454
10	6.860268
11	6.766041
12	6.978508
13	7.075352
14	7.031964
15	7.264824
16	7.064129
17	7.794219
18	7.251729
19	7.097514
20	6.603651
21	6.422312
22	7.225151
23	6.878724
24	7.274544
25	7.271121
26	6.973673
27	7.560535
28	7.560222
29	6.634243
30	6.079646
31	6.344737
32	6.848862
33	6.130795
34	6.949606
35	6.296897
36	6.574291
37	5.709404
38	6.752242
39	6.542927
40	6.732445
41	7.132804
42	6.837154
43	6.311583
44	6.951378
45	6.733475
46	6.759559
47	6.172875
48	6.485137
49	7.443532
50	7.234052
51	5.813590
52	6.542722
53	6.672524
54	6.275396
55	7.025278
56	7.867121
57	6.475161
58	6.311112
59	6.545103
60	6.809532
61	6.547533
62	6.343442
63	7.295077
64	6.585720
65	6.302230
66	6.487505
67	7.562050
68	6.454905
69	6.621891
70	7.021318
71	6.704550
72	7.037654
73	6.311237
74	6.403513
75	6.459270
76	5.834963
77	6.344054
78	6.529242
79	7.286623
80	6.619608
81	6.565320
82	6.586304
83	8.131240
84	6.694381
85	6.435416
86	6.618966
87	6.125454
88	6.704931
89	6.179175
90	6.620491
91	6.209974
92	6.889005
93	7.482690
94	6.906533
95	6.231959
96	6.151623
97	5.888939
98	5.223189
99	7.132615
100	6.397343
101	6.733534
102	5.960310
103	6.919709
104	7.119269
105	6.556622
106	6.549416
107	6.905549
108	6.452852
109	6.423552
110	6.175485
111	6.189836
112	7.087697
113	7.166521
114	6.168281
115	6.607797
116	6.943982
117	6.084052
118	6.279180
119	6.601221
120	6.538891
121	7.250786
122	7.452685
123	6.743776
124	5.911564
125	6.655421
126	7.234605
127	7.037225
128	6.843261
129	6.661187
130	6.189452
131	5.619368
132	6.214000
133	5.912782
134	6.655390
135	6.906910
136	6.419492
137	7.297220
138	6.232606
139	5.898712
140	5.924634
141	6.350203
142	5.186532
143	6.240304
144	6.329810
145	6.618385
146	6.316052
147	7.746019
148	6.296230
149	6.927172
150	6.681992
151	6.076585
152	6.079287
153	6.432588
154	6.623253
155	6.244981
156	6.120727
157	6.897593
158	6.049015
159	6.590560
160	6.223028
161	6.733862
162	6.127292
163	6.602614
164	5.990336
165	6.867743
166	6.618110
167	6.605103
168	6.261590
169	5.830636
170	6.621487
171	7.425306
172	6.386265
173	6.374362
174	6.996998
175	6.895405
176	6.635587
177	6.452419
178	7.074192
179	6.812387
180	6.882019
181	6.732910
182	6.831419
183	6.406480
184	5.969323
185	7.171209
186	7.174605
187	6.429295
188	6.396140
189	6.774022
190	5.761574
191	6.392606
192	6.341744
193	6.796786
194	6.548358
195	6.653199
196	6.658347
197	6.926075
198	7.161884
199	6.755341
200	6.624585
201	6.449041
202	7.049723
203	6.437102
204	6.295150
205	7.308748
206	6.691382
207	6.661012
208	5.992946
209	6.710931
210	5.792039
211	7.417236
212	6.498580
213	6.548020
214	5.718646
215	6.502599
216	6.308924
217	6.308259
218	6.524132
219	7.172412
220	6.929578
221	6.187716
222	6.344519
223	6.347292
224	6.299691
225	6.698395
226	6.186912
227	6.855793
228	7.332067
229	6.435688
230	7.188362
231	6.203467
232	7.067907
233	7.130260
234	5.746382
235	6.666768
236	6.664780
237	6.788836
238	7.327763
239	7.197702
240	6.705327
241	6.317420
242	6.323834
243	7.990471
244	6.967072
245	6.144404
246	6.334990
247	7.416508
248	7.022408
249	7.117516
250	7.418430
251	8.335298
252	7.925282
253	7.808777
254	7.824182
255	7.068035
256	7.348237
257	6.824142
258	7.419447
259	6.327116
260	6.890936
261	7.988097
262	6.978573
263	6.653338
264	6.225190
265	6.900806
266	6.279698
267	8.749064
268	5.775068
269	6.231684
270	6.179465
271	6.297959
272	6.817757
273	6.449543
274	6.416418
275	6.712625
276	6.744072
277	6.409414
278	8.109384
279	6.421791
280	6.630760
281	6.723281
282	8.178961
283	7.015169
284	4.527814
285	5.802027
286	6.472576
287	7.055223
288	7.494180
289	6.875718
290	6.670690
291	6.732690
292	6.528722
293	7.103951
294	7.827290
295	6.357405
296	6.879891
297	6.610440
298	7.429307
299	6.888199
300	7.156835
301	6.276535
302	6.211021
303	7.501007
304	6.661082
305	6.266968
306	6.593677
307	7.946804
308	6.704664
309	7.057259
310	6.372991
311	7.861989
312	6.298341
313	6.699955
314	6.039014
315	6.360511
316	6.787299
317	6.903643
318	7.123652
319	7.370522
320	7.765730
321	7.089105
322	6.972553
323	6.914663
324	7.064793
325	6.604470
326	6.404326
327	7.691560
328	6.462361
329	7.048020
330	6.537837
331	5.881107
332	6.958870
333	7.512829
334	6.339594
335	6.019743
336	6.055624
337	6.662560
338	6.217690
339	6.862433
340	6.413612
341	7.367001
342	6.930208
343	6.061641
344	6.483008
345	6.841205
346	6.731263
347	6.702627
348	6.622575
349	6.235143
350	6.904884
351	6.983128
352	7.512155
353	7.612102
354	7.315758
355	6.774571
356	7.148470
357	9.415606
358	7.591082
359	7.079966
360	8.733776
361	10.267623
362	7.266424
363	7.805371
364	9.243749
365	9.234502
366	8.820358
367	8.264583
368	6.364416
369	8.427953
370	8.616368
371	7.851408
372	8.594244
373	8.229515
374	7.692355
375	7.721826
376	6.756188
377	6.636822
378	9.052171
379	6.870630
380	8.888227
381	6.133647
382	8.313136
383	6.723340
384	6.417267
385	6.932457
386	6.411132
387	7.435678
388	6.973283
389	8.049063
390	6.152447
391	6.040033
392	4.900960
393	4.594529
394	5.742082
395	6.401453
396	6.818138
397	6.711012
398	6.605529
399	6.710089
400	6.445473
401	6.550275
402	6.627594
403	6.711198
404	7.194634
405	9.266218
406	9.495263
407	9.824433
408	10.129947
409	10.076885
410	10.179282
411	9.640565
412	10.121699
413	9.592549
414	9.783375
415	9.711810
416	10.278387
417	9.847875
418	9.771003
419	10.069860
420	9.580630
421	9.948030
422	10.159087
423	10.072685
424	9.784046
425	10.615106
426	9.178947
427	10.017665
428	10.028382
429	9.721800
430	10.098242
431	9.984598
432	9.945294
433	9.840965
434	9.896615
435	10.298223
436	10.186420
437	10.539564
438	10.989089
439	9.727536
440	9.700727
441	10.408251
442	10.661571
443	11.202323
444	10.363836
445	13.024282
446	11.632949
447	10.240428
448	10.577551
449	11.300599
450	11.554023
451	10.917025
452	9.910027
453	10.103709
454	9.580402
455	10.934338
456	9.344508
457	11.418668
458	11.615768
459	11.268447
460	11.879335
461	11.357839
462	11.741570
463	12.255627
464	12.786425
465	11.681751
466	11.638412
467	12.149774
468	12.831006
469	12.924488
470	11.589642
471	10.398314
472	11.441915
473	11.381799
474	10.930720
475	10.838827
476	10.044480
477	11.940428
478	11.009293
479	12.388066
480	12.672429
481	11.841613
482	11.546381
483	12.624893
484	12.083826
485	12.773849
486	12.682609
487	10.718141
488	9.890610
489	11.722824
490	9.825057
491	10.813627
492	13.644959
493	13.098466
494	13.539161
495	13.191105
496	14.328016
497	11.110897
498	13.953469
499	13.635237
500	12.892118
501	12.058960
502	13.769499
503	12.031317
504	14.314694
505	14.190220
506	14.298566
507	13.985012
508	14.272141
509	14.513999
510	13.932360
511	13.890015
512	12.872549
513	12.997916
514	11.512194
515	11.887426
516	12.837584
517	15.985398
518	13.778520
519	13.440585
520	13.089025
521	13.783886
522	13.416814
523	13.982893
524	14.620486
525	15.195020
526	14.533578
527	13.516202
528	8.898501
529	7.807490
530	9.342034
531	11.540641
532	9.895601
533	10.180551
534	10.358652
535	10.630738
536	9.950216
537	10.495946
538	10.531731
539	10.268358
540	11.080656
541	11.211055
542	10.453489
543	10.213488
544	9.675014
545	10.050403
546	9.833174
547	10.182422
548	9.863081
549	9.866640
550	9.861145
551	9.210651
552	9.808429
553	10.357077
554	9.621128
555	10.023190
556	9.919501
557	10.732199
558	10.814165
559	9.090293
560	10.122559
561	10.434356
562	10.622344
563	10.250494
564	9.418353
565	10.511774
566	11.250518
567	10.668710
568	11.322884
569	11.249074
570	10.921068
571	10.770913
572	10.927990
573	10.853804
574	11.768805
575	12.043826
576	10.648061
577	9.924841
578	10.313762
579	11.014107
580	10.637486
581	10.222084
582	9.832647
583	9.657768
584	10.323837
585	10.093693
586	8.494668
587	11.694621
588	10.072975
589	10.885285
590	10.561847
591	10.729673
592	10.309005
593	10.251570
594	10.921329
595	10.378184
596	10.052757
597	10.221568
598	9.891112
599	10.131604
600	11.344969
601	11.086865
602	10.304030
603	10.655987
604	10.001523
605	10.184557
606	11.450633
607	10.889861
608	9.145824
609	11.680916
610	10.174232
611	10.929349
612	10.753241
613	9.557071
614	10.045362
615	8.654358
616	8.831450
617	8.535326
618	8.919244
619	10.278798
620	10.264494
621	11.326613
622	11.826406
623	10.688710
624	10.754913
625	10.828940
626	11.012235
627	12.063868
628	11.170431
629	10.600886
630	10.517860
631	8.795020
632	9.240159
633	9.109628
634	9.066263
635	9.205272
636	9.161599
637	10.520843
638	10.531692
639	10.742801
640	11.850245
641	10.367834
642	11.339226
643	10.083714
644	10.517553
645	10.152067
646	10.496929
647	9.522260
648	12.068287
649	9.011524
650	9.125376
651	10.914763
652	10.248445
653	9.329705
654	8.840888
655	9.878993
656	9.807440
657	9.467825
658	10.024896
659	10.969726
660	10.033752
661	9.700875
662	10.169279
663	9.710646
664	10.282032
665	11.483211
666	10.185841
667	10.893288
668	10.192376
669	9.393075
670	10.365315
671	11.144535
672	9.348477
673	10.222836
674	9.456163
675	10.742766
676	9.794112
677	9.613917
678	10.148548
679	10.439220
680	10.321809
681	9.976862
682	10.244206
683	11.083524
684	9.349227
685	9.927066
686	10.503721
687	9.651871
688	9.717867
689	9.909497
690	10.665914
691	9.925976
692	10.247614
693	10.194144
694	9.460308
695	9.359324
696	10.282268
697	7.431786
698	10.636148
699	9.203856
700	8.508694
701	9.288017
702	9.077978
703	9.897326
704	8.773119
705	9.431610
706	9.441794
707	10.355630
708	10.082738
709	9.843334
710	10.474519
711	10.035582
712	9.008223
713	9.853103
714	9.556091
715	9.926827
716	9.845070
717	10.911248
718	11.675376
719	10.330800
720	10.286962
721	9.214608
722	10.311575
723	9.104497
724	10.272577
725	9.976027
726	9.137513
727	9.811894
728	10.419619
729	11.814949
730	10.321695
731	10.153896
732	10.784589
733	10.321718
734	10.085399
735	10.297790
736	11.717274
737	11.351600
738	11.267395
739	10.637386
740	10.040667
741	10.845273
742	11.441914
743	11.861371
744	11.211117
745	10.173001
746	11.949772
747	11.172162
748	11.635073
749	10.760872
750	10.060207
751	10.390190
752	10.690157
753	10.105349
754	10.385475
755	10.095489
756	10.084488
757	10.110953
758	10.283772
759	10.643778
760	10.053509
761	10.296511
762	11.205832
763	10.633158
764	10.668676
765	11.675706
766	9.906082
767	12.475737
768	10.966969
769	9.389402
770	10.930632
771	11.057985
772	10.519256
773	10.496716
774	10.186934
775	11.418216
776	10.470304
777	10.626888
778	10.464286
779	11.021154
780	11.145669
781	11.341279
782	11.376134
783	11.422194
784	10.146347
785	10.372273
786	9.861526
787	9.651878
788	9.692813
789	10.296108
790	10.816523
791	10.370058
792	9.988440
793	10.347505
794	10.212895
795	10.774430
796	10.038179
797	10.401969
798	10.556497
799	9.421200
800	10.750296
801	10.840020
802	10.018396
803	10.298778
804	11.057329
805	8.744404
806	10.258967
807	10.668280
808	10.551322
809	10.401434
810	10.118592
811	10.276740
812	9.974316
813	9.992161
814	10.212962
815	9.992988
816	10.245622
817	10.101617
818	10.671004
819	10.153781
820	9.041285
821	11.137780
822	9.324404
823	10.617137
824	10.128753
825	9.899830
826	10.400505
827	9.605668
828	10.208632
829	10.192448
830	9.699350
831	10.324023
832	10.816578
833	10.263776
834	9.922922
835	10.498815
836	10.109622
837	10.599616
838	9.303051
839	10.269326
840	10.318604
841	10.302392
842	10.775702
843	10.292045
844	9.909784
845	10.431022
846	10.253065
847	11.245376
848	11.283442
849	9.896425
850	10.517617
851	9.476238
852	9.845789
853	11.008827
854	9.846084
855	9.981413
856	10.533255
857	10.637333
858	10.768781
859	11.307153
860	10.872957
861	10.815298
862	11.345985
863	10.535056
864	10.291466
865	11.025034
866	10.686905
867	10.903144
868	10.791529
869	11.152522
870	10.539150
871	10.908282
872	10.543463
873	11.209501
874	11.295346
875	10.696304
876	10.673485
877	11.545478
878	10.159451
879	10.432283
880	10.204887
881	9.945556
882	10.719465
883	10.506854
884	10.077882
885	10.393099
886	9.812292
887	10.659475
888	10.099796
889	10.199736
890	10.541061
891	10.280653
892	11.108506
893	10.382405
894	10.112453
895	10.128231
896	10.864857
897	9.472471
898	10.220811
899	10.437078
900	10.118388
901	10.659515
902	10.193376
903	10.957385
904	10.253516
905	10.617543
906	10.402682
907	10.114727
908	10.879218
909	10.313127
910	10.579394
911	9.348657
912	10.274268
913	10.576379
914	11.288305
915	10.433073
916	9.671474
917	10.025613
918	11.036875
919	9.853863
920	10.387713
921	11.350056
922	10.644101
923	9.747502
924	9.840096
925	9.778395
926	10.053576
927	10.232673
928	10.133578
929	9.124369
930	10.448331
931	10.336837
932	10.487978
933	10.153906
934	10.688617
935	10.265458
936	10.757302
937	10.503060
938	9.743487
939	10.817640
940	10.233731
941	10.471742
942	10.158999
943	10.589966
944	9.799737
945	10.652800
946	10.974064
947	9.599989
948	10.411575
949	9.833671
950	10.286687
951	10.756060
952	8.960978
953	9.849278
954	10.154610
955	11.008570
956	9.547720
957	11.408801
958	11.421082
959	10.849741
960	10.715012
961	9.838338
962	10.692612
963	10.655765
964	9.779015
965	10.423388
966	10.402505
967	9.669793
968	9.808487
969	10.191330
970	9.919827
971	9.523835
972	11.098035
973	10.341378
974	10.771468
975	9.813954
976	10.146590
977	9.685659
978	10.277787
979	10.260394
980	10.094014
981	10.030519
982	9.916576
983	9.484060
984	9.646208
985	9.891649
986	9.771398
987	9.662190
988	9.960872
989	10.161187
990	10.052179
991	10.039119
992	9.657206
993	10.232471
994	10.191772
995	10.660996
996	9.963172
997	9.814528
998	10.447758
999	10.244040
1000	10.791034
1001	9.744143
1002	10.187525
1003	10.189555
1004	9.793019
1005	10.291952
1006	9.267716
1007	10.465206
1008	9.677174
1009	10.612642
1010	10.362404
1011	10.026077
1012	9.648026
1013	10.564884
1014	10.513706
1015	10.603500
1016	9.935036
1017	10.086694
1018	11.140443
1019	10.095115
1020	10.745605
1021	9.656041
1022	10.193145
1023	9.839480
1024	10.490438
1025	9.711782
1026	10.450378
1027	10.202216
1028	10.572454
1029	9.705252
1030	10.125150
1031	10.337301
1032	10.796004
1033	10.070231
1034	9.906833
1035	9.753594
1036	9.605987
1037	9.093350
1038	10.196137
1039	10.025300
1040	10.015531
1041	10.347232
1042	10.515046
1043	10.881567
1044	9.834602
1045	9.721959
1046	10.898770
1047	10.665913
1048	10.439737
1049	10.993644
1050	10.229496
1051	10.956006
1052	9.932985
1053	10.327696
1054	10.563432
1055	10.063717
1056	9.908401
1057	10.067651
1058	9.732969
1059	10.482634
1060	9.960994
1061	9.992787
1062	9.256425
1063	9.958916
1064	9.404775
1065	8.816316
1066	9.027386
1067	10.291812
1068	10.390356
1069	9.892998
1070	10.176380
1071	10.310781
1072	9.656530
1073	10.367513
1074	10.442538
1075	10.271075
1076	10.121516
1077	10.393561
1078	10.385307
1079	10.074031
1080	9.980772
1081	10.330179
1082	10.219872
1083	9.834129
1084	10.176693
1085	9.724824
1086	9.559711
1087	9.872152
1088	9.594796
1089	9.136355
1090	9.832478
1091	9.746266
1092	10.502780
1093	9.997335
1094	9.284234
1095	10.702312
1096	10.296936
1097	9.780358
1098	9.318594
1099	10.868638
1100	9.911552
1101	9.788105
1102	10.239248
1103	9.751031
1104	9.287726
1105	9.202685
1106	11.115493
1107	9.473891
1108	10.671242
1109	9.418752
1110	9.285698
1111	10.246469
1112	9.817511
1113	10.522955
1114	10.075268
1115	9.963659
1116	10.568373
1117	9.640317
1118	9.839277
1119	9.376919
1120	9.593424
1121	9.942237
1122	9.458182
1123	10.067508
1124	9.960371
1125	10.094641
1126	9.757815
1127	9.980748
1128	9.886217
1129	9.276132
1130	10.167213
1131	10.729869
1132	10.106182
1133	10.237509
1134	9.704976
1135	10.351261
1136	11.059551
1137	10.180123
1138	10.923227
1139	9.838580
1140	11.589102
1141	10.577964
1142	10.731920
1143	10.710107
1144	9.694825
1145	9.870253
1146	10.296340
1147	10.173661
1148	10.173067
1149	10.693091
1150	10.049224
1151	10.880831
1152	9.890631
1153	11.391124
1154	10.775468
1155	11.478924
1156	11.120363
1157	10.524120
1158	9.794576
1159	10.505166
1160	11.144533
1161	11.382289
1162	10.065156
1163	10.052369
1164	9.825441
1165	10.472846
1166	11.540433
1167	10.900298
1168	10.887336
1169	10.231662
1170	11.504125
1171	10.670188
1172	11.788516
1173	11.083178
1174	10.180752
1175	10.322963
1176	10.131907
1177	9.527506
1178	10.043217
1179	10.068213
1180	10.505386
1181	10.242992
1182	10.343655
1183	9.737467
1184	10.201486
1185	10.113799
1186	9.820083
1187	9.644947
1188	10.166344
1189	10.460426
1190	10.213820
1191	10.432760
1192	10.108341
1193	9.278394
1194	11.051688
1195	9.335196
1196	9.890698
1197	10.196797
1198	10.655594
1199	8.851338
1200	9.610708
1201	10.030086
1202	9.386645
1203	9.635501
1204	9.620110
1205	9.938078
1206	9.717865
1207	10.193597
1208	9.855699
1209	10.587889
1210	8.919345
1211	9.403493
1212	11.590108
1213	9.830946
1214	10.233109
1215	9.581523
1216	10.513715
1217	10.063569
1218	10.221277
1219	10.411969
1220	10.090882
1221	10.547991
1222	10.399818
1223	10.164929
1224	10.752971
1225	9.937394
1226	10.504161
1227	10.804829
1228	9.916582
1229	10.625860
1230	9.537401
1231	10.093809
1232	10.910376
1233	10.237755
1234	10.057241
1235	10.217877
1236	9.347517
1237	10.272400
1238	9.847141
1239	10.500941
1240	9.979104
1241	10.415988
1242	10.157465
1243	9.846675
1244	12.330409
1245	12.101094
1246	10.891067
1247	11.575285
1248	10.440240
1249	11.133377
1250	10.412344
1251	11.290967
1252	9.472469
1253	11.889549
1254	9.926991
1255	9.868703
1256	10.830158
1257	10.249476
1258	10.421676
1259	10.621045
1260	10.824390
1261	10.902212
1262	10.581408
1263	11.402846
1264	10.814463
1265	10.144758
1266	11.018825
1267	11.024821
1268	10.654079
1269	10.663774
1270	10.214073
1271	9.866402
1272	10.160300
1273	9.764676
1274	10.298319
1275	10.307734
1276	9.968676
1277	10.126945
1278	11.182889
1279	10.295189
1280	10.040842
1281	10.570837
1282	10.341489
1283	10.392694
1284	10.453653
1285	9.597938
1286	10.654770
1287	10.915298
1288	10.780839
1289	10.782295
1290	10.065322
1291	10.273880
1292	10.254472
1293	10.661173
1294	10.499419
1295	10.466603
1296	10.113200
1297	11.957634
1298	10.351169
1299	10.646862
1300	10.073514
1301	10.351980
1302	10.159458
1303	9.981062
1304	11.400196
1305	10.094122
1306	11.493649
1307	10.625518
1308	9.264361
1309	10.270933
1310	9.996814
1311	9.929839
1312	10.408155
1313	10.469546
1314	10.181366
1315	10.080378
1316	10.091155
1317	10.578106
1318	10.393830
1319	10.622213
1320	10.294294
1321	9.359706
1322	9.637849
1323	11.091353
1324	11.630790
1325	10.159105
1326	10.113303
1327	10.119831
1328	9.827252
1329	10.637081
1330	10.705820
1331	10.207107
1332	10.622967
1333	9.889999
1334	10.642724
1335	9.885152
1336	10.146413
1337	10.467039
1338	10.566819
1339	10.515213
1340	10.044395
1341	10.330885
1342	11.180366
1343	10.369596
1344	10.073834
1345	10.747698
1346	10.399822
1347	9.444014
1348	10.034864
1349	10.412906
1350	10.566740
1351	11.946714
1352	10.124293
1353	10.635244
1354	10.252435
1355	10.564474
1356	10.027591
1357	9.947192
1358	10.568883
1359	10.582338
1360	10.195362
1361	10.055113
1362	10.177772
1363	10.160539
1364	9.875375
1365	10.250798
1366	10.904499
1367	10.790462
1368	11.372516
1369	10.455913
1370	10.207395
1371	10.450216
1372	10.588112
1373	10.435316
1374	10.957364
1375	10.016236
1376	10.147581
1377	10.238095
1378	9.960286
1379	11.293298
1380	10.082941
1381	10.966828
1382	11.126509
1383	10.756978
1384	11.301721
1385	10.990401
1386	10.502956
1387	10.678113
1388	9.205808
1389	10.045143
1390	9.568506
1391	10.762794
1392	10.503690
1393	10.477185
1394	9.700212
1395	9.264006
1396	9.519749
1397	9.421955
1398	10.541334
1399	10.380540
1400	10.483383
1401	10.514724
1402	16.148169
1403	14.128245
1404	14.708131
1405	14.094350
1406	13.946090
1407	10.554553
1408	11.762286
1409	11.121016
1410	10.699930
1411	11.011907
1412	11.093337
1413	11.926635
1414	11.228955
1415	11.060120
1416	10.646431
1417	11.209482
1418	11.132021
1419	11.149369
1420	11.840755
1421	11.649847
1422	10.769482
1423	10.885793
1424	12.166155
1425	12.224998
1426	10.916968
1427	10.684508
1428	11.756811
1429	12.309404
1430	12.957631
1431	12.581011
1432	12.416919
1433	11.385169
1434	11.757056
1435	10.236008
1436	11.734918
1437	11.201676
1438	11.125225
1439	11.539593
1440	11.211621
1441	10.389736
1442	10.595490
1443	12.071805
1444	11.864438
1445	10.930182
1446	9.944215
1447	9.555370
1448	12.139960
1449	13.240552
1450	15.188219
1451	12.445828
1452	12.846684
1453	14.374721
1454	14.617065
1455	10.632577
1456	11.641644
1457	10.793737
1458	10.468993
1459	10.569928
1460	10.836984
1461	10.438473
1462	10.276328
1463	9.911456
1464	10.424856
1465	11.081893
1466	9.987377
1467	12.299698
1468	10.100711
1469	11.498700
1470	10.175169
1471	11.161816
1472	10.638206
1473	10.349225
1474	10.380042
1475	10.296727
1476	10.497299
1477	11.113723
1478	11.921362
1479	11.611510
1480	10.977792
1481	10.734753
1482	10.747127
1483	12.316711
1484	10.675015
1485	10.604032
1486	10.102008
1487	10.271109
1488	10.962964
1489	10.648204
1490	10.000551
1491	12.355153
1492	10.464345
1493	10.624237
1494	10.995918
1495	11.198808
1496	10.530347
1497	9.930996
1498	9.920398
1499	10.338327
1500	10.389175
1501	10.268974
1502	10.548101
1503	9.512522
1504	10.397714
1505	9.898702
1506	10.462165
1507	9.572633
1508	10.470001
1509	9.749726
1510	10.374142
1511	10.785679
1512	9.714117
1513	9.819499
1514	10.461895
1515	9.668534
1516	9.949321
1517	9.666415
1518	9.508993
1519	10.177607
1520	9.934128
1521	10.163233
1522	9.799334
1523	9.974466
1524	9.845071
1525	10.185547
1526	10.052591
1527	9.862028
1528	9.843946
1529	10.096322
1530	10.435983
1531	10.096887
1532	11.032353
1533	10.023182
1534	10.216105
1535	10.711834
1536	10.019322
1537	10.073704
1538	11.204440
1539	10.181206
1540	9.642292
1541	10.174194
1542	10.070891
1543	9.004025
1544	9.671394
1545	10.135595
1546	9.270433
1547	9.503392
1548	10.537604
1549	9.937055
1550	10.380287
1551	9.585329
1552	10.212339
1553	9.893128
1554	9.797564
1555	9.772178
1556	9.642035
1557	10.298036
1558	9.723055
1559	10.399734
1560	10.142848
1561	10.126907
1562	10.632899
1563	10.110850
1564	10.438917
1565	11.680992
1566	11.245580
1567	10.187594
1568	10.396208
1569	10.832851
1570	9.933262
1571	10.139115
1572	9.805005
1573	10.003779
1574	9.626015
1575	10.099311
1576	11.098207
1577	9.317390
1578	10.843822
1579	10.088312
1580	10.632753
1581	9.887626
1582	10.364828
1583	9.594370
1584	10.738873
1585	10.274854
1586	9.836312
1587	11.088976
1588	10.419879
1589	10.119808
1590	10.629563
1591	9.947942
1592	10.198634
1593	10.527037
1594	9.891459
1595	10.359603
1596	9.921861
1597	9.765842
1598	10.033354
1599	10.189538
1600	9.991921
1601	10.214993
1602	9.984119
1603	9.577559
1604	10.080891
1605	10.046347
1606	10.479258
1607	9.674560
1608	10.100066
1609	11.024131
1610	10.343102
1611	9.303451
1612	9.850638
1613	10.608367
1614	10.472281
1615	10.587284
1616	10.248631
1617	11.246400
1618	10.252751
1619	9.239769
1620	10.031731
1621	8.710921
1622	10.290944
1623	10.557733
1624	10.113532
1625	9.760942
1626	9.494745
1627	10.320662
1628	10.667152
1629	10.641543
1630	11.497243
1631	10.547101
1632	10.434568
1633	10.073649
1634	9.662161
1635	10.595459
1636	11.473697
1637	9.792838
1638	9.935623
1639	9.623481
1640	8.796127
1641	9.749466
1642	12.140793
1643	10.721575
1644	9.900721
1645	10.017806
1646	10.539607
1647	9.351022
1648	9.723302
1649	9.670490
1650	9.489802
1651	10.095248
1652	10.155786
1653	8.898016
1654	10.712435
1655	10.501068
1656	10.447787
1657	11.070337
1658	9.871079
1659	10.398480
1660	10.426788
1661	10.596059
1662	11.083396
1663	10.627094
1664	11.205890
1665	11.957481
1666	13.542935
1667	9.859974
1668	10.392992
1669	11.412606
1670	10.007867
1671	11.746712
1672	10.520379
1673	10.480625
1674	10.850181
1675	10.360397
1676	10.096654
1677	10.505475
1678	10.160247
1679	10.212167
1680	10.568445
1681	9.830383
1682	10.109827
1683	10.148740
1684	9.132960
1685	10.241257
1686	9.454662
1687	9.904039
1688	10.146412
1689	11.039467
1690	10.399743
1691	11.302736
1692	9.878931
1693	10.744352
1694	10.358478
1695	9.965924
1696	10.614849
1697	10.220710
1698	10.330626
1699	9.812266
1700	10.779915
1701	10.299849
1702	10.931779
1703	10.178460
1704	10.940965
1705	10.413812
1706	10.140777
1707	9.777592
1708	10.522171
1709	10.504698
1710	9.618074
1711	10.460831
1712	10.233557
1713	9.931244
1714	9.504158
1715	10.293262
1716	10.403770
1717	9.768131
1718	9.929336
1719	10.342088
1720	10.217562
1721	9.798720
1722	10.541999
1723	10.172891
1724	10.564123
1725	9.493606
1726	11.088205
1727	12.121771
1728	10.356627
1729	10.041560
1730	9.582541
1731	10.267250
1732	9.784295
1733	10.062539
1734	9.445618
1735	10.218471
1736	10.135945
1737	10.934468
1738	9.971093
1739	10.461234
1740	10.654376
1741	10.112339
1742	10.993209
1743	10.212976
1744	10.837941
1745	10.555217
1746	11.062387
1747	10.457653
1748	10.018878
1749	11.202891
1750	10.339531
1751	9.591774
1752	10.124431
1753	10.463522
1754	9.770859
1755	9.979705
1756	10.665914
1757	9.674904
1758	10.098758
1759	10.953688
1760	10.308302
1761	10.188665
1762	11.939154
1763	10.529810
1764	10.076974
1765	10.714803
1766	12.913674
1767	10.639107
1768	11.895000
1769	11.571707
1770	12.213177
1771	10.691988
1772	10.386231
1773	10.488037
1774	10.064641
1775	10.600722
1776	10.203361
1777	9.566793
1778	10.152843
1779	10.015538
1780	11.513684
1781	10.735708
1782	10.088101
1783	10.952948
1784	9.810228
1785	11.096466
1786	9.899575
1787	9.828194
1788	10.225307
1789	9.618536
1790	10.527314
1791	10.196571
1792	9.253208
1793	9.850778
1794	10.346253
1795	9.771925
1796	9.748028
1797	9.882349
1798	9.668268
1799	10.380486
1800	10.728995
1801	9.493794
1802	12.136469
1803	12.432140
1804	11.452591
1805	10.071172
1806	10.254121
1807	9.880979
1808	9.562102
1809	10.101115
1810	10.110534
1811	10.148477
1812	10.190804
1813	9.846200
1814	9.792898
1815	10.027394
1816	11.230284
1817	9.828773
1818	11.233553
1819	9.758709
1820	10.155709
1821	10.973063
1822	10.070821
1823	9.797170
1824	10.556943
1825	9.909694
1826	10.041664
1827	9.294785
1828	10.224986
1829	10.505856
1830	9.960939
1831	9.876667
1832	10.138708
1833	9.843831
1834	9.903202
1835	10.047311
1836	10.114877
1837	10.754274
1838	9.794312
1839	12.391140
1840	9.568314
1841	10.701954
1842	10.244009
1843	9.952694
1844	10.536057
1845	9.925532
1846	10.714894
1847	9.630812
1848	8.951087
1849	10.173474
1850	10.029100
1851	11.271402
1852	10.288753
1853	11.139806
1854	10.116383
1855	10.157733
1856	10.058750
1857	10.505223
1858	10.730306
1859	10.341078
1860	9.592840
1861	9.698136
