0	3.187599
1	3.272079
2	3.055830
3	3.320377
4	3.496943
5	3.193511
6	3.160157
7	2.996632
8	3.402987
9	3.134040
10	3.324664
11	3.214423
12	3.693723
13	3.353149
14	3.475461
15	3.284356
16	3.402028
17	3.658963
18	3.696659
19	3.115206
20	3.534869
21	3.317256
22	3.419738
23	3.057384
24	3.162150
25	2.982934
26	3.027128
27	3.047769
28	3.624417
29	3.467823
30	2.997168
31	3.078263
32	3.082875
33	3.241437
34	3.590541
35	3.207115
36	3.076835
37	3.105528
38	3.233280
39	3.225414
40	3.186502
41	3.169258
42	3.250895
43	3.464997
44	3.292385
45	3.256473
46	3.446116
47	3.215415
48	3.331758
49	3.851882
50	3.277133
51	3.791480
52	3.579832
53	4.023593
54	3.210142
55	3.215309
56	3.337785
57	3.784405
58	3.310606
59	2.970960
60	2.885566
61	3.314137
62	3.134293
63	3.296030
64	3.841783
65	3.309458
66	3.820288
67	3.090646
68	3.487392
69	3.713935
70	3.394437
71	3.225616
72	3.575275
73	3.695540
74	3.038108
75	3.553562
76	3.697862
77	3.887392
78	3.642169
79	3.104141
80	3.625934
81	3.020263
82	3.496483
83	3.319109
84	2.907939
85	3.180661
86	3.468185
87	3.393448
88	3.766510
89	3.562991
90	4.027273
91	3.579635
92	3.073925
93	3.717916
94	3.463900
95	3.269998
96	3.235583
97	3.222623
98	3.895023
99	4.005560
100	3.681710
101	2.800393
102	3.338771
103	3.242483
104	3.366364
105	3.893968
106	3.177390
107	3.434762
108	3.394555
109	3.648536
110	3.509687
111	3.589496
112	3.659647
113	3.269618
114	3.602067
115	3.593184
116	3.104269
117	3.635848
118	3.399087
119	3.237808
120	3.390164
121	3.335656
122	3.561462
123	3.201811
124	3.195824
125	3.116488
126	3.263189
127	3.403896
128	3.787363
129	3.137339
130	3.274035
131	3.141035
132	3.362379
133	3.538275
134	2.996731
135	3.450884
136	3.271376
137	3.276217
138	3.373277
139	3.492248
140	3.421054
141	2.935712
142	3.847738
143	3.617526
144	2.996797
145	3.686324
146	3.755476
147	3.209582
148	3.115044
149	3.118219
150	3.241929
151	3.324665
152	3.313608
153	3.215557
154	3.480141
155	3.200265
156	3.033445
157	3.330947
158	4.202452
159	3.406305
160	3.040047
161	2.877430
162	3.355740
163	3.737313
164	3.467721
165	3.721521
166	3.223042
167	3.269896
168	3.416871
169	3.379676
170	3.496770
171	3.661449
172	3.317617
173	3.226391
174	3.167222
175	3.870568
176	3.628015
177	3.399839
178	3.489540
179	3.486375
180	3.455446
181	3.413547
182	3.405848
183	3.241744
184	3.687192
185	3.388127
186	3.577232
187	3.213346
188	3.276126
189	3.400148
190	3.576157
191	3.374535
192	3.114241
193	3.434965
194	3.208506
195	3.069691
196	3.156469
197	3.472609
198	3.556192
199	3.057925
200	3.789498
201	3.564982
202	3.218603
203	3.253812
204	3.795339
205	3.217375
206	3.567323
207	3.435128
208	3.504752
209	3.631253
210	3.190438
211	3.570296
212	4.032209
213	3.548606
214	3.686655
215	3.638641
216	3.497744
217	3.975224
218	3.516436
219	4.065872
220	3.600486
221	4.337625
222	2.896654
223	3.495844
224	3.694211
225	3.479025
226	3.145758
227	3.117261
228	3.280867
229	3.310617
230	4.682619
231	3.268471
232	3.342844
233	3.002548
234	3.607230
235	4.266554
236	3.554236
237	4.077854
238	3.310786
239	2.955909
240	4.218590
241	3.922995
242	3.944833
243	4.253857
244	3.312311
245	3.411391
246	4.379007
247	3.352640
248	3.888498
249	3.386400
250	3.411525
251	4.062278
252	4.161357
253	3.552760
254	4.369052
255	3.744343
256	3.150445
257	3.568881
258	3.898731
259	3.906406
260	4.185558
261	4.811880
262	3.108392
263	3.199454
264	3.504070
265	3.463092
266	3.447680
267	4.901358
268	4.125542
269	3.906827
270	3.735090
271	3.963279
272	3.061861
273	4.225175
274	4.191730
275	3.288723
276	3.998313
277	3.701634
278	5.308944
279	3.032244
280	3.413660
281	4.198501
282	3.860440
283	4.181448
284	5.133702
285	3.441586
286	3.322349
287	3.468284
288	3.156595
289	3.746636
290	3.364969
291	3.118814
292	3.236836
293	3.093139
294	3.936215
295	4.026823
296	4.135229
297	3.381878
298	4.011585
299	4.155934
300	3.855088
301	4.357681
302	3.972985
303	4.065967
304	3.417515
305	3.377425
306	4.034265
307	4.634576
308	3.825430
309	4.311452
310	4.020822
311	4.042291
312	4.134305
313	3.578295
314	3.579553
315	3.335833
316	3.769630
317	3.804526
318	3.851496
319	3.651011
320	3.161294
321	3.743821
322	3.365057
323	3.021620
324	3.141274
325	3.602194
326	3.322469
327	3.541356
328	3.284677
329	3.231192
330	3.551803
331	3.440755
332	3.214668
333	3.500901
334	3.671212
335	3.262728
336	3.385492
337	3.933880
338	3.782066
339	3.340927
340	3.452851
341	3.211453
342	3.519233
343	3.128114
344	3.301809
345	3.720457
346	3.397677
347	4.252788
348	3.323446
349	3.354789
350	4.293030
351	4.090721
352	4.782197
353	3.883234
354	4.309628
355	3.406392
356	3.860506
357	4.937672
358	4.434017
359	4.595499
360	4.963354
361	5.874119
362	3.367566
363	4.992726
364	5.745767
365	5.067340
366	4.509956
367	4.774831
368	5.748573
369	5.496964
370	5.022878
371	4.419786
372	4.472706
373	5.517544
374	4.023091
375	3.971551
376	3.450138
377	3.352419
378	4.486548
379	3.368888
380	4.155286
381	3.897308
382	4.140981
383	3.455821
384	3.426316
385	3.325582
386	3.316534
387	3.308547
388	3.368827
389	3.603180
390	3.698120
391	3.718681
392	4.057881
393	4.075187
394	3.491502
395	3.240198
396	3.535889
397	3.850429
398	3.378432
399	3.529050
400	3.925940
401	3.798632
402	3.252858
403	2.957709
404	3.077158
405	3.720241
406	3.860673
407	4.915069
408	5.061334
409	4.488006
410	4.584997
411	4.251470
412	4.645611
413	3.875062
414	4.434963
415	4.582368
416	4.772222
417	4.594289
418	3.992063
419	4.983923
420	4.708224
421	5.020718
422	5.182189
423	4.550428
424	4.495157
425	4.870286
426	4.376791
427	4.749312
428	4.799739
429	4.379292
430	4.480848
431	4.220438
432	4.829161
433	4.242288
434	4.777510
435	4.621316
436	4.538742
437	4.856965
438	6.144413
439	4.419819
440	4.587844
441	6.669962
442	8.364954
443	8.278599
444	8.080210
445	9.115955
446	9.303604
447	8.655867
448	9.052120
449	8.465999
450	8.778820
451	8.327363
452	7.263173
453	7.161882
454	7.084314
455	8.523416
456	8.379508
457	8.009947
458	7.382420
459	7.051512
460	7.211563
461	7.135137
462	7.014070
463	7.961365
464	8.165745
465	7.327940
466	7.012981
467	7.906668
468	9.047270
469	8.645127
470	8.763608
471	8.251308
472	8.906023
473	10.322429
474	9.524553
475	8.648947
476	6.700635
477	7.295654
478	7.099816
479	7.644384
480	9.591754
481	8.618656
482	7.496725
483	8.518057
484	8.180477
485	9.025374
486	9.305229
487	7.401728
488	7.245563
489	9.301043
490	7.182460
491	9.067401
492	9.355225
493	9.858343
494	9.376567
495	8.182396
496	9.778617
497	8.624644
498	9.229225
499	8.970431
500	8.858136
501	8.808433
502	9.625699
503	9.182478
504	9.538859
505	9.240135
506	8.990412
507	9.327659
508	9.883683
509	9.881069
510	8.725049
511	8.890685
512	8.713310
513	9.504388
514	8.349036
515	8.874628
516	9.045397
517	10.369966
518	8.475476
519	8.170128
520	7.880825
521	8.331633
522	8.687877
523	8.714975
524	9.090758
525	10.547123
526	10.048752
527	9.341746
528	9.423470
529	8.082209
530	7.607417
531	8.058170
532	7.539603
533	7.883426
534	7.805184
535	8.780256
536	8.377481
537	8.696907
538	7.932274
539	7.937870
540	8.373847
541	8.572659
542	8.510494
543	8.366997
544	8.080849
545	8.699966
546	8.893868
547	9.094690
548	8.647692
549	8.423573
550	8.677621
551	8.856582
552	8.444343
553	8.446886
554	8.243209
555	8.660221
556	8.824399
557	9.059238
558	9.477879
559	7.682840
560	8.786798
561	7.620203
562	9.257522
563	8.678831
564	7.943407
565	9.162038
566	9.034613
567	8.572731
568	9.104492
569	8.694257
570	9.281525
571	9.310656
572	9.177592
573	9.069719
574	9.413420
575	9.874638
576	8.875178
577	8.640934
578	9.267417
579	9.031524
580	8.641533
581	8.724999
582	7.479870
583	7.972416
584	8.263896
585	7.677098
586	7.657897
587	8.426839
588	8.138824
589	8.047912
590	8.576010
591	8.641886
592	8.019184
593	8.053379
594	8.840668
595	8.162437
596	8.486512
597	8.562557
598	7.854558
599	8.620830
600	7.957111
601	8.196913
602	8.296845
603	8.397202
604	8.805412
605	8.265789
606	8.857251
607	8.099663
608	8.216503
609	9.003699
610	8.229272
611	8.377569
612	8.669787
613	7.570382
614	7.808926
615	7.703019
616	7.022846
617	7.320294
618	7.147369
619	7.955927
620	8.428221
621	8.942735
622	9.327298
623	8.875338
624	8.016451
625	8.080323
626	9.674850
627	9.792592
628	9.107843
629	8.909143
630	8.897524
631	8.207522
632	8.788663
633	8.319096
634	8.646264
635	8.314915
636	7.718841
637	9.156659
638	8.420976
639	8.296881
640	10.389502
641	10.090947
642	9.782403
643	9.696440
644	10.542383
645	10.585565
646	11.471948
647	11.666640
648	13.344640
649	11.315869
650	11.940035
651	11.984771
652	13.085904
653	11.833179
654	11.304785
655	12.610435
656	13.388813
657	12.679909
658	13.809454
659	13.079658
660	12.357371
661	12.171631
662	13.337366
663	11.985303
664	12.476304
665	13.139791
666	11.950206
667	13.348987
668	12.654827
669	11.778807
670	12.523696
671	11.670316
672	11.100963
673	12.014329
674	11.865166
675	12.525470
676	12.000346
677	11.752521
678	11.737551
679	12.855744
680	12.317733
681	11.952813
682	12.530005
683	12.951441
684	10.953858
685	11.648673
686	13.163403
687	12.250021
688	11.908893
689	12.818978
690	12.371758
691	11.978792
692	11.358671
693	12.693823
694	12.082432
695	11.615463
696	13.099853
697	11.109008
698	12.879169
699	11.143059
700	11.211879
701	11.919586
702	12.107775
703	12.333292
704	11.251715
705	12.368107
706	11.927466
707	13.148256
708	12.958665
709	12.610256
710	12.575964
711	12.928487
712	11.987997
713	13.145139
714	12.892109
715	12.442994
716	12.655232
717	13.310858
718	12.869881
719	12.432305
720	12.931970
721	12.061036
722	12.827909
723	11.588362
724	12.275398
725	12.350503
726	12.102798
727	12.158098
728	12.828832
729	12.999734
730	13.043686
731	12.524845
732	12.648441
733	12.669688
734	12.794415
735	13.474016
736	13.638085
737	14.824098
738	13.953461
739	13.686237
740	12.931423
741	13.198074
742	13.722837
743	13.660110
744	13.318157
745	13.370376
746	13.677095
747	14.041034
748	13.880125
749	13.693673
750	12.668521
751	13.343258
752	13.063006
753	12.335676
754	13.367505
755	12.965115
756	13.208869
757	13.443743
758	12.639071
759	13.191549
760	12.722489
761	12.949320
762	13.415520
763	12.742504
764	13.071225
765	13.272555
766	12.910171
767	15.117821
768	13.608911
769	11.857461
770	13.280235
771	13.106954
772	13.179914
773	13.143995
774	13.167257
775	13.906979
776	13.696837
777	13.551554
778	13.448811
779	13.389374
780	14.005732
781	13.662416
782	13.630076
783	13.985100
784	13.311911
785	13.190918
786	13.047993
787	12.585476
788	12.734278
789	12.842062
790	13.325523
791	12.953220
792	13.051504
793	13.310960
794	12.967851
795	13.440857
796	13.163938
797	12.754055
798	13.782919
799	13.039216
800	13.083579
801	13.293554
802	13.152844
803	12.942322
804	13.035891
805	11.855633
806	13.053897
807	13.608003
808	13.020060
809	13.545918
810	13.379862
811	13.192079
812	13.557967
813	12.657659
814	13.126578
815	13.312143
816	12.870502
817	13.695901
818	14.334076
819	13.016896
820	12.119526
821	14.932881
822	12.799492
823	13.445247
824	13.276495
825	12.727347
826	13.242817
827	12.582576
828	13.827042
829	13.080024
830	13.178660
831	13.711949
832	13.570267
833	12.980606
834	12.855582
835	13.368332
836	13.270198
837	13.280857
838	12.587658
839	13.116105
840	13.220123
841	13.585465
842	13.056604
843	12.964022
844	12.770597
845	12.744820
846	12.800145
847	13.681273
848	14.779312
849	13.007435
850	13.641559
851	12.624334
852	12.931152
853	13.506630
854	13.110041
855	12.581887
856	14.116657
857	13.805364
858	13.325076
859	13.724408
860	13.478732
861	13.912717
862	14.625315
863	13.824827
864	13.462259
865	14.036538
866	13.212603
867	13.429083
868	14.012826
869	13.971838
870	13.946071
871	13.754539
872	13.475418
873	14.324036
874	13.898824
875	13.417631
876	13.401048
877	14.199934
878	12.679104
879	13.387293
880	12.629208
881	13.138090
882	12.918456
883	12.828753
884	12.979627
885	12.143249
886	13.044632
887	13.481016
888	12.964820
889	13.445051
890	13.793983
891	13.689171
892	13.972692
893	13.406867
894	13.089436
895	13.090653
896	13.861274
897	12.552014
898	13.370773
899	13.279416
900	13.182644
901	12.942602
902	13.155956
903	13.518454
904	13.056384
905	13.308968
906	13.598503
907	13.193826
908	13.702357
909	12.946743
910	13.335775
911	12.714924
912	12.218733
913	13.269772
914	13.651133
915	13.281785
916	13.176798
917	12.915825
918	13.415877
919	13.045928
920	13.119733
921	13.413161
922	13.150091
923	12.586298
924	13.259156
925	12.867240
926	12.393053
927	13.362053
928	12.710110
929	12.539222
930	13.552406
931	13.508997
932	13.731256
933	13.063299
934	13.533147
935	13.103616
936	13.496508
937	13.577400
938	12.863261
939	13.863680
940	13.050833
941	12.256911
942	13.009219
943	12.940776
944	12.920232
945	13.674877
946	13.682668
947	12.544751
948	12.787044
949	12.515198
950	11.487877
951	11.701035
952	11.027436
953	11.777233
954	12.242063
955	11.563923
956	10.976766
957	12.812422
958	12.551513
959	10.188044
960	13.644154
961	12.017763
962	12.856731
963	13.099778
964	12.812032
965	11.582598
966	12.520245
967	11.538354
968	11.809057
969	12.494898
970	12.883142
971	11.465694
972	12.392417
973	13.100171
974	13.418945
975	13.301890
976	12.409193
977	11.602797
978	12.374024
979	12.567554
980	12.804742
981	12.153521
982	12.534838
983	11.638528
984	12.560624
985	11.446062
986	12.145486
987	12.140434
988	11.940603
989	12.245849
990	12.033633
991	12.201245
992	11.427515
993	12.611572
994	12.425075
995	13.103794
996	11.201312
997	11.663144
998	12.407229
999	12.439151
1000	12.542156
1001	12.549325
1002	12.175035
1003	12.294626
1004	11.989552
1005	12.343330
1006	10.767541
1007	13.361774
1008	12.562317
1009	12.601372
1010	12.839375
1011	11.697726
1012	11.753138
1013	12.894085
1014	12.839798
1015	12.056670
1016	13.423774
1017	12.488811
1018	12.904433
1019	13.184652
1020	12.694712
1021	12.995234
1022	11.774566
1023	12.574647
1024	11.307699
1025	12.309649
1026	12.661554
1027	10.936810
1028	13.132133
1029	11.746620
1030	12.262321
1031	11.901531
1032	12.659828
1033	12.445081
1034	11.305068
1035	11.471103
1036	11.254705
1037	11.167812
1038	11.755423
1039	11.871104
1040	11.563741
1041	13.164522
1042	12.668406
1043	12.723448
1044	12.012345
1045	13.055915
1046	11.954659
1047	12.846245
1048	12.609378
1049	13.295930
1050	12.352371
1051	13.095153
1052	12.989403
1053	13.455650
1054	13.845812
1055	12.062994
1056	12.404068
1057	11.942408
1058	12.934625
1059	12.835023
1060	13.222451
1061	13.152554
1062	13.174054
1063	13.499607
1064	12.628757
1065	12.897388
1066	12.082632
1067	12.662107
1068	11.381602
1069	12.802710
1070	13.297974
1071	12.335153
1072	12.421871
1073	13.257486
1074	12.495835
1075	12.463710
1076	12.881533
1077	13.602186
1078	13.157124
1079	13.103133
1080	12.511378
1081	12.380187
1082	12.216854
1083	12.361089
1084	12.093423
1085	12.896798
1086	11.303565
1087	10.959863
1088	12.102472
1089	10.885873
1090	11.135951
1091	11.296548
1092	12.183714
1093	12.657185
1094	10.356471
1095	12.412686
1096	12.562476
1097	12.224409
1098	11.095611
1099	12.209298
1100	11.965487
1101	12.446441
1102	12.262177
1103	11.959570
1104	11.803092
1105	11.633461
1106	11.945932
1107	11.423423
1108	12.387853
1109	12.874041
1110	11.372292
1111	13.322245
1112	10.649527
1113	11.942553
1114	12.294596
1115	12.846482
1116	12.707985
1117	11.693203
1118	12.649747
1119	11.883946
1120	12.523825
1121	12.079892
1122	11.309483
1123	12.790542
1124	12.560407
1125	11.494337
1126	11.190129
1127	12.412518
1128	13.149073
1129	13.167388
1130	13.003731
1131	13.631164
1132	12.268436
1133	13.089194
1134	13.128578
1135	12.582122
1136	13.521756
1137	13.666551
1138	14.401306
1139	13.345387
1140	12.939832
1141	13.432067
1142	12.827548
1143	13.111484
1144	12.992079
1145	13.294995
1146	13.662779
1147	13.485255
1148	13.178846
1149	13.385532
1150	13.592078
1151	13.533266
1152	13.160327
1153	13.637128
1154	13.281476
1155	13.316493
1156	13.848990
1157	13.389656
1158	12.987700
1159	13.623121
1160	13.379560
1161	12.901229
1162	13.491304
1163	12.746941
1164	13.118483
1165	13.641377
1166	13.486324
1167	13.253818
1168	13.707425
1169	12.804238
1170	13.802184
1171	13.616293
1172	13.488523
1173	13.501800
1174	13.472979
1175	12.848095
1176	12.950562
1177	12.717602
1178	13.414457
1179	12.857087
1180	12.997014
1181	13.825899
1182	13.085724
1183	12.710981
1184	12.692205
1185	13.184655
1186	13.047436
1187	13.035961
1188	12.961780
1189	12.272454
1190	13.156720
1191	13.525740
1192	13.017322
1193	12.781958
1194	12.530974
1195	12.351817
1196	12.561508
1197	13.141334
1198	12.993833
1199	12.637370
1200	12.419171
1201	12.734257
1202	12.406808
1203	13.046049
1204	12.291008
1205	12.849113
1206	13.226934
1207	12.905615
1208	12.777116
1209	13.155212
1210	12.359778
1211	12.342966
1212	13.280982
1213	13.132493
1214	13.101149
1215	12.109764
1216	13.117995
1217	12.392438
1218	12.821766
1219	13.083944
1220	12.760008
1221	13.798158
1222	13.212994
1223	12.850736
1224	12.902145
1225	12.862760
1226	12.642255
1227	13.331738
1228	13.208975
1229	13.345344
1230	12.779027
1231	13.292421
1232	12.868608
1233	12.884701
1234	12.768985
1235	13.706604
1236	12.852225
1237	12.726394
1238	12.924490
1239	12.943476
1240	12.936462
1241	13.492338
1242	13.188798
1243	12.995889
1244	12.654364
1245	15.107275
1246	14.078970
1247	14.241493
1248	13.323092
1249	13.823496
1250	13.425951
1251	13.862996
1252	12.664320
1253	13.870941
1254	13.615562
1255	13.064968
1256	13.304958
1257	13.257215
1258	12.869659
1259	13.116573
1260	13.704197
1261	13.223042
1262	12.871883
1263	12.965486
1264	13.933679
1265	12.707755
1266	13.285316
1267	12.845836
1268	13.161021
1269	13.918368
1270	13.463005
1271	12.828697
1272	12.656560
1273	13.293881
1274	13.147972
1275	13.166368
1276	12.714015
1277	13.164721
1278	14.548313
1279	13.527234
1280	12.217929
1281	12.118093
1282	12.321403
1283	13.270201
1284	11.706579
1285	11.516969
1286	13.534761
1287	12.783760
1288	12.313666
1289	12.603458
1290	12.023026
1291	11.656470
1292	11.717856
1293	11.063517
1294	11.964506
1295	11.756489
1296	11.742769
1297	14.012312
1298	11.854691
1299	12.366099
1300	12.278527
1301	12.451842
1302	11.979820
1303	12.521527
1304	13.061523
1305	12.417897
1306	13.139208
1307	12.419319
1308	11.801402
1309	11.873014
1310	11.790416
1311	12.660524
1312	13.443159
1313	12.628142
1314	12.257279
1315	12.303109
1316	11.903248
1317	12.596926
1318	12.847808
1319	12.203665
1320	12.056393
1321	11.827144
1322	11.763695
1323	12.708824
1324	13.054808
1325	12.823525
1326	11.943069
1327	11.788929
1328	11.552114
1329	12.874739
1330	12.110187
1331	12.107676
1332	12.417222
1333	12.029020
1334	12.391097
1335	12.837668
1336	11.599059
1337	12.968211
1338	12.403121
1339	12.065280
1340	12.241432
1341	12.423465
1342	12.946682
1343	12.474339
1344	11.889245
1345	12.017862
1346	13.017761
1347	11.895466
1348	12.081952
1349	12.378353
1350	12.610486
1351	12.342257
1352	12.928638
1353	12.274960
1354	12.106824
1355	12.103509
1356	12.083609
1357	11.610641
1358	13.116896
1359	12.733107
1360	12.248631
1361	12.104769
1362	12.136842
1363	12.218607
1364	12.412081
1365	12.783727
1366	13.035698
1367	12.521584
1368	13.169589
1369	12.823030
1370	12.225312
1371	12.390372
1372	12.330924
1373	13.006539
1374	12.490838
1375	12.984118
1376	13.464539
1377	13.483386
1378	11.955764
1379	13.724143
1380	12.563573
1381	13.384211
1382	13.890849
1383	13.429214
1384	13.691186
1385	13.605385
1386	13.474720
1387	12.152715
1388	11.667121
1389	12.030781
1390	12.446314
1391	13.223079
1392	13.537602
1393	12.515792
1394	12.170632
1395	12.031882
1396	12.008568
1397	12.037409
1398	13.107167
1399	12.340025
1400	12.275640
1401	12.110933
1402	15.440164
1403	13.611250
1404	14.543050
1405	13.308291
1406	13.232721
1407	12.607606
1408	12.554499
1409	12.633869
1410	11.880013
1411	11.966440
1412	12.564769
1413	13.014719
1414	13.231668
1415	12.553559
1416	12.647659
1417	13.409402
1418	12.680433
1419	13.806091
1420	13.350088
1421	13.820810
1422	12.974384
1423	12.440655
1424	13.622645
1425	14.481798
1426	12.462146
1427	12.519640
1428	12.731618
1429	14.674985
1430	14.131393
1431	12.978124
1432	12.731381
1433	12.125781
1434	12.755845
1435	12.502581
1436	12.830378
1437	12.544451
1438	12.791085
1439	12.897259
1440	13.371722
1441	12.663508
1442	12.078038
1443	11.789886
1444	12.327029
1445	12.736162
1446	12.277398
1447	11.815856
1448	11.661898
1449	11.502894
1450	13.689675
1451	11.903954
1452	13.036944
1453	13.034869
1454	14.196571
1455	12.834119
1456	13.806669
1457	13.162078
1458	13.186069
1459	12.898445
1460	13.571051
1461	13.965678
1462	12.863802
1463	12.576521
1464	13.052307
1465	13.599403
1466	13.281684
1467	14.630501
1468	13.112957
1469	14.803625
1470	13.285971
1471	13.393246
1472	12.875079
1473	12.012499
1474	13.618136
1475	12.341558
1476	12.396666
1477	14.006115
1478	13.164831
1479	13.039094
1480	13.391842
1481	12.279680
1482	13.329248
1483	13.525831
1484	12.040911
1485	12.601577
1486	12.291864
1487	13.016884
1488	13.335292
1489	13.341526
1490	13.018524
1491	14.882330
1492	12.666595
1493	12.457321
1494	13.541160
1495	12.869159
1496	12.617489
1497	12.688548
1498	12.402530
1499	12.534576
1500	12.976155
1501	12.911242
1502	13.165895
1503	11.740926
1504	12.476990
1505	11.626697
1506	12.978819
1507	11.613052
1508	11.935169
1509	12.721312
1510	12.668679
1511	14.032383
1512	11.471194
1513	12.108290
1514	13.349323
1515	11.841467
1516	11.942988
1517	12.326019
1518	12.482055
1519	12.198072
1520	11.851775
1521	11.884456
1522	11.749542
1523	11.967499
1524	11.979328
1525	12.595767
1526	12.359330
1527	12.020130
1528	12.823446
1529	12.595414
1530	12.562554
1531	12.083315
1532	13.165054
1533	12.234608
1534	11.740696
1535	11.734884
1536	11.831624
1537	12.848049
1538	13.691180
1539	12.158589
1540	12.050331
1541	11.956454
1542	12.890721
1543	11.632693
1544	11.700591
1545	12.187957
1546	11.663605
1547	12.090412
1548	12.459758
1549	12.205264
1550	12.910823
1551	11.346883
1552	12.560830
1553	11.450977
1554	12.439996
1555	12.424461
1556	11.986828
1557	12.310445
1558	11.999539
1559	12.428649
1560	11.861791
1561	12.303972
1562	12.103977
1563	12.126346
1564	12.744523
1565	13.211877
1566	13.071134
1567	12.341098
1568	12.495000
1569	12.745749
1570	11.790334
1571	12.322845
1572	12.321518
1573	11.879983
1574	11.728388
1575	12.441306
1576	12.831093
1577	11.983230
1578	12.722595
1579	12.115124
1580	11.825758
1581	12.139475
1582	12.435084
1583	12.578571
1584	13.183281
1585	11.639971
1586	11.194668
1587	11.394995
1588	11.491755
1589	11.396492
1590	12.601337
1591	10.857484
1592	11.872618
1593	11.372532
1594	11.528873
1595	10.927184
1596	10.999403
1597	11.484129
1598	10.783754
1599	10.850312
1600	11.806313
1601	11.396117
1602	10.082116
1603	11.017049
1604	11.581229
1605	11.679186
1606	12.611494
1607	11.028481
1608	12.621161
1609	14.072275
1610	12.505791
1611	11.443048
1612	12.172849
1613	12.836462
1614	12.217010
1615	12.844322
1616	12.967983
1617	13.513084
1618	12.609597
1619	11.847451
1620	11.958567
1621	10.917237
1622	12.515342
1623	13.397717
1624	12.349239
1625	11.719749
1626	11.799576
1627	12.572182
1628	13.322676
1629	13.179832
1630	13.528406
1631	12.581975
1632	11.695409
1633	11.875133
1634	11.154781
1635	13.087966
1636	14.050952
1637	12.379118
1638	11.265229
1639	12.350327
1640	11.723180
1641	11.562224
1642	13.510695
1643	12.567232
1644	12.067598
1645	11.665112
1646	12.876510
1647	11.268204
1648	12.129613
1649	12.669212
1650	11.849300
1651	11.643556
1652	12.109779
1653	11.195007
1654	12.097610
1655	11.967303
1656	12.488415
1657	12.676408
1658	12.043874
1659	11.999997
1660	12.783696
1661	12.318935
1662	13.388415
1663	12.450809
1664	13.381272
1665	12.254361
1666	15.540614
1667	12.529184
1668	10.420468
1669	11.431631
1670	11.385274
1671	11.805152
1672	11.153216
1673	13.184444
1674	12.912895
1675	12.570290
1676	12.580450
1677	12.913997
1678	12.896686
1679	12.493108
1680	10.972989
1681	11.240481
1682	11.503156
1683	11.228830
1684	10.670451
1685	11.908848
1686	10.623996
1687	11.108809
1688	11.208274
1689	11.274342
1690	10.697850
1691	12.308421
1692	10.880999
1693	11.844381
1694	11.286773
1695	11.329362
1696	11.433610
1697	11.121026
1698	11.916809
1699	11.058343
1700	12.288894
1701	10.288469
1702	12.104876
1703	12.266063
1704	13.507367
1705	12.104408
1706	12.370708
1707	13.027877
1708	12.212242
1709	13.198664
1710	13.156465
1711	12.254938
1712	12.691893
1713	12.786570
1714	11.934974
1715	12.175323
1716	12.560037
1717	12.161294
1718	12.278819
1719	11.949409
1720	12.426238
1721	11.583805
1722	12.261871
1723	12.776827
1724	13.107405
1725	12.563875
1726	13.630240
1727	13.977269
1728	12.727018
1729	11.949214
1730	12.047379
1731	13.579402
1732	12.780715
1733	12.642176
1734	13.020676
1735	13.176334
1736	13.151154
1737	13.715174
1738	13.353826
1739	11.959202
1740	11.819500
1741	12.207712
1742	13.613428
1743	12.084673
1744	11.978063
1745	11.577812
1746	12.838928
1747	12.202526
1748	13.375236
1749	14.024741
1750	12.230839
1751	12.010486
1752	12.162022
1753	12.497895
1754	11.324034
1755	11.886336
1756	12.577831
1757	11.839653
1758	12.924995
1759	12.384542
1760	13.506302
1761	12.325530
1762	12.879630
1763	12.024756
1764	12.110543
1765	11.662166
1766	12.321246
1767	11.089569
1768	11.853127
1769	12.500768
1770	11.982509
1771	11.600635
1772	12.598163
1773	11.971353
1774	12.692490
1775	11.736290
1776	11.456209
1777	11.676502
1778	12.236261
1779	11.851563
1780	12.289738
1781	12.745727
1782	12.125611
1783	12.982652
1784	12.238591
1785	13.329174
1786	12.511515
1787	11.747683
1788	11.919562
1789	11.160501
1790	12.216873
1791	12.375058
1792	11.325958
1793	12.748610
1794	13.265270
1795	11.878946
1796	11.783858
1797	11.559022
1798	12.137996
1799	12.138570
1800	12.605917
1801	12.041686
1802	14.702370
1803	12.825540
1804	14.633953
1805	12.004446
1806	12.311858
1807	12.608380
1808	12.029716
1809	13.619939
1810	13.199160
1811	13.228569
1812	13.346206
1813	13.065785
1814	12.788695
1815	13.188858
1816	13.836145
1817	12.608817
1818	13.939233
1819	12.903793
1820	13.236935
1821	13.857495
1822	13.013531
1823	12.857140
1824	13.624338
1825	13.217326
1826	12.183453
1827	11.896173
1828	12.902021
1829	12.887313
1830	11.998736
1831	12.797135
1832	12.176818
1833	11.838449
1834	11.598923
1835	11.858328
1836	11.796731
1837	12.786511
1838	11.975102
1839	12.095750
1840	11.988115
1841	12.551252
1842	12.069570
1843	11.836997
1844	13.714511
1845	12.850148
1846	12.410756
1847	11.444394
1848	11.573551
1849	13.136354
1850	12.476158
1851	13.330152
1852	12.364630
1853	13.262314
1854	12.930483
1855	12.318869
1856	12.385055
1857	12.404640
1858	12.298754
1859	12.170252
1860	12.439012
1861	11.796280
