0	7.326533
1	7.234252
2	6.830014
3	6.727829
4	7.655063
5	6.461540
6	6.950978
7	7.092630
8	7.344469
9	7.748454
10	6.860268
11	6.766041
12	6.978508
13	7.075352
14	7.031964
15	7.264824
16	7.064129
17	7.794219
18	7.251729
19	7.097514
20	6.603651
21	6.422312
22	7.225151
23	6.878724
24	7.274544
25	7.271121
26	6.973673
27	7.560535
28	7.560222
29	6.634243
30	6.079646
31	6.344737
32	6.848862
33	6.130795
34	6.949606
35	6.296897
36	6.574291
37	5.709404
38	6.752242
39	6.542927
40	6.732445
41	7.132804
42	6.837154
43	6.311583
44	6.951378
45	6.733475
46	6.759559
47	6.172875
48	6.485137
49	7.443532
50	7.234052
51	5.813590
52	6.542722
53	6.672524
54	6.275396
55	7.025278
56	7.867121
57	6.475161
58	6.311112
59	6.545103
60	6.809532
61	6.547533
62	6.343442
63	7.295077
64	6.585720
65	6.302230
66	6.487505
67	7.562050
68	6.454905
69	6.621891
70	7.021318
71	6.704550
72	7.037654
73	6.311237
74	6.403513
75	6.459270
76	5.834963
77	6.344054
78	6.529242
79	7.286623
80	6.619608
81	6.565320
82	6.586304
83	8.131240
84	6.694381
85	6.435416
86	6.618966
87	6.125454
88	6.704931
89	6.179175
90	6.620491
91	6.209974
92	6.889005
93	7.482690
94	6.906533
95	6.231959
96	6.151623
97	5.888939
98	5.223189
99	7.132615
100	6.397343
101	6.733534
102	5.960310
103	6.919709
104	7.119269
105	6.556622
106	6.549416
107	6.905549
108	6.452852
109	6.423552
110	6.175485
111	6.189836
112	7.087697
113	7.166521
114	6.168281
115	6.607797
116	6.943982
117	6.084052
118	6.279180
119	6.601221
120	6.538891
121	7.250786
122	7.452685
123	6.743776
124	5.911564
125	6.655421
126	7.234605
127	7.037225
128	6.843261
129	6.661187
130	6.189452
131	5.619368
132	6.214000
133	5.912782
134	6.655390
135	6.906910
136	6.419492
137	7.297220
138	6.232606
139	5.898712
140	5.924634
141	6.350203
142	5.186532
143	6.240304
144	6.329810
145	6.618385
146	6.316052
147	7.746019
148	6.296230
149	6.927172
150	6.681992
151	6.076585
152	6.079287
153	6.432588
154	6.623253
155	6.244981
156	6.120727
157	6.897593
158	6.049015
159	6.590560
160	6.223028
161	6.733862
162	6.127292
163	6.602614
164	5.990336
165	6.867743
166	6.618110
167	6.605103
168	6.261590
169	5.830636
170	6.621487
171	7.425306
172	6.386265
173	6.374362
174	6.996998
175	6.895405
176	6.635587
177	6.452419
178	7.074192
179	6.812387
180	6.882019
181	6.732910
182	6.831419
183	6.406480
184	5.969323
185	7.171209
186	7.174605
187	6.429295
188	6.396140
189	6.774022
190	5.761574
191	6.392606
192	6.341744
193	6.796786
194	6.548358
195	6.653199
196	6.658347
197	6.926075
198	7.161884
199	6.755341
200	6.624585
201	6.449041
202	7.049723
203	6.437102
204	6.295150
205	7.308748
206	6.691382
207	6.661012
208	5.992946
209	6.710931
210	5.792039
211	7.417236
212	6.498580
213	6.548020
214	5.718646
215	6.502599
216	6.308924
217	6.308259
218	6.524132
219	7.172412
220	6.929578
221	6.187716
222	6.344519
223	6.347292
224	6.299691
225	6.698395
226	6.186912
227	6.855793
228	7.332067
229	6.435688
230	7.188362
231	6.203467
232	7.067907
233	7.130260
234	5.746382
235	6.666768
236	6.664780
237	6.788836
238	7.327763
239	7.197702
240	6.705327
241	6.317420
242	6.323834
243	7.990471
244	6.967072
245	6.144404
246	6.334990
247	7.416508
248	7.022408
249	7.117516
250	7.418430
251	8.335298
252	7.925282
253	7.808777
254	7.824182
255	7.068035
256	7.348237
257	6.824142
258	7.419447
259	6.327116
260	6.890936
261	7.988097
262	6.978573
263	6.653338
264	6.225190
265	6.900806
266	6.279698
267	8.749064
268	5.775068
269	6.231684
270	6.179465
271	6.297959
272	6.817757
273	6.449543
274	6.416418
275	6.712625
276	6.744072
277	6.409414
278	8.109384
279	6.421791
280	6.630760
281	6.723281
282	8.178961
283	7.015169
284	4.527814
285	5.802027
286	6.472576
287	7.055223
288	7.494180
289	6.875718
290	6.670690
291	6.732690
292	6.528722
293	7.103951
294	7.827290
295	6.357405
296	6.879891
297	6.610440
298	7.429307
299	6.888199
300	7.156835
301	6.276535
302	6.211021
303	7.501007
304	6.661082
305	6.266968
306	6.593677
307	7.946804
308	6.704664
309	7.057259
310	6.372991
311	7.861989
312	6.298341
313	6.699955
314	6.039014
315	6.360511
316	6.787299
317	6.903643
318	7.123652
319	7.370522
320	7.765730
321	7.089105
322	6.972553
323	6.914663
324	7.064793
325	6.604470
326	6.404326
327	7.691560
328	6.462361
329	7.048020
330	6.537837
331	5.881107
332	6.958870
333	7.512829
334	6.339594
335	6.019743
336	6.055624
337	6.662560
338	6.217690
339	6.862433
340	6.413612
341	7.367001
342	6.930208
343	6.061641
344	6.483008
345	6.841205
346	6.731263
347	6.702627
348	6.622575
349	6.235143
350	6.904884
351	6.983128
352	7.512155
353	7.612102
354	7.315758
355	6.774571
356	7.148470
357	9.415606
358	7.591082
359	7.079966
360	8.733776
361	10.267623
362	7.266424
363	7.805371
364	9.243749
365	9.234502
366	8.820358
367	8.264583
368	6.364416
369	8.427953
370	8.616368
371	7.851408
372	8.594244
373	8.229515
374	7.692355
375	7.721826
376	6.756188
377	6.636822
378	9.052171
379	6.870630
380	8.888227
381	6.133647
382	8.313136
383	6.723340
384	6.417267
385	6.932457
386	6.411132
387	7.435678
388	6.973283
389	8.049063
390	6.152447
391	6.040033
392	4.900960
393	4.594529
394	5.742082
395	6.401453
396	6.818138
397	6.711012
398	6.605529
399	6.710089
400	6.445473
401	6.550275
402	6.627594
403	6.711198
404	7.194634
405	9.266218
406	9.495263
407	9.824433
408	10.129947
409	10.076885
410	10.179282
411	9.640565
412	10.121699
413	9.592549
414	9.783375
415	9.711810
416	10.278387
417	9.847875
418	9.771003
419	10.069860
420	9.580630
421	9.948030
422	10.159087
423	10.072685
424	9.784046
425	10.615106
426	9.178947
427	10.017665
428	10.028382
429	9.721800
430	10.098242
431	9.984598
432	9.945294
433	9.840965
434	9.896615
435	10.298223
436	10.186420
437	10.539564
438	10.989089
439	9.727536
440	9.700727
441	10.408251
442	10.661571
443	11.202323
444	10.363836
445	13.024282
446	11.632949
447	10.240428
448	10.577551
449	11.300599
450	11.554023
451	10.917025
452	9.910027
453	10.103709
454	9.580402
455	10.934338
456	9.344508
457	11.418668
458	11.615768
459	11.268447
460	11.879335
461	11.357839
462	11.741570
463	12.255627
464	12.786425
465	11.681751
466	11.638412
467	12.149774
468	12.831006
469	12.924488
470	11.589642
471	10.398314
472	11.441915
473	11.381799
474	10.930720
475	10.838827
476	10.044480
477	11.940428
478	11.009293
479	12.388066
480	12.672429
481	11.841613
482	11.546381
483	12.624893
484	12.083826
485	12.773849
486	12.682609
487	10.718141
488	9.890610
489	11.722824
490	9.825057
491	10.813627
492	13.644959
493	13.098466
494	13.539161
495	13.191105
496	14.328016
497	11.110897
498	13.953469
499	13.635237
500	12.892118
501	12.058960
502	13.769499
503	12.031317
504	14.314694
505	14.190220
506	14.298566
507	13.985012
508	14.272141
509	14.513999
510	13.932360
511	13.890015
512	12.872549
513	12.997916
514	11.512194
515	11.887426
516	12.837584
517	15.985398
518	13.778520
519	13.440585
520	13.089025
521	13.783886
522	13.416814
523	13.982893
524	14.620486
525	15.195020
526	14.533578
527	13.516202
528	8.898501
529	7.807490
530	9.342034
531	11.540641
532	9.895601
533	10.180551
534	10.358652
535	10.630738
536	9.950216
537	10.495946
538	10.531731
539	10.268358
540	11.080656
541	11.211055
542	10.453489
543	10.213488
544	9.675014
545	10.050403
546	9.833174
547	10.182422
548	9.863081
549	9.866640
550	9.861145
551	9.210651
552	9.808429
553	10.357077
554	9.621128
555	10.023190
556	9.919501
557	10.732199
558	10.814165
559	9.090293
560	10.122559
561	10.434356
562	10.622344
563	10.250494
564	9.418353
565	10.511774
566	11.250518
567	10.668710
568	11.322884
569	11.249074
570	10.921068
571	10.770913
572	10.927990
573	10.853804
574	11.768805
575	12.043826
576	10.648061
577	9.924841
578	10.313762
579	11.014107
580	10.637486
581	10.222084
582	9.832647
583	9.657768
584	10.323837
585	10.093693
586	8.494668
587	11.694621
588	10.072975
589	10.885285
590	10.561847
591	10.729673
592	10.309005
593	10.251570
594	10.921329
595	10.378184
596	10.052757
597	10.221568
598	9.891112
599	10.131604
600	11.344969
601	11.086865
602	10.304030
603	10.655987
604	10.001523
605	10.184557
606	11.450633
607	10.889861
608	9.145824
609	11.680916
610	10.174232
611	10.929349
612	10.753241
613	9.557071
614	10.045362
615	8.654358
616	8.831450
617	8.535326
618	8.919244
619	10.278798
620	10.264494
621	11.326613
622	11.826406
623	10.688710
624	10.754913
625	10.828940
626	11.012235
627	12.063868
628	11.170431
629	10.600886
630	10.517860
631	8.795020
632	9.240159
633	9.109628
634	9.066263
635	9.205272
636	9.161599
637	10.520843
638	10.531692
639	10.742801
640	11.850245
641	10.367834
642	11.339226
643	10.083714
644	10.517553
645	10.152067
646	10.496929
647	9.522260
648	12.068287
649	9.011524
650	9.125376
651	10.914763
652	10.248445
653	9.329705
654	8.840888
655	9.878993
656	9.807440
657	9.467825
658	10.024896
659	10.969726
660	10.033752
661	9.700875
662	10.169279
663	9.710646
664	10.282032
665	11.483211
666	10.185841
667	10.893288
668	10.192376
669	9.393075
670	10.365315
671	11.144535
672	9.348477
673	10.222836
674	9.456163
675	10.742766
676	9.794112
677	9.613917
678	10.148548
679	10.439220
680	10.321809
681	9.976862
682	10.244206
683	11.083524
684	9.349227
685	9.927066
686	10.503721
687	9.651871
688	9.717867
689	9.909497
690	10.665914
691	9.925976
692	10.247614
693	10.194144
694	9.460308
695	9.359324
696	10.282268
697	7.431786
698	10.636148
699	9.203856
700	8.508694
701	9.288017
702	9.077978
703	9.897326
704	8.773119
705	9.431610
706	9.441794
707	10.355630
708	10.082738
709	9.843334
710	10.474519
711	10.035582
712	9.008223
713	9.853103
714	9.556091
715	9.926827
716	9.845070
717	10.911248
718	11.675376
719	10.330800
720	10.286962
721	9.214608
722	10.311575
723	9.104497
724	10.272577
725	9.976027
726	9.137513
727	9.811894
728	10.419619
729	11.814949
730	10.321695
731	10.153896
732	10.784589
733	10.321718
734	10.085399
735	10.297790
736	11.717274
737	11.351600
738	11.267395
739	10.637386
740	10.040667
741	10.845273
742	11.441914
743	11.861371
744	11.211117
745	10.173001
746	11.949772
747	11.172162
748	11.635073
749	10.760872
750	10.060207
751	10.390190
752	10.690157
753	10.105349
754	10.385475
755	10.095489
756	10.084488
757	10.110953
758	10.283772
759	10.643778
760	10.053509
761	10.296511
762	11.205832
763	10.633158
764	10.668676
765	11.675706
766	9.906082
767	12.475737
768	10.966969
769	9.389402
770	10.930632
771	11.057985
772	10.519256
773	10.496716
774	10.186934
775	11.418216
776	10.470304
777	10.626888
778	10.464286
779	11.021154
780	11.145669
781	11.341279
782	11.376134
783	11.422194
784	10.146347
785	10.372273
786	9.861526
787	9.651878
788	9.692813
789	10.296108
790	10.816523
791	10.370058
792	9.988440
793	10.347505
794	10.212895
795	10.774430
796	10.038179
797	10.401969
798	10.556497
799	9.421200
800	10.750296
801	10.840020
802	10.018396
803	10.298778
804	11.057329
805	8.744404
806	10.258967
807	10.668280
808	10.551322
809	10.401434
810	10.118592
811	10.276740
812	9.974316
813	9.992161
814	10.212962
815	9.992988
816	10.245622
817	10.101617
818	10.671004
819	10.153781
820	9.041285
821	11.137780
822	9.324404
823	10.617137
824	10.128753
825	9.899830
826	10.400505
827	9.605668
828	10.208632
829	10.192448
830	9.699350
831	10.324023
832	10.816578
833	10.263776
834	9.922922
835	10.498815
836	10.109622
837	10.599616
838	9.303051
839	10.269326
840	10.318604
841	10.302392
842	10.775702
843	10.292045
844	9.909784
845	10.431022
846	10.253065
847	11.245376
848	11.283442
849	9.896425
850	10.517617
851	9.476238
852	9.845789
853	11.008827
854	9.846084
855	9.981413
856	10.533255
857	10.637333
858	10.768781
859	11.307153
860	10.872957
861	10.815298
862	11.345985
863	10.535056
864	10.291466
865	11.025034
866	10.686905
867	10.903144
868	10.791529
869	11.152522
870	10.539150
871	10.908282
872	10.543463
873	11.209501
874	11.295346
875	10.696304
876	10.673485
877	11.545478
878	10.159451
879	10.432283
880	10.204887
881	9.945556
882	10.719465
883	10.506854
884	10.077882
885	10.393099
886	9.812292
887	10.659475
888	10.099796
889	10.199736
890	10.541061
891	10.280653
892	11.108506
893	10.382405
894	10.112453
895	10.128231
896	10.864857
897	9.472471
898	10.220811
899	10.437078
900	10.118388
901	10.659515
902	10.193376
903	10.957385
904	10.253516
905	10.617543
906	10.402682
907	10.114727
908	10.879218
909	10.313127
910	10.579394
911	9.348657
912	10.274268
913	10.576379
914	11.288305
915	10.433073
916	9.671474
917	10.025613
918	11.036875
919	9.853863
920	10.387713
921	11.350056
922	10.644101
923	9.747502
924	9.840096
925	9.778395
926	10.053576
927	10.232673
928	10.133578
929	9.124369
930	10.448331
931	10.336837
932	10.487978
933	10.153906
934	10.688617
935	10.265458
936	10.757302
937	10.503060
938	9.743487
939	10.817640
940	10.233731
941	10.471742
942	10.158999
943	10.589966
944	9.799737
945	10.652800
946	10.974064
947	9.599989
948	10.411575
949	9.833671
950	10.286687
951	10.756060
952	8.960978
953	9.849278
954	10.154610
955	11.008570
956	9.547720
957	11.408801
958	11.421082
959	10.849741
960	10.715012
961	9.838338
962	10.692612
963	10.655765
964	9.779015
965	10.423388
966	10.402505
967	9.669793
968	9.808487
969	10.191330
970	9.919827
971	9.523835
972	11.098035
973	10.341378
974	10.771468
975	9.813954
976	10.146590
977	9.685659
978	10.277787
979	10.260394
980	10.094014
981	10.030519
982	9.916576
983	9.484060
984	9.646208
985	9.891649
986	9.771398
987	9.662190
988	9.960872
989	10.161187
990	10.052179
991	10.039119
992	9.657206
993	10.232471
994	10.191772
995	10.660996
996	9.963172
997	9.814528
998	10.447758
999	10.244040
1000	10.791034
1001	9.744143
1002	10.187525
1003	10.189555
1004	9.793019
1005	10.291952
1006	9.267716
1007	10.465206
1008	9.677174
1009	10.612642
1010	10.362404
1011	10.026077
1012	9.648026
1013	10.564884
1014	10.513706
1015	10.603500
1016	9.935036
1017	10.086694
1018	11.140443
1019	10.095115
1020	10.745605
1021	9.656041
1022	10.193145
1023	9.839480
1024	10.490438
1025	9.711782
1026	10.450378
1027	10.202216
1028	10.572454
1029	9.705252
1030	10.125150
1031	10.337301
1032	10.796004
1033	10.070231
1034	9.906833
1035	9.753594
1036	9.605987
1037	9.093350
1038	10.196137
1039	10.025300
1040	10.015531
1041	10.347232
1042	10.515046
1043	10.881567
1044	9.834602
1045	9.721959
1046	10.898770
1047	10.665913
1048	10.439737
1049	10.993644
1050	10.229496
1051	10.956006
1052	9.932985
1053	10.327696
1054	10.563432
1055	10.063717
1056	9.908401
1057	10.067651
1058	9.732969
1059	10.482634
1060	9.960994
1061	9.992787
1062	9.256425
1063	9.958916
1064	9.404775
1065	8.816316
1066	9.027386
1067	10.291812
1068	10.390356
1069	9.892998
1070	10.176380
1071	10.310781
1072	9.656530
1073	10.367513
1074	10.442538
1075	10.271075
1076	10.121516
1077	10.393561
1078	10.385307
1079	10.074031
1080	9.980772
1081	10.330179
1082	10.219872
1083	9.834129
1084	10.176693
1085	9.724824
1086	9.559711
1087	9.872152
1088	9.594796
1089	9.136355
1090	9.832478
1091	9.746266
1092	10.502780
1093	9.997335
1094	9.284234
1095	10.702312
1096	10.296936
1097	9.780358
1098	9.318594
1099	10.868638
1100	9.911552
1101	9.788105
1102	10.239248
1103	9.751031
1104	9.287726
1105	9.202685
1106	11.115493
1107	9.473891
1108	10.671242
1109	9.418752
1110	9.285698
1111	10.246469
1112	9.817511
1113	10.522955
1114	10.075268
1115	9.963659
1116	10.568373
1117	9.640317
1118	9.839277
1119	9.376919
1120	9.593424
1121	9.942237
1122	9.458182
1123	10.067508
1124	9.960371
1125	10.094641
1126	9.757815
1127	9.980748
1128	9.886217
1129	9.276132
1130	10.167213
1131	10.729869
1132	10.106182
1133	10.237509
1134	9.704976
1135	10.351261
1136	11.059551
1137	10.180123
1138	10.923227
1139	9.838580
1140	11.589102
1141	10.577964
1142	10.731920
1143	10.710107
1144	9.694825
1145	9.870253
1146	10.296340
1147	10.173661
1148	10.173067
1149	10.693091
1150	10.049224
1151	10.880831
1152	9.890631
1153	11.391124
1154	10.775468
1155	11.478924
1156	11.120363
1157	10.524120
1158	9.794576
1159	10.505166
1160	11.144533
1161	11.382289
1162	10.065156
1163	10.052369
1164	9.825441
1165	10.472846
1166	11.540433
1167	10.900298
1168	10.887336
1169	10.231662
1170	11.504125
1171	10.670188
1172	11.788516
1173	11.083178
1174	10.180752
1175	10.322963
1176	10.131907
1177	9.527506
1178	10.043217
1179	10.068213
1180	10.505386
1181	10.242992
1182	10.343655
1183	9.737467
1184	10.201486
1185	10.113799
1186	9.820083
1187	9.644947
1188	10.166344
1189	10.460426
1190	10.213820
1191	10.432760
1192	10.108341
1193	9.278394
1194	11.051688
1195	9.335196
1196	9.890698
1197	10.196797
1198	10.655594
1199	8.851338
1200	9.610708
1201	10.030086
1202	9.386645
1203	9.635501
1204	9.620110
1205	9.938078
1206	9.717865
1207	10.193597
1208	9.855699
1209	10.587889
1210	8.919345
1211	9.403493
1212	11.590108
1213	9.830946
1214	10.233109
1215	9.581523
1216	10.513715
1217	10.063569
1218	10.221277
1219	10.411969
1220	10.090882
1221	10.547991
1222	10.399818
1223	10.164929
1224	10.752971
1225	9.937394
1226	10.504161
1227	10.804829
1228	9.916582
1229	10.625860
1230	9.537401
1231	10.093809
1232	10.910376
1233	10.237755
1234	10.057241
1235	10.217877
1236	9.347517
1237	10.272400
1238	9.847141
1239	10.500941
1240	9.979104
1241	10.415988
1242	10.157465
1243	9.846675
1244	12.330409
1245	12.101094
1246	10.891067
1247	11.575285
1248	10.440240
1249	11.133377
1250	10.412344
1251	11.290967
1252	9.472469
1253	11.889549
1254	9.926991
1255	9.868703
1256	10.830158
1257	10.249476
1258	10.421676
1259	10.621045
1260	10.824390
1261	10.902212
1262	10.581408
1263	11.402846
1264	10.814463
1265	10.144758
1266	11.018825
1267	11.024821
1268	10.654079
1269	10.663774
1270	10.214073
1271	9.866402
1272	10.160300
1273	9.764676
1274	10.298319
1275	10.307734
1276	9.968676
1277	10.126945
1278	11.182889
1279	10.295189
1280	10.040842
1281	10.570837
1282	10.341489
1283	10.392694
1284	10.453653
1285	9.597938
1286	10.654770
1287	10.915298
1288	10.780839
1289	10.782295
1290	10.065322
1291	10.273880
1292	10.254472
1293	10.661173
1294	10.499419
1295	10.466603
1296	10.113200
1297	11.957634
1298	10.351169
1299	10.646862
1300	10.073514
1301	10.351980
1302	10.159458
1303	9.981062
1304	11.400196
1305	10.094122
1306	11.493649
1307	10.625518
1308	9.264361
1309	10.270933
1310	9.996814
1311	9.929839
1312	10.408155
1313	10.469546
1314	10.181366
1315	10.080378
1316	10.091155
1317	10.578106
1318	10.393830
1319	10.622213
1320	10.294294
1321	9.359706
1322	9.637849
1323	11.091353
1324	11.630790
1325	10.159105
1326	10.113303
1327	10.119831
1328	9.827252
1329	10.637081
1330	10.705820
1331	10.207107
1332	10.622967
1333	9.889999
1334	10.642724
1335	9.885152
1336	10.146413
1337	10.467039
1338	10.566819
1339	10.515213
1340	10.044395
1341	10.330885
1342	11.180366
1343	10.369596
1344	10.073834
1345	10.747698
1346	10.399822
1347	9.444014
1348	10.034864
1349	10.412906
1350	10.566740
1351	11.946714
1352	10.124293
1353	10.635244
1354	10.252435
1355	10.564474
1356	10.027591
1357	9.947192
1358	10.568883
1359	10.582338
1360	10.195362
1361	10.055113
1362	10.177772
1363	10.160539
1364	9.875375
1365	10.250798
1366	10.904499
1367	10.790462
1368	11.372516
1369	10.455913
1370	10.207395
1371	10.450216
1372	10.588112
1373	10.435316
1374	10.957364
1375	10.016236
1376	10.147581
1377	10.238095
1378	9.960286
1379	11.293298
1380	10.082941
1381	10.966828
1382	11.126509
1383	10.756978
1384	11.301721
1385	10.990401
1386	10.502956
1387	10.678113
1388	9.205808
1389	10.045143
1390	9.568506
1391	10.762794
1392	10.503690
1393	10.477185
1394	9.700212
1395	9.264006
1396	9.519749
1397	9.421955
1398	10.541334
1399	10.380540
1400	10.483383
1401	10.514724
1402	16.148169
1403	14.128245
1404	14.708131
1405	14.094350
1406	13.946090
1407	10.554553
1408	11.762286
1409	11.121016
1410	10.699930
1411	11.011907
1412	11.093337
1413	11.926635
1414	11.228955
1415	11.060120
1416	10.646431
1417	11.209482
1418	11.132021
1419	11.149369
1420	11.840755
1421	11.649847
1422	10.769482
1423	10.885793
1424	12.166155
1425	12.224998
1426	10.916968
1427	10.684508
1428	11.756811
1429	12.309404
1430	12.957631
1431	12.581011
1432	12.416919
1433	11.385169
1434	11.757056
1435	10.236008
1436	11.734918
1437	11.201676
1438	11.125225
1439	11.539593
1440	11.211621
1441	10.389736
1442	10.595490
1443	12.071805
1444	11.864438
1445	10.930182
1446	9.944215
1447	9.555370
1448	12.139960
1449	13.240552
1450	15.188219
1451	12.445828
1452	12.846684
1453	14.374721
1454	14.617065
1455	10.632577
1456	11.641644
1457	10.793737
1458	10.468993
1459	10.569928
1460	10.836984
1461	10.438473
1462	10.276328
1463	9.911456
1464	10.424856
1465	11.081893
1466	9.987377
1467	12.299698
1468	10.100711
1469	11.498700
1470	10.175169
1471	11.161816
1472	10.638206
1473	10.349225
1474	10.380042
1475	10.296727
1476	10.497299
1477	11.113723
1478	11.921362
1479	11.611510
1480	10.977792
1481	10.734753
1482	10.747127
1483	12.316711
1484	10.675015
1485	10.604032
1486	10.102008
1487	10.271109
1488	10.962964
1489	10.648204
1490	10.000551
1491	12.355153
1492	10.464345
1493	10.624237
1494	10.995918
1495	11.198808
1496	10.530347
1497	9.930996
1498	9.920398
1499	10.338327
1500	10.389175
1501	10.268974
1502	10.548101
1503	9.512522
1504	10.397714
1505	9.898702
1506	10.462165
1507	9.572633
1508	10.470001
1509	9.749726
1510	10.374142
1511	10.785679
1512	9.714117
1513	9.819499
1514	10.461895
1515	9.668534
1516	9.949321
1517	9.666415
1518	9.508993
1519	10.177607
1520	9.934128
1521	10.163233
1522	9.799334
1523	9.974466
1524	9.845071
1525	10.185547
1526	10.052591
1527	9.862028
1528	9.843946
1529	10.096322
1530	10.435983
1531	10.096887
1532	11.032353
1533	10.023182
1534	10.216105
1535	10.711834
1536	10.019322
1537	10.073704
1538	11.204440
1539	10.181206
1540	9.642292
1541	10.174194
1542	10.070891
1543	9.004025
1544	9.671394
1545	10.135595
1546	9.270433
1547	9.503392
1548	10.537604
1549	9.937055
1550	10.380287
1551	9.585329
1552	10.212339
1553	9.893128
1554	9.797564
1555	9.772178
1556	9.642035
1557	10.298036
1558	9.723055
1559	10.399734
1560	10.142848
1561	10.126907
1562	10.632899
1563	10.110850
1564	10.438917
1565	11.680992
1566	11.245580
1567	10.187594
1568	10.396208
1569	10.832851
1570	9.933262
1571	10.139115
1572	9.805005
1573	10.003779
1574	9.626015
1575	10.099311
1576	11.098207
1577	9.317390
1578	10.843822
1579	10.088312
1580	10.632753
1581	9.887626
1582	10.364828
1583	9.594370
1584	10.738873
1585	10.274854
1586	9.836312
1587	11.088976
1588	10.419879
1589	10.119808
1590	10.629563
1591	9.947942
1592	10.198634
1593	10.527037
1594	9.891459
1595	10.359603
1596	9.921861
1597	9.765842
1598	10.033354
1599	10.189538
1600	9.991921
1601	10.214993
1602	9.984119
1603	9.577559
1604	10.080891
1605	10.046347
1606	10.479258
1607	9.674560
1608	10.100066
1609	11.024131
1610	10.343102
1611	9.303451
1612	9.850638
1613	10.608367
1614	10.472281
1615	10.587284
1616	10.248631
1617	11.246400
1618	10.252751
1619	9.239769
1620	10.031731
1621	8.710921
1622	10.290944
1623	10.557733
1624	10.113532
1625	9.760942
1626	9.494745
1627	10.320662
1628	10.667152
1629	10.641543
1630	11.497243
1631	10.547101
1632	10.434568
1633	10.073649
1634	9.662161
1635	10.595459
1636	11.473697
1637	9.792838
1638	9.935623
1639	9.623481
1640	8.796127
1641	9.749466
1642	12.140793
1643	10.721575
1644	9.900721
1645	10.017806
1646	10.539607
1647	9.351022
1648	9.723302
1649	9.670490
1650	9.489802
1651	10.095248
1652	10.155786
1653	8.898016
1654	10.712435
1655	10.501068
1656	10.447787
1657	11.070337
1658	9.871079
1659	10.398480
1660	10.426788
1661	10.596059
1662	11.083396
1663	10.627094
1664	11.205890
1665	11.957481
1666	13.542935
1667	9.859974
1668	10.392992
1669	11.412606
1670	10.007867
1671	11.746712
1672	10.520379
1673	10.480625
1674	10.850181
1675	10.360397
1676	10.096654
1677	10.505475
1678	10.160247
1679	10.212167
1680	10.568445
1681	9.830383
1682	10.109827
1683	10.148740
1684	9.132960
1685	10.241257
1686	9.454662
1687	9.904039
1688	10.146412
1689	11.039467
1690	10.399743
1691	11.302736
1692	9.878931
1693	10.744352
1694	10.358478
1695	9.965924
1696	10.614849
1697	10.220710
1698	10.330626
1699	9.812266
1700	10.779915
1701	10.299849
1702	10.931779
1703	10.178460
1704	10.940965
1705	10.413812
1706	10.140777
1707	9.777592
1708	10.522171
1709	10.504698
1710	9.618074
1711	10.460831
1712	10.233557
1713	9.931244
1714	9.504158
1715	10.293262
1716	10.403770
1717	9.768131
1718	9.929336
1719	10.342088
1720	10.217562
1721	9.798720
1722	10.541999
1723	10.172891
1724	10.564123
1725	9.493606
1726	11.088205
1727	12.121771
1728	10.356627
1729	10.041560
1730	9.582541
1731	10.267250
1732	9.784295
1733	10.062539
1734	9.445618
1735	10.218471
1736	10.135945
1737	10.934468
1738	9.971093
1739	10.461234
1740	10.654376
1741	10.112339
1742	10.993209
1743	10.212976
1744	10.837941
1745	10.555217
1746	11.062387
1747	10.457653
1748	10.018878
1749	11.202891
1750	10.339531
1751	9.591774
1752	10.124431
1753	10.463522
1754	9.770859
1755	9.979705
1756	10.665914
1757	9.674904
1758	10.098758
1759	10.953688
1760	10.308302
1761	10.188665
1762	11.939154
1763	10.529810
1764	10.076974
1765	10.714803
1766	12.913674
1767	10.639107
1768	11.895000
1769	11.571707
1770	12.213177
1771	10.691988
1772	10.386231
1773	10.488037
1774	10.064641
1775	10.600722
1776	10.203361
1777	9.566793
1778	10.152843
1779	10.015538
1780	11.513684
1781	10.735708
1782	10.088101
1783	10.952948
1784	9.810228
1785	11.096466
1786	9.899575
1787	9.828194
1788	10.225307
1789	9.618536
1790	10.527314
1791	10.196571
1792	9.253208
1793	9.850778
1794	10.346253
1795	9.771925
1796	9.748028
1797	9.882349
1798	9.668268
1799	10.380486
1800	10.728995
1801	9.493794
1802	12.136469
1803	12.432140
1804	11.452591
1805	10.071172
1806	10.254121
1807	9.880979
1808	9.562102
1809	10.101115
1810	10.110534
1811	10.148477
1812	10.190804
1813	9.846200
1814	9.792898
1815	10.027394
1816	11.230284
1817	9.828773
1818	11.233553
1819	9.758709
1820	10.155709
1821	10.973063
1822	10.070821
1823	9.797170
1824	10.556943
1825	9.909694
1826	10.041664
1827	9.294785
1828	10.224986
1829	10.505856
1830	9.960939
1831	9.876667
1832	10.138708
1833	9.843831
1834	9.903202
1835	10.047311
1836	10.114877
1837	10.754274
1838	9.794312
1839	12.391140
1840	9.568314
1841	10.701954
1842	10.244009
1843	9.952694
1844	10.536057
1845	9.925532
1846	10.714894
1847	9.630812
1848	8.951087
1849	10.173474
1850	10.029100
1851	11.271402
1852	10.288753
1853	11.139806
1854	10.116383
1855	10.157733
1856	10.058750
1857	10.505223
1858	10.730306
1859	10.341078
1860	9.592840
1861	9.698136
