0	7.334812
1	6.958680
2	7.511251
3	6.923243
4	7.614499
5	7.389596
6	7.108685
7	6.696400
8	7.124312
9	6.928096
10	6.746835
11	6.348528
12	7.035510
13	7.330719
14	6.987361
15	7.112142
16	6.951390
17	6.864910
18	6.568543
19	7.077387
20	6.028301
21	6.532266
22	6.653728
23	6.445752
24	6.466753
25	6.697505
26	6.358348
27	6.779131
28	6.303097
29	6.561447
30	5.904640
31	6.486009
32	6.097852
33	6.254863
34	7.031222
35	6.071191
36	6.392710
37	6.201555
38	6.253817
39	6.279244
40	6.912526
41	6.648578
42	6.441786
43	6.500007
44	6.365602
45	6.368743
46	6.803846
47	6.267072
48	6.205201
49	6.781546
50	6.343129
51	6.536582
52	6.790060
53	6.871053
54	6.194038
55	6.277670
56	7.531201
57	6.324984
58	6.455648
59	6.286328
60	6.514783
61	6.713636
62	6.613872
63	6.815881
64	6.422850
65	6.191294
66	6.653374
67	6.571451
68	6.393453
69	6.721087
70	7.100421
71	6.076972
72	6.164300
73	6.586082
74	6.330562
75	6.889275
76	6.396075
77	7.296431
78	7.080259
79	7.911471
80	7.533520
81	6.494119
82	6.883561
83	7.497843
84	6.577183
85	6.198176
86	7.101978
87	6.846744
88	7.126479
89	9.230198
90	7.259053
91	6.924990
92	6.796897
93	6.709891
94	6.908011
95	5.916916
96	6.120898
97	6.134075
98	7.023367
99	7.085612
100	6.705023
101	6.157476
102	6.198977
103	6.481142
104	6.521604
105	6.212380
106	6.097394
107	6.829942
108	6.422726
109	6.993406
110	6.359607
111	6.596285
112	6.475664
113	6.488183
114	6.640708
115	6.450875
116	6.873791
117	6.439260
118	6.151170
119	6.293633
120	6.191712
121	6.960134
122	6.646061
123	6.502130
124	6.270166
125	6.244533
126	6.890233
127	6.166628
128	6.067399
129	6.578229
130	5.709906
131	5.791958
132	6.282309
133	6.319187
134	6.260368
135	6.789505
136	6.201273
137	6.653939
138	6.195811
139	6.400039
140	6.438014
141	6.138177
142	6.198152
143	6.197232
144	6.245263
145	6.912675
146	6.285062
147	6.530972
148	6.238027
149	5.862600
150	6.553418
151	6.710598
152	6.306712
153	6.642544
154	6.013201
155	6.198824
156	6.120008
157	6.198590
158	7.075994
159	6.462034
160	5.778452
161	6.238310
162	6.443384
163	6.884746
164	6.483871
165	6.519904
166	6.517837
167	6.353173
168	6.599586
169	6.449164
170	6.393661
171	7.016125
172	6.512094
173	5.786520
174	6.086394
175	6.246709
176	6.286979
177	6.222396
178	6.651331
179	6.738998
180	6.718474
181	6.308432
182	6.565205
183	6.347574
184	7.035914
185	6.418427
186	7.074892
187	6.504712
188	6.568637
189	6.112591
190	6.382710
191	6.483857
192	6.140312
193	6.730035
194	6.238862
195	6.167163
196	7.379600
197	8.130105
198	7.284950
199	6.427023
200	6.722209
201	6.794027
202	6.268867
203	6.061328
204	6.278543
205	6.652767
206	6.545334
207	6.230042
208	6.417608
209	6.535481
210	5.897500
211	6.430436
212	6.460897
213	6.388591
214	5.909570
215	6.305894
216	6.549235
217	6.851466
218	6.662140
219	9.218465
220	9.008801
221	7.484084
222	6.969501
223	6.922391
224	7.354735
225	7.314439
226	7.201638
227	6.808299
228	6.771574
229	8.950536
230	7.829945
231	6.807798
232	6.886226
233	6.253197
234	7.065301
235	7.216606
236	7.696711
237	7.574357
238	8.833473
239	8.693615
240	7.718474
241	6.875616
242	7.982098
243	6.566862
244	6.774148
245	6.913087
246	7.701697
247	6.535756
248	6.344518
249	6.117883
250	5.735233
251	7.160405
252	6.010169
253	6.485961
254	6.422532
255	6.789322
256	6.925035
257	6.045650
258	7.141525
259	6.210613
260	6.517385
261	6.639699
262	7.137374
263	8.214243
264	6.619441
265	7.328718
266	7.853132
267	7.153196
268	6.546672
269	8.277299
270	7.210228
271	6.493574
272	7.501318
273	7.116023
274	7.856843
275	7.009771
276	7.616332
277	8.781862
278	7.749335
279	6.824646
280	7.584648
281	7.515818
282	6.974446
283	7.341697
284	8.395821
285	6.798870
286	6.751305
287	6.440216
288	7.292106
289	7.144067
290	6.583539
291	6.564906
292	6.228301
293	6.814835
294	6.996189
295	6.591064
296	7.974648
297	6.816987
298	7.528727
299	8.506761
300	6.367141
301	7.388646
302	6.865194
303	6.556478
304	6.937228
305	6.877567
306	7.329561
307	6.295245
308	6.958630
309	7.740615
310	7.212012
311	6.700903
312	7.398440
313	6.851895
314	6.391644
315	6.104269
316	6.837940
317	7.326569
318	7.615801
319	7.191112
320	7.410788
321	6.501353
322	6.489444
323	6.258712
324	6.315711
325	6.647933
326	6.675335
327	6.951209
328	6.453747
329	7.153656
330	6.615933
331	7.084712
332	6.498700
333	7.966858
334	6.603899
335	6.535749
336	6.258821
337	7.383976
338	7.495416
339	7.507277
340	7.293015
341	6.775843
342	7.687526
343	6.916426
344	6.456270
345	7.003201
346	6.766250
347	7.060817
348	7.309727
349	6.965429
350	8.251434
351	5.722772
352	6.062918
353	5.797412
354	6.335294
355	6.617667
356	7.068820
357	9.175737
358	7.622744
359	8.483812
360	9.218969
361	8.620121
362	7.426507
363	8.816156
364	8.659447
365	9.651960
366	9.149540
367	9.877748
368	8.481915
369	8.997649
370	9.239918
371	8.338141
372	7.258568
373	9.750864
374	7.717834
375	7.189395
376	6.650460
377	6.520671
378	7.766191
379	6.781984
380	7.220649
381	7.515221
382	8.660685
383	7.727446
384	6.371610
385	6.908290
386	6.196622
387	6.428888
388	7.129725
389	7.279025
390	6.836636
391	6.856083
392	7.130027
393	6.890987
394	6.972609
395	6.391914
396	6.440258
397	7.041467
398	6.420547
399	6.803447
400	7.015489
401	7.781882
402	7.621448
403	7.660872
404	7.215473
405	8.027591
406	7.859191
407	7.375121
408	7.680214
409	8.454923
410	7.103387
411	7.488698
412	7.448354
413	7.207283
414	7.417661
415	7.486277
416	7.759890
417	7.461831
418	7.109333
419	7.267045
420	7.011683
421	6.221702
422	8.310534
423	7.123165
424	7.575215
425	8.164254
426	6.376883
427	8.441020
428	8.614131
429	7.889320
430	7.680872
431	7.154341
432	6.471747
433	7.298917
434	7.280494
435	7.529298
436	9.311253
437	7.874198
438	6.937837
439	7.631965
440	7.839745
441	7.580587
442	7.252180
443	5.541059
444	7.119277
445	7.059974
446	7.339238
447	6.440350
448	6.606483
449	6.593150
450	8.054338
451	6.903435
452	7.167673
453	7.079292
454	7.865203
455	6.730839
456	6.558933
457	6.644954
458	9.408608
459	8.636286
460	8.883638
461	8.292918
462	9.578329
463	9.142368
464	9.793131
465	9.435634
466	9.375293
467	9.554685
468	9.186490
469	9.070338
470	8.730165
471	8.234179
472	8.806889
473	8.328277
474	7.459080
475	7.278062
476	7.657506
477	9.353534
478	9.149803
479	9.734727
480	8.724941
481	8.615776
482	8.625711
483	9.468980
484	8.740028
485	9.467095
486	9.732281
487	7.658473
488	7.273383
489	6.490192
490	7.286233
491	6.041746
492	8.660398
493	7.303193
494	9.416347
495	11.053969
496	11.965525
497	9.441464
498	8.956255
499	9.430242
500	7.656144
501	8.183223
502	8.647486
503	10.911022
504	12.288092
505	12.046687
506	12.398307
507	12.032746
508	12.274738
509	12.672483
510	12.061514
511	11.946928
512	10.052253
513	9.682438
514	9.688478
515	10.203009
516	9.677551
517	14.031515
518	11.973492
519	14.815432
520	11.063069
521	12.096689
522	12.152009
523	12.845514
524	14.182400
525	14.406489
526	10.433729
527	10.091744
528	7.842608
529	8.112392
530	7.848676
531	9.147772
532	8.245544
533	8.009750
534	9.598240
535	7.352863
536	9.418381
537	7.321699
538	9.168717
539	8.074508
540	8.497889
541	7.536424
542	7.436976
543	6.389453
544	6.551598
545	7.055904
546	6.460502
547	6.595459
548	6.296076
549	6.845567
550	6.638299
551	6.594810
552	7.468157
553	7.041278
554	7.050516
555	7.040517
556	6.588877
557	6.088614
558	6.748837
559	7.997219
560	6.730013
561	8.340693
562	7.123838
563	6.662387
564	6.579188
565	5.872727
566	6.890097
567	6.187172
568	6.631454
569	7.017299
570	6.858760
571	5.973349
572	6.423776
573	6.578547
574	7.043423
575	6.906759
576	6.104926
577	7.416045
578	5.833191
579	5.871721
580	7.301186
581	7.181988
582	8.014991
583	6.735080
584	9.050027
585	7.699028
586	6.933190
587	10.184522
588	8.129164
589	8.076315
590	7.986945
591	8.231853
592	8.132276
593	8.028716
594	8.233510
595	8.720430
596	7.284558
597	6.554213
598	7.338761
599	7.872416
600	7.860096
601	7.566675
602	7.400129
603	7.636203
604	7.551444
605	8.913479
606	8.346466
607	7.228539
608	6.281872
609	6.352236
610	6.680277
611	8.356399
612	7.727878
613	7.357212
614	6.937037
615	6.514890
616	6.586798
617	5.980710
618	6.937839
619	6.480623
620	7.842027
621	8.460889
622	7.471481
623	7.343438
624	7.533974
625	7.677381
626	8.144715
627	8.889569
628	8.713129
629	6.683143
630	6.062328
631	6.652946
632	6.849181
633	5.590312
634	6.105836
635	6.948978
636	6.526952
637	6.015729
638	6.656440
639	5.831918
640	5.953865
641	7.041008
642	9.294863
643	7.749485
644	5.624172
645	4.866888
646	3.578015
647	3.408122
648	4.170348
649	3.801016
650	3.938258
651	4.483493
652	4.078737
653	3.630221
654	3.688224
655	3.629338
656	3.534178
657	4.049504
658	4.334998
659	4.163364
660	4.347058
661	3.830484
662	4.003649
663	4.774808
664	4.013727
665	4.492904
666	4.688155
667	4.320857
668	3.860714
669	4.568643
670	4.663195
671	5.398157
672	4.129251
673	5.097617
674	3.804248
675	4.170097
676	3.280457
677	3.308490
678	3.699202
679	4.390774
680	4.081103
681	3.851935
682	5.195779
683	5.110332
684	4.274144
685	3.946469
686	3.741308
687	4.311440
688	3.898642
689	5.160175
690	4.596924
691	3.999013
692	4.788663
693	5.176378
694	4.759031
695	6.107946
696	6.966589
697	5.366320
698	4.502902
699	5.881989
700	4.801469
701	4.377966
702	3.671974
703	4.410294
704	4.315657
705	5.150640
706	4.373396
707	3.207131
708	3.444912
709	3.237064
710	3.074961
711	3.014466
712	3.568054
713	3.482082
714	3.905125
715	2.969934
716	3.593729
717	3.284647
718	3.760440
719	3.089108
720	3.106509
721	3.353726
722	3.139329
723	3.333062
724	2.905613
725	3.094655
726	2.948645
727	3.723937
728	3.870723
729	3.819043
730	3.156850
731	3.205887
732	3.073905
733	3.177200
734	3.268548
735	3.113151
736	4.151816
737	4.955098
738	3.551650
739	3.619365
740	3.072801
741	4.367403
742	4.433668
743	4.722774
744	4.661253
745	3.561868
746	4.847217
747	3.551411
748	4.100013
749	3.408240
750	3.698282
751	3.345236
752	3.601192
753	4.157740
754	3.258006
755	3.057792
756	3.502297
757	3.836521
758	3.973071
759	3.531092
760	3.246137
761	3.394273
762	3.939203
763	3.157593
764	3.122867
765	4.216254
766	3.864828
767	4.607569
768	3.257699
769	3.210388
770	3.905907
771	4.187791
772	3.252523
773	3.266101
774	2.995514
775	3.866899
776	3.548422
777	4.857993
778	3.293145
779	3.934743
780	4.463576
781	4.103570
782	4.385137
783	4.880949
784	3.353818
785	3.627049
786	3.216366
787	3.151142
788	3.429475
789	3.605702
790	3.390292
791	3.734702
792	3.148366
793	4.042612
794	3.130081
795	3.348762
796	3.988695
797	3.255688
798	3.760505
799	3.418042
800	4.008954
801	4.240920
802	3.875179
803	3.670610
804	4.279369
805	3.565657
806	3.425829
807	3.263327
808	4.506584
809	3.325132
810	3.434237
811	3.367062
812	3.978014
813	3.579974
814	3.592185
815	4.237960
816	3.472607
817	3.396012
818	3.438184
819	3.838827
820	3.384052
821	5.548695
822	3.470459
823	3.729089
824	3.264750
825	2.991374
826	3.829816
827	3.739559
828	3.460028
829	3.829544
830	3.603624
831	3.730484
832	4.300162
833	3.929044
834	3.254567
835	3.889498
836	3.699771
837	3.412829
838	3.673499
839	3.964958
840	4.286340
841	4.202641
842	4.123478
843	3.620345
844	3.303666
845	2.889188
846	3.594563
847	4.392447
848	5.317247
849	3.686381
850	3.974933
851	6.083987
852	3.259523
853	4.216017
854	3.345221
855	3.218275
856	3.879550
857	4.613036
858	4.503176
859	5.102991
860	4.675960
861	4.985229
862	4.946938
863	4.073596
864	3.903343
865	5.097559
866	4.381438
867	4.407311
868	4.531192
869	4.717212
870	3.706778
871	4.783890
872	4.296056
873	4.351104
874	4.488841
875	4.128159
876	4.824490
877	5.205977
878	4.025668
879	4.652934
880	3.294039
881	3.954050
882	4.142581
883	3.366809
884	3.857870
885	4.087174
886	3.205152
887	3.723355
888	3.576955
889	3.984270
890	3.409883
891	3.129424
892	4.075366
893	3.418260
894	3.548662
895	3.254182
896	3.843097
897	3.889923
898	5.313128
899	3.884043
900	3.384821
901	3.272109
902	3.636756
903	3.882384
904	3.232737
905	4.582862
906	3.438226
907	3.694006
908	3.434721
909	3.114431
910	3.647382
911	3.813985
912	3.127968
913	3.504086
914	3.500785
915	3.631105
916	4.679701
917	3.579077
918	3.244534
919	4.286270
920	4.135707
921	4.171065
922	3.827294
923	3.548183
924	3.460319
925	3.487709
926	3.472565
927	4.071500
928	3.078454
929	4.145769
930	3.948248
931	3.402498
932	3.313820
933	3.337811
934	3.646708
935	3.824997
936	3.251784
937	3.242390
938	3.785141
939	3.604306
940	3.510910
941	3.277700
942	3.792229
943	3.219814
944	4.906569
945	3.996674
946	3.667997
947	3.446882
948	3.212538
949	3.807796
950	2.948506
951	3.223831
952	3.969709
953	3.330167
954	3.868397
955	4.384360
956	3.477831
957	3.358453
958	4.689529
959	4.670783
960	3.861786
961	3.549804
962	3.806392
963	3.734247
964	3.137294
965	3.319201
966	3.470217
967	3.731784
968	4.055551
969	3.179842
970	3.421037
971	3.110467
972	3.254933
973	3.425668
974	4.096169
975	3.649918
976	3.632863
977	3.465849
978	4.717221
979	3.507607
980	3.922103
981	3.468445
982	3.581326
983	3.365591
984	3.787373
985	3.937524
986	2.938266
987	4.055178
988	4.033434
989	3.673761
990	3.959659
991	3.167554
992	3.248447
993	3.978379
994	3.642419
995	3.454189
996	3.193071
997	3.424647
998	3.487048
999	3.664380
1000	3.445285
1001	3.574997
1002	3.254426
1003	3.594956
1004	3.955516
1005	3.742124
1006	3.397692
1007	3.028348
1008	3.935986
1009	3.066889
1010	3.877436
1011	3.676097
1012	3.325569
1013	3.954555
1014	3.092263
1015	3.260613
1016	3.239350
1017	3.210326
1018	3.680558
1019	3.712714
1020	3.406217
1021	4.025058
1022	3.813411
1023	3.154186
1024	3.980214
1025	3.374893
1026	3.884301
1027	3.791228
1028	3.811363
1029	4.064343
1030	3.998876
1031	3.739587
1032	3.810787
1033	3.618523
1034	3.971272
1035	4.039086
1036	3.290836
1037	3.151223
1038	3.870650
1039	3.666142
1040	3.516332
1041	3.569608
1042	4.273803
1043	3.627466
1044	3.455345
1045	3.315119
1046	3.861323
1047	3.421621
1048	3.155154
1049	4.426896
1050	4.194639
1051	3.794101
1052	3.650465
1053	4.135712
1054	3.516960
1055	3.346207
1056	3.308928
1057	3.151588
1058	3.667232
1059	3.405203
1060	3.438109
1061	3.572982
1062	3.423505
1063	3.759268
1064	3.540395
1065	4.266824
1066	3.555333
1067	3.809489
1068	3.374091
1069	3.225618
1070	3.736698
1071	3.337560
1072	3.723720
1073	3.221894
1074	3.724902
1075	3.450520
1076	4.063730
1077	4.051962
1078	2.876021
1079	3.483403
1080	3.481752
1081	3.142691
1082	3.453752
1083	3.924957
1084	3.539786
1085	3.940179
1086	3.095770
1087	3.922280
1088	3.262668
1089	3.269083
1090	3.967104
1091	3.679307
1092	3.300939
1093	3.655187
1094	3.296682
1095	3.606508
1096	3.649672
1097	4.285429
1098	3.818494
1099	3.794127
1100	3.750987
1101	3.427592
1102	3.588285
1103	3.770426
1104	3.397074
1105	3.634076
1106	3.903665
1107	3.123091
1108	3.422643
1109	3.756314
1110	4.117003
1111	3.639175
1112	3.719045
1113	3.053210
1114	3.562891
1115	3.318087
1116	3.848129
1117	3.432638
1118	3.686044
1119	3.449421
1120	3.381257
1121	3.004164
1122	2.938741
1123	3.463786
1124	3.787108
1125	3.604594
1126	3.466251
1127	3.461169
1128	4.538919
1129	4.711942
1130	4.251977
1131	4.012456
1132	4.668930
1133	5.387615
1134	6.311537
1135	3.718573
1136	4.426171
1137	5.047317
1138	4.105253
1139	4.421640
1140	4.888577
1141	5.756014
1142	5.913873
1143	3.731220
1144	4.382122
1145	4.202775
1146	4.515362
1147	4.528454
1148	4.141146
1149	5.704665
1150	4.612362
1151	5.021414
1152	3.805825
1153	4.695158
1154	4.060321
1155	5.008203
1156	5.128791
1157	5.289697
1158	5.305101
1159	3.906764
1160	4.000475
1161	4.143406
1162	4.294299
1163	4.175405
1164	4.978865
1165	4.707726
1166	5.080012
1167	5.396239
1168	4.878287
1169	4.896183
1170	4.735747
1171	5.821012
1172	4.559275
1173	5.136020
1174	5.545785
1175	3.588679
1176	3.476937
1177	3.502698
1178	4.149625
1179	4.413310
1180	4.050643
1181	4.330151
1182	4.069471
1183	3.648537
1184	3.454751
1185	4.018731
1186	3.916964
1187	4.490577
1188	4.273933
1189	3.711832
1190	3.782763
1191	3.980114
1192	3.658758
1193	5.374587
1194	4.562686
1195	5.144490
1196	3.170268
1197	3.302529
1198	3.894788
1199	4.168644
1200	3.336961
1201	3.082225
1202	3.740855
1203	3.764850
1204	3.428263
1205	4.626272
1206	3.244705
1207	3.667641
1208	3.400470
1209	4.171103
1210	3.660452
1211	4.714776
1212	4.532781
1213	3.605843
1214	3.641895
1215	3.825192
1216	2.922019
1217	4.096867
1218	4.030149
1219	3.469379
1220	3.220481
1221	4.916025
1222	4.109477
1223	3.435361
1224	3.985172
1225	4.536519
1226	4.297510
1227	3.831267
1228	3.620360
1229	3.692073
1230	5.429999
1231	3.799973
1232	4.100025
1233	3.999413
1234	3.791516
1235	4.603695
1236	3.995912
1237	3.887584
1238	4.147710
1239	3.811258
1240	3.473831
1241	4.096143
1242	4.082867
1243	4.872176
1244	6.925034
1245	7.407106
1246	6.666019
1247	4.633854
1248	3.818143
1249	4.515374
1250	3.821257
1251	3.476062
1252	4.067136
1253	4.443005
1254	3.430178
1255	3.800132
1256	4.756197
1257	4.323170
1258	4.487026
1259	4.137283
1260	3.426777
1261	3.071745
1262	3.916912
1263	4.684378
1264	5.135473
1265	4.990562
1266	4.595019
1267	6.485754
1268	4.287821
1269	5.194382
1270	4.006656
1271	3.777989
1272	4.176233
1273	3.587353
1274	3.413529
1275	4.055341
1276	3.446940
1277	4.145960
1278	4.138263
1279	4.033734
1280	4.484196
1281	5.100136
1282	5.144269
1283	4.997770
1284	4.825796
1285	4.601541
1286	4.355468
1287	6.838749
1288	5.509974
1289	4.032629
1290	3.550228
1291	3.825139
1292	4.654180
1293	4.428839
1294	3.653846
1295	4.942661
1296	4.058435
1297	8.196751
1298	4.968390
1299	4.051050
1300	3.792019
1301	4.491880
1302	4.231053
1303	4.472104
1304	3.983944
1305	3.440061
1306	3.824264
1307	4.914256
1308	3.462370
1309	4.852143
1310	3.970061
1311	3.841158
1312	4.472205
1313	3.778955
1314	4.027369
1315	3.878736
1316	5.475783
1317	5.134249
1318	4.463876
1319	4.474249
1320	4.406007
1321	4.941883
1322	4.321968
1323	5.017220
1324	3.586948
1325	3.294814
1326	3.754930
1327	4.009550
1328	4.181270
1329	3.432449
1330	4.494486
1331	4.820852
1332	4.318634
1333	4.188328
1334	4.301719
1335	4.803051
1336	3.465733
1337	5.807245
1338	4.142537
1339	3.754264
1340	4.251353
1341	5.086895
1342	5.244958
1343	4.638372
1344	3.703742
1345	5.086071
1346	4.579356
1347	4.376575
1348	4.177954
1349	4.923556
1350	3.812846
1351	4.547150
1352	3.488683
1353	4.158003
1354	4.204295
1355	5.130977
1356	4.485240
1357	4.148275
1358	5.326886
1359	4.378471
1360	4.377818
1361	4.284729
1362	3.890296
1363	4.066006
1364	3.621546
1365	3.437688
1366	5.460630
1367	4.586370
1368	6.639902
1369	4.711879
1370	4.838243
1371	4.059284
1372	7.181122
1373	4.578876
1374	4.557424
1375	4.005259
1376	3.951948
1377	3.771924
1378	5.706462
1379	4.231712
1380	4.180358
1381	4.346159
1382	3.977852
1383	3.387197
1384	4.362224
1385	4.697252
1386	3.820524
1387	3.746479
1388	5.552585
1389	4.840549
1390	4.051248
1391	5.312082
1392	5.738485
1393	5.079894
1394	5.904110
1395	4.777487
1396	6.389036
1397	5.200114
1398	4.303951
1399	4.998250
1400	5.038382
1401	5.742725
1402	8.892525
1403	6.451851
1404	6.912171
1405	6.948303
1406	5.932773
1407	4.422511
1408	5.092198
1409	5.093869
1410	4.881394
1411	4.775709
1412	5.942188
1413	6.055038
1414	6.033575
1415	4.033188
1416	5.025117
1417	4.400919
1418	5.195285
1419	4.171977
1420	5.192733
1421	3.859678
1422	3.855697
1423	3.667916
1424	6.060372
1425	7.624046
1426	3.848430
1427	3.894996
1428	3.600708
1429	6.862434
1430	5.065619
1431	4.759716
1432	3.775038
1433	3.330136
1434	3.986553
1435	4.808430
1436	4.811362
1437	4.521361
1438	4.976835
1439	3.954098
1440	4.917285
1441	4.684464
1442	4.788006
1443	3.716840
1444	3.713223
1445	5.099050
1446	5.240020
1447	5.624613
1448	5.503901
1449	4.829119
1450	7.087102
1451	5.652280
1452	5.371013
1453	6.416002
1454	6.510815
1455	4.394159
1456	5.800870
1457	4.298301
1458	4.220686
1459	5.516638
1460	5.647776
1461	5.111766
1462	4.846554
1463	5.405520
1464	5.172534
1465	4.505653
1466	4.617985
1467	4.526421
1468	3.874128
1469	3.969396
1470	4.567023
1471	4.240532
1472	4.013142
1473	4.251822
1474	3.809269
1475	3.699524
1476	5.451188
1477	3.987855
1478	5.386177
1479	6.849569
1480	4.395509
1481	4.240393
1482	4.033590
1483	5.051420
1484	4.093194
1485	5.265007
1486	4.390185
1487	4.385058
1488	5.193329
1489	3.779123
1490	3.742770
1491	3.520956
1492	4.194866
1493	4.209939
1494	3.845583
1495	5.637500
1496	4.749509
1497	4.740992
1498	5.285572
1499	4.386046
1500	5.300755
1501	4.772137
1502	4.684594
1503	5.190193
1504	4.998440
1505	4.279527
1506	4.027003
1507	4.425404
1508	3.818414
1509	6.186352
1510	5.199846
1511	5.093153
1512	4.144889
1513	4.178526
1514	4.725103
1515	4.251916
1516	3.660314
1517	5.282432
1518	4.615429
1519	3.776282
1520	4.103836
1521	4.007772
1522	3.633787
1523	3.424808
1524	4.224431
1525	4.577849
1526	4.131307
1527	4.325617
1528	3.591610
1529	4.248778
1530	4.945666
1531	3.934361
1532	3.783887
1533	3.970153
1534	4.350413
1535	3.809512
1536	4.018462
1537	4.270531
1538	4.309268
1539	3.607247
1540	4.326164
1541	4.119073
1542	4.503123
1543	5.118054
1544	3.327557
1545	3.826727
1546	5.044701
1547	4.164469
1548	4.554438
1549	4.408874
1550	5.701378
1551	3.867568
1552	3.885514
1553	3.951144
1554	4.038845
1555	3.570839
1556	3.968990
1557	4.329170
1558	3.905509
1559	4.196451
1560	3.507876
1561	3.214001
1562	3.736645
1563	3.403050
1564	3.557328
1565	4.202580
1566	3.123106
1567	3.090711
1568	3.284058
1569	4.145394
1570	4.461689
1571	5.758284
1572	4.682500
1573	3.926551
1574	3.922572
1575	3.195013
1576	5.229689
1577	3.889481
1578	4.007400
1579	4.649018
1580	4.668084
1581	3.980464
1582	4.378177
1583	3.871302
1584	3.898487
1585	4.332723
1586	4.193394
1587	3.638489
1588	3.881679
1589	4.485744
1590	3.894356
1591	4.463391
1592	5.646134
1593	4.963727
1594	4.983067
1595	4.255454
1596	3.578671
1597	4.020871
1598	4.388450
1599	4.121604
1600	3.733698
1601	5.446524
1602	3.377708
1603	4.020062
1604	3.759307
1605	4.904169
1606	4.096406
1607	3.943764
1608	4.409968
1609	7.275387
1610	4.817947
1611	3.902936
1612	4.183926
1613	5.187543
1614	4.404991
1615	5.540188
1616	3.783491
1617	4.952109
1618	4.331528
1619	5.031796
1620	4.049630
1621	4.576223
1622	5.115124
1623	4.735463
1624	3.722448
1625	3.464870
1626	4.715927
1627	3.959159
1628	3.683521
1629	3.866132
1630	4.521270
1631	4.293091
1632	3.592190
1633	3.375346
1634	3.639434
1635	3.219518
1636	6.287626
1637	4.833562
1638	4.597501
1639	5.920658
1640	5.385190
1641	4.106121
1642	4.207643
1643	3.944230
1644	4.093611
1645	3.424223
1646	4.817765
1647	3.671552
1648	4.648870
1649	4.833037
1650	3.882406
1651	3.682724
1652	5.124088
1653	5.413188
1654	5.061440
1655	3.949102
1656	3.221893
1657	5.164530
1658	5.551464
1659	4.583317
1660	3.744502
1661	5.503999
1662	4.634608
1663	4.803144
1664	4.284665
1665	4.834915
1666	7.104549
1667	3.879292
1668	5.818812
1669	4.732760
1670	5.441235
1671	4.411961
1672	4.641992
1673	4.349749
1674	4.484127
1675	3.815576
1676	3.501556
1677	3.731103
1678	3.515749
1679	3.527522
1680	3.430875
1681	4.082853
1682	3.649007
1683	4.709955
1684	4.134744
1685	4.635614
1686	3.479109
1687	3.846277
1688	4.302994
1689	5.340044
1690	4.767936
1691	5.800558
1692	5.458819
1693	6.065414
1694	3.994338
1695	4.870657
1696	4.768644
1697	4.721058
1698	4.992002
1699	4.809420
1700	5.357917
1701	4.364562
1702	5.506842
1703	3.144393
1704	4.257936
1705	3.661649
1706	3.803328
1707	3.880963
1708	4.165489
1709	3.656445
1710	3.753587
1711	4.406066
1712	3.545447
1713	3.620028
1714	4.317233
1715	3.995471
1716	3.467981
1717	4.410464
1718	4.360780
1719	3.953704
1720	4.015433
1721	5.441249
1722	3.953074
1723	4.430021
1724	5.082173
1725	3.530865
1726	5.105936
1727	7.067793
1728	3.861258
1729	4.781685
1730	3.677078
1731	4.155432
1732	3.567553
1733	4.276834
1734	4.806804
1735	3.434922
1736	3.834383
1737	3.652699
1738	3.426163
1739	3.995071
1740	3.554574
1741	4.452073
1742	6.347133
1743	4.708430
1744	4.762837
1745	5.326480
1746	4.227434
1747	4.378377
1748	3.266512
1749	4.645803
1750	4.064734
1751	3.599523
1752	4.894750
1753	3.720673
1754	2.711958
1755	3.301075
1756	3.244984
1757	3.399382
1758	3.779540
1759	3.150409
1760	3.836388
1761	4.202160
1762	3.860960
1763	3.226576
1764	3.304861
1765	4.274411
1766	7.555927
1767	4.183047
1768	5.932942
1769	5.655246
1770	5.886602
1771	3.489028
1772	4.176181
1773	4.332436
1774	4.596707
1775	4.045994
1776	3.459527
1777	4.059060
1778	5.166614
1779	5.006852
1780	3.920508
1781	4.653438
1782	4.923262
1783	4.417368
1784	4.101034
1785	3.743273
1786	4.252448
1787	4.761349
1788	5.194882
1789	3.826924
1790	3.708313
1791	4.689243
1792	3.974729
1793	3.338351
1794	3.741149
1795	4.320521
1796	3.756461
1797	3.678775
1798	4.359555
1799	4.532177
1800	4.482254
1801	5.006887
1802	5.621010
1803	5.073004
1804	4.353827
1805	5.087245
1806	5.043316
1807	4.348305
1808	4.257380
1809	3.127475
1810	3.967908
1811	3.609075
1812	3.204246
1813	3.666907
1814	3.576828
1815	3.494627
1816	4.218104
1817	3.726764
1818	4.943809
1819	3.838554
1820	4.058979
1821	4.149568
1822	3.465518
1823	3.506238
1824	4.857630
1825	4.406415
1826	3.501246
1827	4.486256
1828	4.385999
1829	4.670691
1830	3.375574
1831	3.564073
1832	5.273034
1833	3.609060
1834	5.707068
1835	3.747562
1836	4.395942
1837	4.535594
1838	3.533908
1839	4.628833
1840	3.751120
1841	4.791761
1842	3.089804
1843	3.829271
1844	3.640881
1845	3.314605
1846	5.665102
1847	3.655927
1848	3.534016
1849	3.353819
1850	4.157751
1851	4.219549
1852	3.726242
1853	3.863853
1854	3.501345
1855	4.442851
1856	4.093679
1857	5.522844
1858	4.941921
1859	4.492234
1860	4.492936
1861	4.006073
