0	8.886404
1	9.267828
2	9.288691
3	9.748132
4	9.356203
5	8.560731
6	9.092338
7	9.350492
8	9.334398
9	9.392958
10	9.053398
11	9.139939
12	9.507243
13	10.091550
14	9.053472
15	9.735689
16	9.100956
17	9.405222
18	9.957800
19	9.006177
20	8.974298
21	8.666677
22	8.780751
23	9.360707
24	9.687260
25	9.408852
26	8.651486
27	9.750979
28	9.751319
29	9.110746
30	8.408484
31	8.824107
32	8.969451
33	8.247511
34	9.121898
35	8.440993
36	8.617476
37	7.685800
38	8.554450
39	8.336719
40	8.093856
41	9.502747
42	9.960050
43	9.191832
44	8.533182
45	9.241706
46	9.134760
47	8.000207
48	8.712435
49	9.368205
50	9.156009
51	8.542706
52	9.284359
53	9.077428
54	8.814227
55	9.028156
56	9.221930
57	8.984216
58	9.272899
59	8.686728
60	8.611016
61	8.165458
62	8.465381
63	9.069827
64	8.605358
65	8.687891
66	9.153408
67	9.939110
68	8.930024
69	8.990252
70	8.939234
71	8.460921
72	9.378874
73	8.787126
74	8.564220
75	8.969783
76	8.636771
77	8.810822
78	9.247211
79	9.049356
80	8.385345
81	9.055259
82	8.842024
83	9.421649
84	7.983972
85	8.726179
86	9.282331
87	7.814151
88	9.360562
89	8.289668
90	9.238071
91	8.930431
92	9.525234
93	9.512356
94	9.048063
95	8.619361
96	8.268380
97	8.271117
98	8.103414
99	9.632207
100	9.169258
101	9.311801
102	8.781760
103	8.895337
104	8.839419
105	8.774673
106	8.862812
107	9.136218
108	9.163104
109	9.031263
110	8.277397
111	8.343840
112	9.285248
113	9.454920
114	8.819008
115	8.736777
116	8.981643
117	8.614193
118	8.163154
119	8.574071
120	9.017546
121	10.331533
122	9.427211
123	8.875090
124	8.023670
125	8.298318
126	9.065673
127	9.211699
128	9.232298
129	8.928845
130	8.159614
131	8.279344
132	8.341206
133	8.536826
134	9.576627
135	8.843784
136	9.080012
137	9.854328
138	8.688519
139	8.791698
140	9.033632
141	9.087141
142	8.071189
143	8.628476
144	8.350828
145	9.021543
146	9.030426
147	9.547557
148	8.172650
149	8.771054
150	8.584323
151	8.474012
152	8.440456
153	9.363008
154	9.030663
155	8.358480
156	7.813118
157	9.531407
158	9.275417
159	8.733848
160	8.695148
161	8.995495
162	8.806364
163	9.435277
164	7.865087
165	9.185180
166	8.883130
167	8.584859
168	9.196842
169	8.139818
170	8.714895
171	9.641950
172	8.333473
173	8.962793
174	9.635022
175	8.906145
176	9.521870
177	9.512801
178	9.526141
179	9.393968
180	9.355270
181	8.782461
182	9.667852
183	8.971181
184	8.968673
185	9.335155
186	9.111806
187	9.081459
188	8.417079
189	9.296801
190	8.332173
191	9.150092
192	8.348587
193	8.918849
194	8.778110
195	8.584108
196	9.525974
197	9.142245
198	9.866940
199	8.216577
200	9.059234
201	8.549769
202	9.339077
203	8.515175
204	8.427802
205	9.682132
206	9.243464
207	9.036715
208	8.472103
209	8.752878
210	8.027560
211	9.497168
212	9.217017
213	8.821943
214	7.951504
215	9.027345
216	8.779055
217	8.746170
218	9.224966
219	10.099477
220	8.728640
221	9.188087
222	7.525479
223	9.110484
224	8.696409
225	8.686553
226	8.943719
227	8.807940
228	9.525655
229	8.614731
230	10.106603
231	8.346367
232	9.074855
233	9.690418
234	8.463509
235	9.295525
236	9.564965
237	9.496200
238	9.553947
239	9.144747
240	9.708029
241	9.509029
242	9.391963
243	9.690789
244	9.234099
245	9.175030
246	9.370284
247	8.940994
248	8.821166
249	8.690484
250	9.474272
251	9.855218
252	9.401623
253	9.043987
254	9.658090
255	10.185255
256	9.214011
257	8.860305
258	9.372759
259	8.473637
260	9.062411
261	10.099544
262	8.854230
263	8.764708
264	8.134279
265	9.764560
266	9.133735
267	10.339609
268	8.397208
269	9.664826
270	9.127803
271	9.037327
272	9.645153
273	9.482515
274	9.699594
275	8.751651
276	9.006875
277	8.930409
278	11.002295
279	7.848862
280	8.516107
281	9.359969
282	10.453186
283	10.155294
284	6.565028
285	8.275906
286	8.338184
287	9.147253
288	9.904671
289	8.648795
290	8.616747
291	9.348744
292	8.669524
293	8.830956
294	9.679182
295	8.909161
296	10.134329
297	8.785185
298	10.319664
299	9.811598
300	9.260201
301	9.634089
302	8.805972
303	9.281482
304	9.542907
305	9.082058
306	9.595554
307	9.503272
308	9.243411
309	10.259674
310	9.010005
311	9.933651
312	9.124831
313	9.337500
314	8.670022
315	7.811197
316	8.730648
317	9.950502
318	9.520452
319	9.285359
320	9.768797
321	9.646974
322	9.091164
323	8.807023
324	9.229739
325	9.197854
326	8.833594
327	9.004323
328	8.514846
329	8.820095
330	8.947926
331	8.154761
332	9.279147
333	8.974879
334	9.196819
335	8.444926
336	8.273817
337	9.298630
338	8.818399
339	8.963805
340	8.653109
341	9.189820
342	9.478914
343	8.633637
344	8.538727
345	9.161759
346	9.138517
347	9.341097
348	8.943000
349	9.156672
350	9.902442
351	9.185188
352	9.839736
353	9.360442
354	9.155098
355	8.771183
356	9.041919
357	10.698668
358	9.940527
359	10.026650
360	11.167245
361	12.609129
362	9.318659
363	9.957663
364	11.551337
365	11.667454
366	11.175341
367	10.626884
368	9.551904
369	11.449379
370	11.658961
371	10.354894
372	10.758129
373	11.087528
374	9.775943
375	10.508920
376	9.496978
377	9.306677
378	10.541643
379	9.050779
380	10.574180
381	8.365178
382	10.298258
383	8.964647
384	8.582268
385	9.308673
386	8.020722
387	8.935112
388	8.724589
389	9.549937
390	7.383061
391	8.519634
392	7.814180
393	7.908962
394	8.252237
395	9.467914
396	8.764298
397	9.045322
398	8.545631
399	8.701459
400	9.019254
401	9.070226
402	9.495077
403	8.884391
404	9.430862
405	10.979134
406	9.902451
407	9.904818
408	10.021153
409	11.250640
410	10.052014
411	10.064939
412	10.122137
413	10.046805
414	10.054235
415	9.678522
416	10.748800
417	9.983064
418	9.681178
419	9.419112
420	8.879748
421	9.037388
422	10.570614
423	9.746902
424	10.183325
425	11.606160
426	8.796283
427	11.211591
428	11.891565
429	10.549945
430	10.171264
431	9.600865
432	9.257834
433	10.225682
434	9.691443
435	10.952243
436	10.323716
437	10.690818
438	10.313437
439	9.654308
440	10.582298
441	9.368777
442	10.766280
443	10.570206
444	10.885718
445	12.051659
446	10.585485
447	8.994725
448	9.078180
449	9.691032
450	11.626507
451	10.049287
452	9.711490
453	9.638164
454	10.195118
455	10.133349
456	9.282172
457	10.553962
458	12.774790
459	11.812658
460	12.588921
461	11.872632
462	13.268012
463	12.504757
464	13.985883
465	12.547179
466	12.382364
467	13.172479
468	13.267505
469	13.457044
470	12.320393
471	10.994279
472	11.821836
473	11.217071
474	10.351185
475	9.939385
476	10.111079
477	12.987650
478	12.026530
479	13.569055
480	12.218555
481	12.337337
482	12.436884
483	12.604644
484	12.380254
485	12.950061
486	13.418661
487	11.471155
488	10.089057
489	10.592912
490	9.594806
491	10.155102
492	13.418410
493	11.321264
494	13.853500
495	13.925763
496	14.325319
497	11.278687
498	13.306011
499	13.649130
500	12.347893
501	10.793369
502	11.837769
503	12.147177
504	14.984060
505	15.635406
506	16.083351
507	14.644388
508	14.807330
509	15.767052
510	16.131372
511	15.364079
512	14.020451
513	12.878781
514	11.153919
515	11.818841
516	11.616200
517	17.292868
518	15.415221
519	16.278399
520	14.627637
521	15.367356
522	14.362315
523	16.130199
524	16.708281
525	17.221895
526	14.556211
527	14.174436
528	6.370761
529	6.583328
530	9.322333
531	12.209986
532	10.581651
533	10.010596
534	11.175284
535	10.477280
536	11.231977
537	10.407675
538	11.388546
539	10.553960
540	10.936007
541	10.711436
542	10.679279
543	10.430932
544	9.014907
545	9.952948
546	9.361821
547	9.745403
548	9.665597
549	10.104617
550	8.732750
551	8.768177
552	10.114375
553	10.001443
554	10.352762
555	9.931753
556	9.385154
557	9.406516
558	9.219468
559	8.699476
560	8.820459
561	10.410754
562	9.448445
563	8.937410
564	7.934480
565	8.789005
566	10.655715
567	10.329239
568	9.827900
569	10.309443
570	9.585730
571	9.443647
572	9.438265
573	9.450136
574	11.111732
575	10.882191
576	8.282332
577	10.095435
578	9.640462
579	10.410078
580	10.067378
581	9.662102
582	10.120364
583	9.973484
584	11.090756
585	9.981880
586	8.256768
587	12.325018
588	10.660708
589	10.366483
590	11.097898
591	11.855775
592	11.215851
593	10.653789
594	11.580126
595	11.909549
596	9.394537
597	10.146252
598	9.366498
599	10.333685
600	11.686642
601	11.022785
602	10.564537
603	10.754213
604	10.521431
605	11.347756
606	11.411160
607	10.749517
608	8.796425
609	10.682834
610	9.420938
611	11.457990
612	11.358134
613	9.667088
614	10.044954
615	8.313447
616	7.572777
617	8.698373
618	8.886672
619	10.453692
620	10.263286
621	11.027981
622	11.283751
623	10.589201
624	10.461168
625	10.816154
626	10.275728
627	11.675974
628	11.386540
629	10.713511
630	9.399265
631	8.988956
632	9.721263
633	8.274508
634	9.482179
635	9.188969
636	9.513285
637	8.603326
638	9.666714
639	9.468013
640	10.196827
641	10.518960
642	10.834693
643	9.772743
644	9.924643
645	8.647024
646	8.071914
647	7.327560
648	8.609494
649	6.908025
650	6.808415
651	7.641890
652	8.486821
653	7.329678
654	6.398666
655	7.576529
656	7.192538
657	6.574171
658	7.472274
659	7.020341
660	6.877892
661	6.322933
662	6.500238
663	6.888180
664	7.820092
665	8.461006
666	7.048924
667	7.756147
668	6.387527
669	7.054677
670	7.595559
671	8.209147
672	6.574441
673	7.239524
674	6.420788
675	7.334308
676	6.394826
677	6.792137
678	7.156154
679	7.125544
680	7.105110
681	6.718401
682	7.337889
683	8.226415
684	6.575394
685	6.733239
686	7.551760
687	6.471378
688	6.493059
689	7.052610
690	7.437049
691	6.625263
692	7.204644
693	6.686231
694	7.113670
695	7.975550
696	7.495823
697	5.460301
698	7.787902
699	7.685057
700	6.406784
701	7.256402
702	7.167628
703	7.582362
704	7.815325
705	7.365574
706	7.284288
707	6.437298
708	6.868757
709	6.360228
710	6.863132
711	6.921072
712	6.425230
713	6.934734
714	7.042582
715	6.617267
716	6.673873
717	7.805014
718	7.744061
719	6.826251
720	7.206025
721	6.039055
722	6.637636
723	5.728604
724	6.840943
725	6.337595
726	5.946301
727	6.068146
728	6.920788
729	8.057552
730	7.047759
731	6.328263
732	7.836869
733	6.616971
734	6.786777
735	6.801920
736	8.563070
737	7.851712
738	7.474289
739	7.408238
740	6.661569
741	7.705411
742	9.233688
743	9.188303
744	8.371984
745	6.941139
746	9.354512
747	7.692214
748	8.608477
749	7.520565
750	6.848511
751	6.731218
752	7.640131
753	6.871013
754	6.875172
755	6.647148
756	6.556790
757	7.210847
758	7.418046
759	7.702008
760	6.868771
761	6.911592
762	7.616541
763	6.691381
764	7.542933
765	8.805377
766	7.005675
767	9.427237
768	7.169310
769	6.480746
770	8.082506
771	7.833472
772	7.463068
773	7.470650
774	7.146706
775	8.067525
776	7.430216
777	8.407456
778	7.163270
779	8.821026
780	9.088813
781	8.770369
782	8.927655
783	8.875920
784	6.697603
785	6.553501
786	6.417243
787	6.447859
788	6.552960
789	6.285653
790	7.280501
791	6.735614
792	6.596071
793	7.006239
794	6.736093
795	7.197119
796	7.412562
797	6.498592
798	7.197511
799	6.369148
800	7.940296
801	7.891266
802	5.931015
803	6.603786
804	8.408216
805	6.044917
806	7.009158
807	7.011465
808	7.148823
809	6.409941
810	6.315579
811	6.718453
812	6.573561
813	6.742421
814	7.556654
815	6.869006
816	7.227310
817	6.457283
818	6.987424
819	7.119631
820	5.742676
821	7.850863
822	5.951926
823	7.114649
824	6.760878
825	6.759277
826	7.114309
827	6.725701
828	6.695786
829	6.827090
830	6.299691
831	6.581650
832	7.642117
833	6.827310
834	7.095381
835	7.785825
836	6.895988
837	7.340816
838	6.846812
839	7.261246
840	7.464262
841	7.301911
842	7.927757
843	6.770618
844	7.007676
845	6.481486
846	6.553926
847	8.310078
848	9.104383
849	7.002341
850	7.651602
851	5.838570
852	6.408253
853	7.559123
854	6.357278
855	6.537606
856	7.408066
857	7.010466
858	7.115770
859	7.545738
860	6.805457
861	7.212167
862	7.353245
863	6.709851
864	6.982363
865	7.198867
866	6.978038
867	7.145386
868	7.049573
869	6.930143
870	7.044400
871	7.940126
872	6.977428
873	7.105083
874	7.356725
875	7.015190
876	7.422097
877	7.772367
878	6.852876
879	7.362941
880	6.673544
881	6.655607
882	6.826972
883	6.957758
884	7.087884
885	7.647410
886	6.905049
887	7.109601
888	6.533889
889	6.654052
890	7.475734
891	6.812775
892	7.213086
893	6.557818
894	6.721094
895	6.919962
896	7.569748
897	6.331682
898	6.974138
899	6.704937
900	6.801949
901	6.905729
902	6.800647
903	7.291673
904	6.939409
905	7.424191
906	6.439355
907	7.205144
908	7.209972
909	6.716740
910	6.998999
911	6.299730
912	6.653164
913	7.311976
914	7.637545
915	7.140968
916	6.689058
917	7.049226
918	7.417069
919	6.725295
920	7.667078
921	7.360033
922	7.125405
923	6.491695
924	7.041570
925	5.938578
926	6.634040
927	6.744611
928	7.059320
929	7.019204
930	6.939578
931	7.033639
932	6.905803
933	6.563961
934	7.405935
935	7.358437
936	7.378745
937	6.877621
938	6.865633
939	7.202201
940	6.665957
941	6.402767
942	6.825876
943	7.717207
944	6.467579
945	7.554077
946	7.312879
947	6.366639
948	7.087497
949	7.111294
950	6.789301
951	7.846974
952	6.035040
953	6.812296
954	7.767071
955	8.011406
956	6.627405
957	7.729794
958	8.672917
959	7.897937
960	7.368589
961	7.115723
962	7.597639
963	7.018752
964	6.781542
965	7.073126
966	7.297083
967	6.835920
968	6.502145
969	6.473089
970	6.601831
971	6.482570
972	7.811542
973	6.869979
974	7.490855
975	6.104507
976	7.321153
977	6.572070
978	7.093307
979	6.466145
980	7.331112
981	6.830914
982	6.622462
983	6.431835
984	6.543152
985	6.693311
986	6.080612
987	6.261135
988	6.589043
989	7.111409
990	7.079418
991	6.590466
992	6.747488
993	7.183578
994	7.347832
995	6.866814
996	6.644899
997	6.724068
998	6.908569
999	6.866352
1000	6.962649
1001	6.170007
1002	6.820321
1003	6.971469
1004	6.939814
1005	7.521013
1006	6.106061
1007	6.788064
1008	6.308113
1009	7.520868
1010	6.992355
1011	7.019977
1012	6.532603
1013	7.254433
1014	7.294859
1015	7.058599
1016	6.637815
1017	6.710806
1018	7.669245
1019	6.338221
1020	7.612164
1021	5.924952
1022	7.087805
1023	6.655892
1024	7.758157
1025	6.426133
1026	7.440201
1027	6.884779
1028	7.512556
1029	6.937370
1030	7.168599
1031	7.078415
1032	7.631867
1033	6.620421
1034	6.749007
1035	6.664339
1036	6.414786
1037	6.442947
1038	6.873813
1039	6.897426
1040	7.164831
1041	7.240623
1042	7.650000
1043	7.522420
1044	7.302416
1045	6.217764
1046	7.951082
1047	7.104062
1048	6.827158
1049	7.371174
1050	7.042848
1051	7.719928
1052	6.892162
1053	7.368637
1054	6.750541
1055	6.573143
1056	6.086823
1057	6.358633
1058	6.521571
1059	7.137865
1060	7.263815
1061	6.685125
1062	6.341024
1063	6.845101
1064	6.574297
1065	6.089409
1066	6.041225
1067	7.211616
1068	7.733984
1069	6.559010
1070	6.892510
1071	7.429461
1072	6.107585
1073	7.179847
1074	7.218102
1075	7.092454
1076	6.597825
1077	6.719591
1078	6.553817
1079	6.585933
1080	6.395069
1081	6.898304
1082	7.174324
1083	6.525810
1084	6.505451
1085	6.038983
1086	6.772333
1087	6.987725
1088	6.396445
1089	6.148764
1090	7.007374
1091	6.755280
1092	7.206498
1093	6.678510
1094	6.398585
1095	7.549417
1096	7.088258
1097	7.439416
1098	6.257707
1099	7.457150
1100	6.725770
1101	6.534900
1102	6.757432
1103	6.781254
1104	5.794599
1105	6.223680
1106	8.047072
1107	6.491580
1108	7.885943
1109	6.186034
1110	6.417241
1111	6.544075
1112	6.985163
1113	7.415700
1114	6.757663
1115	6.490863
1116	7.377159
1117	6.185258
1118	6.730031
1119	6.027984
1120	6.749522
1121	6.322318
1122	6.130653
1123	6.496008
1124	6.961805
1125	6.974273
1126	7.173855
1127	6.308997
1128	5.680078
1129	6.099009
1130	7.469391
1131	6.816751
1132	7.600042
1133	6.683628
1134	6.850825
1135	7.455018
1136	7.535867
1137	6.795063
1138	7.752948
1139	5.914481
1140	9.451189
1141	7.351319
1142	7.436060
1143	6.917955
1144	6.306585
1145	6.278743
1146	7.382845
1147	7.000948
1148	6.682791
1149	7.656349
1150	7.693692
1151	8.003662
1152	6.200911
1153	8.729822
1154	7.742125
1155	8.878289
1156	8.634924
1157	6.873202
1158	5.793625
1159	7.991253
1160	7.903449
1161	8.337137
1162	6.712896
1163	6.873065
1164	6.253326
1165	7.944942
1166	8.115405
1167	8.140896
1168	7.032425
1169	6.845875
1170	8.604609
1171	7.511650
1172	9.079945
1173	8.340653
1174	6.659527
1175	7.127454
1176	6.724796
1177	6.221654
1178	6.570244
1179	6.750000
1180	7.097094
1181	7.200318
1182	7.160543
1183	6.388211
1184	7.147752
1185	6.934432
1186	6.245518
1187	6.237667
1188	6.178067
1189	7.003623
1190	6.447496
1191	6.774548
1192	6.435791
1193	6.333355
1194	8.066290
1195	5.840522
1196	6.413384
1197	7.109438
1198	7.305655
1199	4.936416
1200	6.175994
1201	6.431556
1202	6.305823
1203	6.058424
1204	6.023130
1205	6.563460
1206	6.420483
1207	6.843837
1208	6.536482
1209	7.571915
1210	5.847170
1211	5.425642
1212	9.056671
1213	6.889477
1214	7.504839
1215	6.097721
1216	6.430342
1217	6.643764
1218	6.468184
1219	6.832927
1220	6.625511
1221	7.208592
1222	7.407037
1223	7.046516
1224	8.200688
1225	6.451256
1226	7.211268
1227	7.302233
1228	5.960629
1229	7.392665
1230	6.795918
1231	6.396811
1232	7.706213
1233	6.962930
1234	7.026044
1235	6.499316
1236	5.671287
1237	7.411842
1238	6.417827
1239	7.274049
1240	5.982525
1241	6.766077
1242	6.607519
1243	6.832079
1244	9.565928
1245	8.072794
1246	7.493639
1247	8.191281
1248	7.075267
1249	7.909905
1250	6.475757
1251	7.349688
1252	6.366764
1253	9.861501
1254	6.429378
1255	6.132576
1256	6.918622
1257	6.802306
1258	7.186494
1259	7.821739
1260	7.112250
1261	7.105957
1262	6.920029
1263	8.963705
1264	7.191243
1265	7.085768
1266	7.440839
1267	7.762177
1268	7.503973
1269	7.448180
1270	6.619071
1271	5.713326
1272	6.325022
1273	6.203208
1274	6.679191
1275	6.755101
1276	6.802184
1277	6.520675
1278	7.222748
1279	6.473623
1280	6.162054
1281	7.295101
1282	7.417877
1283	7.519721
1284	7.359150
1285	6.680644
1286	6.963829
1287	7.689695
1288	7.883940
1289	7.429764
1290	7.004364
1291	6.756967
1292	7.158058
1293	7.251662
1294	7.323558
1295	7.750232
1296	7.136653
1297	9.271823
1298	7.308549
1299	7.185297
1300	6.547717
1301	7.042655
1302	6.431298
1303	7.025482
1304	7.438293
1305	6.879797
1306	7.970514
1307	7.994430
1308	5.663930
1309	7.224527
1310	6.873164
1311	6.798853
1312	6.723460
1313	7.584517
1314	7.194845
1315	6.330798
1316	6.937413
1317	7.800474
1318	7.092904
1319	6.957988
1320	6.816693
1321	6.630904
1322	7.280996
1323	7.847038
1324	7.834213
1325	6.353990
1326	6.843458
1327	6.931522
1328	7.185207
1329	7.024372
1330	7.952006
1331	7.745672
1332	7.212177
1333	7.022257
1334	6.939236
1335	6.314881
1336	7.165506
1337	7.537440
1338	7.161125
1339	6.866834
1340	6.738886
1341	7.395308
1342	7.512448
1343	7.187560
1344	6.496423
1345	7.805571
1346	7.426150
1347	7.264407
1348	6.867639
1349	7.569782
1350	6.596560
1351	9.144639
1352	6.569673
1353	6.842667
1354	7.272255
1355	8.282446
1356	7.299266
1357	7.353454
1358	7.652799
1359	7.710758
1360	7.353871
1361	6.760105
1362	6.518996
1363	7.402761
1364	6.385713
1365	6.932711
1366	7.689507
1367	7.514751
1368	8.528427
1369	6.583039
1370	7.555825
1371	6.870853
1372	7.824353
1373	7.171013
1374	7.747748
1375	6.443300
1376	6.618783
1377	7.573724
1378	7.225324
1379	8.005565
1380	6.773029
1381	7.804153
1382	7.122177
1383	7.354510
1384	8.380585
1385	7.865069
1386	6.153008
1387	7.004183
1388	6.036797
1389	7.003000
1390	6.503799
1391	7.075613
1392	7.452535
1393	7.425874
1394	7.855412
1395	6.965635
1396	7.707937
1397	8.054819
1398	7.417184
1399	6.979764
1400	7.725736
1401	7.974823
1402	14.173941
1403	12.159054
1404	12.105479
1405	12.550805
1406	11.377240
1407	7.287852
1408	7.712458
1409	7.342111
1410	6.617032
1411	6.863009
1412	8.490143
1413	8.786570
1414	7.329845
1415	7.094993
1416	6.618165
1417	7.444247
1418	7.231320
1419	7.171409
1420	8.156893
1421	8.370217
1422	7.752026
1423	8.283072
1424	8.400782
1425	8.610289
1426	8.330600
1427	7.533743
1428	7.863166
1429	9.041130
1430	9.844227
1431	9.216345
1432	8.336828
1433	7.894831
1434	8.901917
1435	6.114100
1436	7.519169
1437	6.659566
1438	6.872325
1439	7.258711
1440	7.308118
1441	6.495791
1442	7.316117
1443	9.227812
1444	8.946704
1445	7.104843
1446	7.109844
1447	6.105684
1448	10.414610
1449	10.699637
1450	12.957567
1451	9.978560
1452	10.836762
1453	11.971275
1454	12.401798
1455	7.453059
1456	8.362079
1457	7.352643
1458	7.133515
1459	7.316753
1460	7.598744
1461	7.183504
1462	6.584770
1463	6.642482
1464	7.166911
1465	8.589099
1466	7.067964
1467	8.719196
1468	6.508362
1469	8.125232
1470	6.949078
1471	7.971590
1472	7.332538
1473	7.639278
1474	7.305040
1475	7.229813
1476	7.418941
1477	7.148686
1478	9.130420
1479	10.552813
1480	7.766080
1481	8.316261
1482	7.041142
1483	9.775935
1484	7.784491
1485	7.583261
1486	7.039922
1487	6.258812
1488	8.084673
1489	6.946217
1490	6.153945
1491	8.042609
1492	7.191549
1493	7.306356
1494	7.855201
1495	7.933537
1496	6.985335
1497	6.661496
1498	6.841313
1499	7.178481
1500	6.945924
1501	6.930597
1502	7.238738
1503	6.764122
1504	7.365049
1505	6.956605
1506	7.173134
1507	5.976655
1508	7.072011
1509	6.584784
1510	6.789995
1511	6.707644
1512	6.707383
1513	6.414529
1514	7.056478
1515	6.488544
1516	6.610400
1517	6.004690
1518	5.975121
1519	7.070009
1520	6.575999
1521	6.515871
1522	5.865385
1523	6.985952
1524	6.581082
1525	6.699268
1526	6.657721
1527	6.948929
1528	5.596718
1529	6.433796
1530	6.925789
1531	6.670984
1532	7.250935
1533	6.221859
1534	7.261350
1535	8.944988
1536	7.132571
1537	6.555458
1538	8.525634
1539	6.502939
1540	6.075155
1541	7.109573
1542	6.716397
1543	5.920667
1544	6.814515
1545	6.596656
1546	5.936761
1547	6.265788
1548	6.964925
1549	6.380027
1550	7.057651
1551	6.619916
1552	6.474964
1553	6.795755
1554	6.104555
1555	6.152473
1556	6.312686
1557	6.819924
1558	6.844644
1559	7.321452
1560	7.039675
1561	6.928395
1562	7.697124
1563	6.614902
1564	7.324592
1565	9.004805
1566	7.816829
1567	6.970696
1568	6.801511
1569	6.976324
1570	6.821918
1571	7.131098
1572	6.360644
1573	7.175702
1574	6.419432
1575	6.928220
1576	7.001873
1577	6.189137
1578	7.235302
1579	6.523390
1580	7.058289
1581	6.715534
1582	6.747949
1583	6.288472
1584	7.212083
1585	7.271674
1586	6.399705
1587	8.283722
1588	6.883689
1589	6.823993
1590	6.428927
1591	7.348110
1592	7.273326
1593	7.318865
1594	6.948995
1595	6.763734
1596	6.693768
1597	6.341815
1598	6.753219
1599	7.042003
1600	6.744400
1601	7.026505
1602	6.766903
1603	6.821412
1604	6.899189
1605	7.268056
1606	7.197580
1607	6.925686
1608	6.680503
1609	7.406869
1610	7.210783
1611	6.158721
1612	6.871509
1613	7.046632
1614	6.835483
1615	7.360801
1616	6.526696
1617	7.663548
1618	6.813703
1619	5.860468
1620	6.352121
1621	5.357131
1622	6.858028
1623	7.188552
1624	7.031754
1625	6.277044
1626	5.669611
1627	7.041262
1628	7.300152
1629	6.715775
1630	8.839259
1631	7.071874
1632	7.136464
1633	6.624623
1634	6.215376
1635	7.067547
1636	7.798118
1637	5.259665
1638	5.878655
1639	6.155883
1640	4.276240
1641	5.973617
1642	8.739613
1643	7.281838
1644	6.415458
1645	6.160945
1646	6.945822
1647	5.387398
1648	5.915783
1649	6.065180
1650	6.060340
1651	6.680093
1652	6.775768
1653	5.342566
1654	6.951220
1655	7.020436
1656	7.356932
1657	8.920195
1658	7.098362
1659	8.444915
1660	6.599709
1661	8.423653
1662	7.902611
1663	8.249748
1664	7.501870
1665	9.433713
1666	10.823065
1667	6.626871
1668	8.378600
1669	9.486037
1670	6.915817
1671	8.885945
1672	7.034518
1673	6.604811
1674	7.657766
1675	7.536932
1676	6.754217
1677	7.366587
1678	6.277412
1679	6.771838
1680	7.360691
1681	6.513749
1682	6.759819
1683	6.674525
1684	6.163585
1685	7.314375
1686	6.181546
1687	6.467357
1688	7.288898
1689	8.060882
1690	7.715756
1691	8.147797
1692	7.019082
1693	7.570903
1694	6.549458
1695	7.221390
1696	7.509889
1697	7.236910
1698	7.233933
1699	6.396279
1700	7.995470
1701	7.502285
1702	7.648542
1703	6.199878
1704	6.858605
1705	6.711222
1706	6.305744
1707	5.802379
1708	7.437701
1709	7.024629
1710	6.019169
1711	6.539756
1712	6.764909
1713	6.845853
1714	6.354970
1715	6.480479
1716	6.596224
1717	6.528607
1718	6.289205
1719	6.993848
1720	6.323424
1721	7.326347
1722	7.581155
1723	6.660112
1724	7.088191
1725	6.160277
1726	7.702163
1727	9.194028
1728	6.647569
1729	6.942702
1730	6.316876
1731	6.638418
1732	6.024301
1733	6.259759
1734	5.741856
1735	6.535235
1736	6.630182
1737	7.454000
1738	6.139031
1739	6.910838
1740	7.624211
1741	5.869157
1742	7.629817
1743	7.077775
1744	7.906983
1745	8.366302
1746	7.951918
1747	6.796375
1748	6.074019
1749	7.701643
1750	6.555029
1751	5.900824
1752	6.534777
1753	7.185040
1754	6.628953
1755	6.859526
1756	6.831852
1757	6.984511
1758	6.739058
1759	7.298405
1760	6.716576
1761	6.816260
1762	8.979538
1763	7.405382
1764	6.458591
1765	7.988447
1766	10.932946
1767	8.229362
1768	8.874147
1769	8.614552
1770	10.425127
1771	7.518701
1772	6.950059
1773	6.738026
1774	6.703328
1775	8.082115
1776	6.845362
1777	6.446840
1778	6.910412
1779	6.428868
1780	8.388216
1781	7.709656
1782	6.857345
1783	7.155901
1784	6.219472
1785	7.248632
1786	6.394265
1787	6.902564
1788	6.851041
1789	6.452507
1790	7.325032
1791	6.193094
1792	5.584989
1793	6.346128
1794	6.703736
1795	6.038850
1796	6.031664
1797	6.176303
1798	5.979856
1799	7.097353
1800	7.511778
1801	5.552451
1802	8.516928
1803	9.825993
1804	7.553506
1805	6.953626
1806	7.371340
1807	6.595693
1808	6.004401
1809	6.413548
1810	6.206269
1811	6.233190
1812	6.140463
1813	6.359474
1814	6.092855
1815	6.049273
1816	7.896876
1817	6.274041
1818	7.601836
1819	6.428885
1820	5.854177
1821	6.981131
1822	6.401568
1823	6.144293
1824	6.516074
1825	6.072077
1826	6.952448
1827	5.614785
1828	7.394389
1829	6.937553
1830	6.341820
1831	6.167484
1832	6.786671
1833	6.374786
1834	6.642088
1835	6.753175
1836	6.564802
1837	6.742891
1838	7.069849
1839	10.152383
1840	6.454218
1841	7.289204
1842	6.888441
1843	6.405918
1844	6.728008
1845	6.639291
1846	7.401104
1847	6.193713
1848	6.095185
1849	6.571975
1850	6.522192
1851	7.898493
1852	6.950006
1853	7.364478
1854	6.197613
1855	6.612458
1856	6.524176
1857	8.150355
1858	7.517472
1859	7.319077
1860	6.459994
1861	6.689875
