0	6.621223
1	6.027097
2	6.292743
3	7.240235
4	5.653504
5	7.125883
6	6.455989
7	6.564898
8	6.382431
9	6.097032
10	6.974941
11	6.528077
12	7.136919
13	6.309367
14	6.887004
15	6.293337
16	6.353667
17	6.312882
18	6.154257
19	5.909569
20	6.523467
21	6.459110
22	6.528658
23	6.407439
24	6.242482
25	6.317127
26	6.167525
27	6.175072
28	5.647849
29	6.809147
30	6.906650
31	6.418987
32	6.533463
33	6.845174
34	6.452862
35	6.733639
36	6.524561
37	6.890748
38	6.610718
39	6.580606
40	7.118554
41	6.325959
42	6.220807
43	6.734041
44	6.173930
45	6.952706
46	6.655439
47	6.972010
48	6.297755
49	6.265850
50	6.056878
51	7.012176
52	6.795946
53	6.673319
54	6.425467
55	6.034518
56	6.037922
57	6.567717
58	6.283080
59	6.505369
60	6.288406
61	6.793159
62	6.494320
63	6.178302
64	6.779003
65	6.339345
66	6.739584
67	6.315543
68	6.580893
69	6.668866
70	6.757232
71	6.180695
72	6.226851
73	6.792946
74	6.258091
75	7.050758
76	7.084183
77	6.986079
78	6.386260
79	6.698842
80	6.639714
81	6.274479
82	6.728713
83	5.620036
84	6.580739
85	6.216825
86	6.261789
87	6.680491
88	6.948924
89	6.608796
90	6.758891
91	6.566315
92	6.419127
93	6.521305
94	6.666971
95	6.617794
96	6.682971
97	6.874750
98	7.208905
99	6.505400
100	6.255572
101	6.329890
102	6.778421
103	6.463233
104	6.180600
105	6.329347
106	6.742885
107	6.946077
108	6.293966
109	7.079301
110	6.763914
111	6.815608
112	6.368178
113	6.249743
114	6.818934
115	6.441404
116	6.492650
117	6.482013
118	6.535213
119	6.364569
120	6.567338
121	6.177443
122	6.007730
123	6.408761
124	6.647474
125	6.509325
126	6.551315
127	6.389146
128	6.744918
129	6.505520
130	6.238054
131	6.489570
132	6.907895
133	6.507996
134	6.415464
135	6.752333
136	6.436607
137	6.560328
138	6.714745
139	6.957433
140	6.837957
141	6.175402
142	6.918690
143	6.619667
144	6.496314
145	6.710716
146	6.631176
147	6.213542
148	6.652471
149	6.492280
150	6.408025
151	7.361659
152	6.719128
153	7.065899
154	6.312992
155	6.602772
156	6.500123
157	6.824787
158	7.516423
159	7.078109
160	6.229431
161	6.155088
162	6.603136
163	7.118077
164	6.740724
165	6.869538
166	6.599835
167	6.459684
168	6.194875
169	6.755856
170	6.619655
171	6.664607
172	6.730428
173	6.805152
174	6.515595
175	6.185377
176	6.659517
177	6.521734
178	6.915932
179	6.794241
180	6.880502
181	6.640648
182	6.412028
183	6.954321
184	6.720796
185	6.502291
186	7.146085
187	6.624514
188	6.498307
189	6.228427
190	7.228671
191	6.550649
192	6.738975
193	6.965558
194	6.501840
195	6.454835
196	6.826494
197	6.879111
198	6.264034
199	6.229527
200	7.235696
201	6.891051
202	6.501554
203	6.679657
204	7.125236
205	6.696254
206	6.647683
207	6.053050
208	6.541758
209	6.956881
210	7.054771
211	5.786233
212	7.095111
213	6.555983
214	6.926263
215	6.181476
216	6.946445
217	6.610921
218	6.831378
219	6.374434
220	6.626166
221	6.480277
222	6.239720
223	6.168087
224	6.751480
225	6.365233
226	6.686068
227	6.324209
228	6.344684
229	6.584878
230	6.938623
231	6.759208
232	6.111874
233	6.180121
234	6.774015
235	6.535578
236	6.346037
237	5.914836
238	6.327721
239	6.225441
240	5.998085
241	6.124843
242	6.417359
243	5.632416
244	6.691774
245	7.125748
246	6.711193
247	5.483923
248	6.747778
249	6.297722
250	5.466636
251	5.958573
252	5.709204
253	5.624445
254	5.665944
255	6.027388
256	6.246897
257	5.584443
258	5.823408
259	6.556128
260	6.017873
261	5.797250
262	6.378347
263	6.988633
264	6.076759
265	6.209750
266	6.385326
267	5.582087
268	6.476117
269	6.921466
270	5.822198
271	6.324596
272	6.127512
273	6.056088
274	6.393630
275	6.249935
276	6.546985
277	6.446349
278	7.108826
279	6.340371
280	6.392644
281	7.069265
282	6.464380
283	7.330648
284	9.873509
285	7.610230
286	6.161842
287	6.579953
288	6.448837
289	6.034212
290	6.246487
291	6.102343
292	6.549275
293	6.261422
294	6.226178
295	6.220571
296	6.281250
297	6.468801
298	6.304245
299	6.210684
300	5.957097
301	6.462824
302	6.351354
303	6.341680
304	6.525727
305	6.311602
306	6.265789
307	5.326311
308	6.241387
309	5.796603
310	6.296143
311	5.840711
312	6.596522
313	6.386712
314	6.850380
315	7.003554
316	6.639948
317	6.685874
318	5.709799
319	6.368368
320	6.189951
321	6.903231
322	6.449868
323	6.361666
324	6.186551
325	6.958068
326	6.049967
327	6.656253
328	6.650254
329	6.928132
330	7.017591
331	6.624851
332	6.675223
333	6.474829
334	7.077750
335	7.113072
336	6.647059
337	5.823895
338	6.581141
339	6.616199
340	7.055960
341	6.639928
342	6.599069
343	6.231587
344	6.333856
345	6.633786
346	6.292209
347	6.378943
348	6.487895
349	6.793533
350	6.171522
351	5.698827
352	5.998462
353	5.672150
354	5.820774
355	6.359039
356	6.212865
357	5.729925
358	6.230559
359	6.883612
360	6.279395
361	6.731389
362	6.506396
363	6.414939
364	6.749544
365	5.914307
366	5.592951
367	6.229679
368	8.643490
369	6.889311
370	6.331319
371	6.673717
372	6.052207
373	7.062860
374	6.455588
375	6.352033
376	6.697430
377	6.857187
378	6.499832
379	6.390471
380	6.175676
381	7.998339
382	6.004508
383	7.090827
384	6.798935
385	6.801591
386	6.670408
387	6.434575
388	7.060760
389	6.065609
390	7.988642
391	7.309543
392	8.350171
393	8.657624
394	7.960763
395	6.575064
396	6.472112
397	7.259270
398	6.693765
399	6.071270
400	6.720757
401	7.357262
402	6.901040
403	6.614446
404	6.510453
405	6.044801
406	4.741160
407	3.905764
408	3.602028
409	4.922745
410	4.297266
411	4.461862
412	4.189295
413	5.490673
414	4.979568
415	3.799066
416	5.496800
417	4.354620
418	4.893464
419	4.057726
420	4.086293
421	3.491562
422	5.062388
423	5.011565
424	4.157238
425	5.460024
426	3.235493
427	4.973071
428	5.119966
429	5.331920
430	4.630422
431	4.609567
432	4.017673
433	4.615895
434	4.332493
435	5.589699
436	5.420029
437	4.920987
438	3.866899
439	4.195592
440	4.642846
441	3.094591
442	4.606819
443	4.834309
444	4.407551
445	4.933301
446	5.313872
447	4.912056
448	4.714488
449	4.478438
450	4.503965
451	4.397340
452	3.425362
453	3.379201
454	3.559297
455	4.348586
456	4.598837
457	4.170384
458	4.346920
459	3.938604
460	3.632590
461	3.920331
462	3.441873
463	4.553879
464	4.642112
465	4.939119
466	4.218792
467	3.648699
468	5.626056
469	5.450741
470	5.169992
471	5.568654
472	5.561555
473	7.088080
474	6.490054
475	5.114813
476	3.695023
477	3.398423
478	3.820419
479	4.145041
480	5.107307
481	3.994958
482	3.863936
483	3.988406
484	4.045181
485	4.602822
486	4.139010
487	3.568906
488	4.010051
489	4.336368
490	3.444315
491	4.681846
492	5.022848
493	5.626420
494	4.407197
495	3.984872
496	5.032663
497	5.020358
498	4.368993
499	4.510189
500	4.735937
501	4.664183
502	5.185653
503	4.817739
504	4.981748
505	4.256854
506	4.432166
507	4.463295
508	4.572592
509	4.939940
510	3.881558
511	4.201202
512	4.190345
513	4.661781
514	3.947900
515	5.008344
516	4.651557
517	5.659593
518	3.226903
519	3.633084
520	3.518466
521	3.829947
522	3.902781
523	4.045962
524	3.939402
525	4.981707
526	4.567429
527	4.728934
528	4.702904
529	4.867916
530	3.910153
531	3.503071
532	3.541710
533	4.388986
534	4.224973
535	4.684186
536	4.605335
537	5.269924
538	3.943244
539	4.127383
540	4.728393
541	4.445424
542	4.255220
543	4.870329
544	4.868460
545	4.439200
546	5.125857
547	5.858814
548	4.872370
549	4.368673
550	4.887393
551	5.118770
552	4.378414
553	4.527537
554	4.426227
555	4.479968
556	4.942632
557	5.187956
558	5.380361
559	4.230946
560	4.958105
561	3.799592
562	5.500090
563	4.697488
564	4.546086
565	4.918700
566	4.309364
567	4.432878
568	4.595836
569	4.599500
570	4.663947
571	5.048585
572	4.955382
573	4.640204
574	4.717213
575	4.763067
576	4.588160
577	5.188498
578	4.749379
579	5.091505
580	4.397431
581	5.044543
582	3.936458
583	4.701933
584	4.203461
585	3.949899
586	4.672729
587	3.955326
588	4.065697
589	3.867105
590	4.352563
591	4.591405
592	4.018919
593	3.716476
594	5.051682
595	3.803383
596	4.429651
597	5.269544
598	3.955023
599	4.863311
600	4.416491
601	3.963296
602	4.058005
603	3.754157
604	4.783764
605	3.914816
606	4.122743
607	4.396647
608	4.901388
609	4.930760
610	4.902339
611	3.892288
612	4.735126
613	3.558625
614	3.707777
615	4.021255
616	3.645830
617	4.167541
618	4.135034
619	4.534636
620	4.806005
621	5.226518
622	5.259171
623	5.308615
624	4.261055
625	4.472775
626	5.964327
627	6.258538
628	5.363003
629	5.170164
630	5.473666
631	4.568598
632	5.009481
633	5.922431
634	5.261376
635	4.419298
636	4.538691
637	5.164436
638	4.747168
639	3.874907
640	7.690632
641	7.520625
642	7.245972
643	7.947634
644	8.392879
645	8.812458
646	9.578506
647	10.261723
648	10.373083
649	10.556772
650	10.686233
651	10.553208
652	11.204865
653	10.490482
654	10.678961
655	10.594118
656	11.991920
657	10.785597
658	12.167320
659	11.025338
660	10.815587
661	10.938951
662	12.035827
663	10.984897
664	10.768200
665	11.053302
666	10.875263
667	11.987116
668	11.511919
669	11.201278
670	11.854813
671	10.480506
672	9.988679
673	9.876060
674	10.865108
675	11.338490
676	10.748384
677	10.888789
678	10.777609
679	11.272534
680	10.799397
681	10.601010
682	11.960417
683	11.462012
684	10.100264
685	10.801345
686	11.924687
687	11.097231
688	11.095527
689	11.657365
690	11.222598
691	11.269629
692	10.036200
693	11.232780
694	11.209019
695	10.829010
696	11.262177
697	10.683191
698	11.335670
699	11.057894
700	10.518337
701	12.141289
702	11.979438
703	12.352413
704	11.946189
705	13.165427
706	12.046182
707	12.925681
708	13.534424
709	12.317868
710	12.522688
711	13.257881
712	11.928056
713	12.945333
714	12.838162
715	12.269025
716	12.894507
717	13.393587
718	12.683084
719	13.005486
720	13.327118
721	13.081016
722	12.889967
723	12.138545
724	12.763799
725	13.096146
726	12.146391
727	13.126193
728	12.622022
729	12.419235
730	12.516407
731	12.795422
732	12.599181
733	13.315327
734	13.105912
735	12.452141
736	12.511987
737	13.516699
738	12.687347
739	12.526603
740	11.753875
741	11.659927
742	12.148441
743	11.734344
744	12.413301
745	12.134506
746	11.469987
747	12.405427
748	12.347773
749	12.285265
750	11.368070
751	12.054695
752	12.014277
753	11.587033
754	12.178432
755	12.006775
756	12.256871
757	12.509270
758	11.488021
759	11.821157
760	11.698215
761	11.764305
762	11.785895
763	11.465744
764	12.364224
765	11.750981
766	11.887158
767	13.947594
768	11.930944
769	11.506800
770	11.856817
771	11.859815
772	11.691762
773	11.742002
774	11.796195
775	12.570986
776	12.567870
777	12.480162
778	12.450626
779	11.692091
780	12.803050
781	12.176932
782	11.803819
783	12.271063
784	12.001392
785	11.844489
786	12.091289
787	11.757151
788	11.688718
789	11.323596
790	11.552396
791	11.921715
792	12.229906
793	11.509689
794	11.938697
795	12.040377
796	11.713449
797	11.465767
798	12.424850
799	12.423156
800	11.442156
801	12.607508
802	12.011417
803	11.499921
804	11.922286
805	11.257054
806	11.326294
807	12.512120
808	12.058788
809	12.128948
810	11.718822
811	11.855558
812	11.943519
813	11.596490
814	11.849401
815	12.133039
816	11.677787
817	12.534122
818	12.922808
819	11.945395
820	11.315441
821	13.190991
822	12.216411
823	11.894853
824	11.905934
825	11.620653
826	11.964151
827	11.521836
828	12.175416
829	11.558666
830	11.911265
831	11.682887
832	11.938672
833	12.115465
834	11.421818
835	12.158655
836	12.145601
837	11.943801
838	12.333935
839	11.869704
840	11.918095
841	12.128657
842	11.536758
843	11.815588
844	11.534293
845	11.485875
846	11.180631
847	12.556211
848	13.046525
849	11.785361
850	12.290041
851	11.797158
852	11.730753
853	12.115503
854	11.992574
855	11.761754
856	12.868619
857	12.686096
858	12.217545
859	12.408484
860	11.959531
861	12.122116
862	12.305829
863	12.345028
864	11.795223
865	12.518670
866	12.485166
867	11.808991
868	12.156366
869	12.619861
870	12.580179
871	12.482580
872	12.158280
873	12.300444
874	12.470462
875	11.919086
876	12.373084
877	12.053801
878	11.866966
879	12.044151
880	11.482313
881	11.785439
882	12.116520
883	12.051224
884	11.949940
885	11.639116
886	12.148469
887	11.590281
888	12.012106
889	12.451522
890	11.746366
891	12.037683
892	12.082871
893	12.168438
894	12.041339
895	12.028214
896	12.510564
897	11.719412
898	12.087525
899	12.181079
900	12.182913
901	11.621035
902	12.123733
903	12.048677
904	11.936275
905	12.184541
906	12.125231
907	11.511559
908	12.082799
909	11.604022
910	11.630874
911	11.881726
912	11.918130
913	11.642143
914	12.768694
915	11.631313
916	12.555433
917	12.117910
918	11.610723
919	12.166924
920	12.059854
921	12.025031
922	11.475409
923	11.350432
924	11.572615
925	12.011615
926	11.116335
927	11.749150
928	11.343037
929	11.763374
930	12.986461
931	12.100864
932	12.576083
933	11.811087
934	11.970096
935	12.036590
936	12.116123
937	12.200914
938	12.114326
939	12.308949
940	11.929034
941	10.893779
942	11.805634
943	11.925105
944	11.596451
945	12.354465
946	12.449771
947	11.539688
948	11.916435
949	12.257288
950	12.069750
951	11.948627
952	11.446729
953	12.044056
954	12.160108
955	11.272909
956	11.142756
957	11.821754
958	11.157050
959	10.661412
960	13.032025
961	12.223580
962	12.781860
963	12.232750
964	11.800467
965	11.931708
966	12.337000
967	11.769461
968	11.609932
969	11.654848
970	11.906646
971	11.634162
972	12.403090
973	12.688861
974	12.285963
975	12.874261
976	11.859788
977	12.045833
978	12.595395
979	12.182085
980	12.178213
981	12.069752
982	11.844022
983	11.810109
984	12.599579
985	11.212933
986	12.080737
987	11.766441
988	11.922037
989	11.566779
990	12.285831
991	12.330915
992	11.369101
993	12.078203
994	12.114694
995	11.862189
996	11.310658
997	12.150143
998	11.897285
999	11.999173
1000	11.908757
1001	11.772070
1002	11.948199
1003	11.716208
1004	11.800244
1005	12.544323
1006	11.333894
1007	12.290085
1008	11.837884
1009	12.322893
1010	11.998018
1011	11.984112
1012	11.743077
1013	12.186296
1014	12.242449
1015	12.137726
1016	12.654360
1017	11.922390
1018	12.077033
1019	12.200888
1020	12.535529
1021	11.942795
1022	12.030271
1023	12.263036
1024	12.228599
1025	11.731297
1026	13.048266
1027	11.210902
1028	12.336074
1029	12.383103
1030	12.766540
1031	11.988284
1032	12.556953
1033	12.365771
1034	12.222052
1035	12.343173
1036	12.094714
1037	11.949248
1038	12.358211
1039	11.739530
1040	12.162769
1041	12.375245
1042	12.382517
1043	12.670855
1044	12.102636
1045	12.601056
1046	11.975845
1047	12.567561
1048	11.986786
1049	12.655280
1050	12.282547
1051	13.140709
1052	13.029309
1053	12.799585
1054	13.381874
1055	12.282776
1056	12.186879
1057	11.766109
1058	11.673985
1059	12.670382
1060	12.263709
1061	12.199368
1062	13.149124
1063	13.000441
1064	12.309868
1065	13.786228
1066	12.684863
1067	12.599973
1068	12.264855
1069	12.353243
1070	12.181737
1071	12.580637
1072	12.257932
1073	12.816526
1074	12.315086
1075	12.260812
1076	12.333961
1077	12.474048
1078	12.380291
1079	11.890487
1080	12.293177
1081	12.005037
1082	12.250721
1083	12.464581
1084	11.866817
1085	12.168015
1086	11.137733
1087	11.829803
1088	12.151453
1089	11.395135
1090	11.828258
1091	12.099642
1092	11.917697
1093	12.341158
1094	11.648773
1095	11.994290
1096	11.973782
1097	11.538848
1098	11.859855
1099	12.384072
1100	12.170037
1101	12.739661
1102	11.977366
1103	11.261003
1104	11.195262
1105	12.039511
1106	11.763948
1107	11.653625
1108	11.732030
1109	13.010051
1110	11.219073
1111	12.619765
1112	11.725406
1113	11.627276
1114	11.661260
1115	11.940691
1116	11.976043
1117	11.839950
1118	11.528786
1119	11.933591
1120	12.310211
1121	12.033257
1122	12.011419
1123	12.298594
1124	12.489359
1125	12.107393
1126	11.267430
1127	11.636658
1128	12.103562
1129	12.486508
1130	12.263106
1131	11.721989
1132	11.482128
1133	11.910553
1134	12.030793
1135	11.900423
1136	12.423450
1137	12.061811
1138	13.107822
1139	12.406151
1140	12.100680
1141	12.117501
1142	11.511683
1143	12.034987
1144	11.415274
1145	12.136506
1146	12.186225
1147	11.501431
1148	11.310058
1149	11.945127
1150	11.841879
1151	12.489720
1152	12.136832
1153	12.338901
1154	11.946504
1155	11.887214
1156	12.248742
1157	12.400677
1158	12.553028
1159	12.711927
1160	11.958931
1161	11.805532
1162	12.397634
1163	11.681837
1164	11.998557
1165	12.637795
1166	12.523362
1167	12.211806
1168	11.918129
1169	11.966164
1170	12.497800
1171	12.739776
1172	11.993436
1173	12.257360
1174	13.027390
1175	11.746085
1176	11.715892
1177	12.160363
1178	11.345366
1179	11.482972
1180	11.538671
1181	12.187080
1182	11.327458
1183	11.490759
1184	11.715336
1185	11.795109
1186	11.932130
1187	12.228058
1188	11.707369
1189	11.094431
1190	12.008358
1191	12.302022
1192	11.862650
1193	11.483336
1194	11.547269
1195	11.375999
1196	11.625944
1197	11.835967
1198	12.080316
1199	11.477098
1200	11.535516
1201	11.417644
1202	11.830819
1203	12.198976
1204	11.635937
1205	12.051830
1206	11.822648
1207	11.465883
1208	11.071681
1209	11.578338
1210	11.463884
1211	11.575639
1212	12.240678
1213	12.095147
1214	11.499837
1215	11.501600
1216	11.914202
1217	11.455415
1218	12.017365
1219	12.402923
1220	12.149292
1221	13.036064
1222	12.807254
1223	11.976863
1224	11.594528
1225	12.026409
1226	11.777158
1227	12.093371
1228	11.912786
1229	12.511711
1230	11.990873
1231	12.055242
1232	12.035057
1233	11.940561
1234	11.597090
1235	12.548263
1236	11.587144
1237	11.834365
1238	11.926252
1239	12.421388
1240	11.540505
1241	12.143315
1242	11.926860
1243	11.538893
1244	10.661469
1245	13.810323
1246	12.680371
1247	12.424287
1248	12.296709
1249	12.487894
1250	12.270111
1251	12.060450
1252	11.988273
1253	12.053289
1254	12.827585
1255	11.881246
1256	12.481997
1257	13.106013
1258	12.246426
1259	12.419751
1260	13.582820
1261	12.436677
1262	12.135205
1263	12.170646
1264	13.024259
1265	12.133072
1266	12.731114
1267	12.613231
1268	12.408287
1269	13.281788
1270	13.093247
1271	12.975131
1272	12.860797
1273	12.385883
1274	12.839565
1275	13.734994
1276	12.336161
1277	13.164597
1278	14.033390
1279	12.870660
1280	10.892076
1281	11.626460
1282	11.511745
1283	11.915362
1284	10.536346
1285	11.085810
1286	11.747655
1287	11.565073
1288	11.288019
1289	11.330264
1290	10.966906
1291	9.956668
1292	9.789960
1293	9.420345
1294	10.270827
1295	11.224226
1296	10.604806
1297	13.446168
1298	10.908957
1299	10.380762
1300	11.304452
1301	11.555267
1302	11.564732
1303	11.345368
1304	12.247458
1305	11.406589
1306	11.773931
1307	11.587895
1308	11.241949
1309	11.179852
1310	10.600890
1311	11.313129
1312	12.738905
1313	11.702161
1314	11.218759
1315	11.086274
1316	11.093398
1317	11.682205
1318	11.637937
1319	10.840653
1320	10.855161
1321	11.752298
1322	10.921947
1323	12.196412
1324	11.553656
1325	12.126950
1326	10.595640
1327	11.065643
1328	10.730228
1329	11.617647
1330	10.899753
1331	11.175926
1332	10.766191
1333	11.229917
1334	10.954023
1335	11.529066
1336	10.685787
1337	11.765175
1338	11.112556
1339	10.844340
1340	11.507816
1341	11.299335
1342	12.087289
1343	10.971185
1344	10.856973
1345	11.130524
1346	11.762361
1347	11.273945
1348	11.695448
1349	10.954824
1350	12.401418
1351	11.482935
1352	12.191842
1353	11.151906
1354	11.246515
1355	10.668600
1356	10.152506
1357	10.123013
1358	11.928294
1359	11.223166
1360	11.203521
1361	10.798606
1362	11.052028
1363	11.142607
1364	11.249224
1365	12.012543
1366	11.564025
1367	11.466488
1368	11.290589
1369	12.017612
1370	11.651842
1371	11.480122
1372	10.851480
1373	12.099112
1374	11.992389
1375	11.657591
1376	12.489535
1377	12.660208
1378	10.667949
1379	12.062796
1380	11.354725
1381	12.189676
1382	13.250895
1383	12.455090
1384	12.573757
1385	12.663657
1386	12.395236
1387	10.782534
1388	10.518797
1389	11.236832
1390	11.068411
1391	11.713607
1392	12.087820
1393	11.058002
1394	11.431412
1395	11.454057
1396	11.212017
1397	10.766951
1398	12.321222
1399	11.200972
1400	10.704524
1401	10.425805
1402	11.587911
1403	10.809927
1404	11.907502
1405	10.717691
1406	10.827747
1407	10.692298
1408	10.731403
1409	11.858006
1410	10.634035
1411	10.376079
1412	11.180721
1413	11.553463
1414	11.069891
1415	10.700076
1416	11.032906
1417	11.164327
1418	11.031780
1419	11.607104
1420	11.083384
1421	11.396478
1422	11.699395
1423	11.317036
1424	12.633550
1425	13.838489
1426	10.642305
1427	10.999663
1428	11.054785
1429	13.186547
1430	12.432621
1431	11.680841
1432	11.531057
1433	11.326728
1434	11.319129
1435	10.772077
1436	12.129674
1437	11.577719
1438	11.113688
1439	12.026114
1440	11.908710
1441	11.230768
1442	11.227825
1443	10.582235
1444	10.632803
1445	10.871255
1446	11.034890
1447	10.730526
1448	10.244405
1449	9.256884
1450	10.962793
1451	10.619205
1452	10.918304
1453	10.907345
1454	11.372994
1455	11.563093
1456	12.722083
1457	11.860783
1458	11.751565
1459	11.929333
1460	13.186132
1461	12.938179
1462	13.226198
1463	12.486498
1464	12.912689
1465	12.912245
1466	12.551614
1467	14.070197
1468	12.866846
1469	13.996788
1470	13.540330
1471	12.874930
1472	12.191974
1473	10.927334
1474	12.839681
1475	11.200313
1476	10.693240
1477	12.260264
1478	11.684533
1479	11.476310
1480	12.455717
1481	10.684822
1482	11.308806
1483	11.293899
1484	11.041685
1485	11.699159
1486	11.878877
1487	11.883139
1488	12.018034
1489	12.166554
1490	12.542123
1491	13.750694
1492	11.638942
1493	11.130773
1494	12.302684
1495	11.571173
1496	11.599566
1497	11.593117
1498	11.434161
1499	11.382184
1500	11.635098
1501	11.130907
1502	11.305545
1503	10.102344
1504	10.511373
1505	10.324887
1506	11.786354
1507	10.700335
1508	10.669429
1509	12.083591
1510	11.755978
1511	13.238932
1512	10.040918
1513	11.506505
1514	12.141589
1515	11.223096
1516	11.409086
1517	11.300258
1518	11.470660
1519	10.958030
1520	10.921079
1521	11.377616
1522	10.844866
1523	11.507637
1524	11.405951
1525	11.146600
1526	11.595159
1527	11.039976
1528	12.097599
1529	11.550271
1530	11.932117
1531	10.529840
1532	11.831361
1533	10.799820
1534	11.138249
1535	10.609602
1536	10.949797
1537	11.901816
1538	12.597847
1539	11.380294
1540	10.936400
1541	11.254318
1542	11.477123
1543	10.612862
1544	10.964417
1545	11.194486
1546	11.266995
1547	11.450229
1548	11.169407
1549	11.378732
1550	11.902148
1551	10.950862
1552	11.834433
1553	10.386464
1554	11.894985
1555	11.530004
1556	11.111076
1557	11.518035
1558	10.916325
1559	11.167757
1560	10.551186
1561	11.019271
1562	10.894263
1563	10.680813
1564	10.922863
1565	11.844566
1566	11.957592
1567	11.473633
1568	11.373015
1569	11.147677
1570	10.600977
1571	11.514106
1572	11.693580
1573	10.534290
1574	10.726673
1575	11.248067
1576	11.045543
1577	10.996445
1578	11.432615
1579	11.245117
1580	10.353060
1581	11.043447
1582	11.310882
1583	11.407189
1584	12.705152
1585	11.378889
1586	12.016615
1587	11.452828
1588	11.780095
1589	11.744139
1590	12.466541
1591	10.680477
1592	11.722519
1593	11.176412
1594	11.650072
1595	10.995654
1596	11.632541
1597	11.766495
1598	11.308004
1599	10.906306
1600	11.608917
1601	11.784688
1602	10.275744
1603	11.235908
1604	11.288221
1605	12.784314
1606	12.378968
1607	11.443831
1608	11.649060
1609	12.589276
1610	11.595487
1611	10.953634
1612	11.058749
1613	11.659769
1614	11.874465
1615	12.464992
1616	12.606863
1617	12.682748
1618	11.593757
1619	11.262456
1620	10.802250
1621	10.369368
1622	11.572311
1623	11.699457
1624	11.111999
1625	10.650489
1626	11.767383
1627	11.239791
1628	12.358515
1629	12.007418
1630	12.793529
1631	11.450492
1632	10.771555
1633	10.791784
1634	11.007699
1635	11.397020
1636	12.641250
1637	11.431568
1638	11.273195
1639	11.376468
1640	11.176654
1641	10.487959
1642	12.618335
1643	11.160322
1644	10.475122
1645	10.614666
1646	11.556268
1647	10.561622
1648	11.385057
1649	11.637822
1650	10.680389
1651	10.833279
1652	10.933440
1653	10.723452
1654	10.475545
1655	10.479898
1656	11.619085
1657	11.814874
1658	11.788262
1659	11.431129
1660	11.729085
1661	11.584650
1662	11.918379
1663	11.417968
1664	11.935690
1665	10.148663
1666	13.069022
1667	12.208639
1668	10.711986
1669	11.754943
1670	12.008878
1671	11.792294
1672	11.140075
1673	12.345659
1674	12.725995
1675	11.553969
1676	12.466990
1677	12.280210
1678	12.453174
1679	12.611577
1680	11.698647
1681	10.820600
1682	11.340788
1683	11.196771
1684	11.304409
1685	11.372555
1686	10.912171
1687	11.273724
1688	11.088458
1689	11.176999
1690	10.076482
1691	11.053183
1692	10.169521
1693	11.785556
1694	11.531611
1695	11.274229
1696	12.025129
1697	10.676678
1698	12.220971
1699	10.904065
1700	11.161299
1701	10.758445
1702	12.830419
1703	12.233464
1704	13.389378
1705	12.063106
1706	11.702052
1707	12.116510
1708	11.205472
1709	12.148707
1710	12.076570
1711	11.643586
1712	12.049523
1713	12.283030
1714	10.833562
1715	10.791074
1716	11.438855
1717	11.601811
1718	11.427989
1719	11.077955
1720	11.331272
1721	10.903965
1722	10.852455
1723	11.880055
1724	12.080239
1725	12.150962
1726	12.224411
1727	13.552938
1728	11.606633
1729	11.163694
1730	11.548163
1731	12.510656
1732	11.660339
1733	11.803866
1734	12.660522
1735	12.269690
1736	11.670781
1737	12.386132
1738	12.037404
1739	11.051060
1740	10.694422
1741	11.139515
1742	12.267884
1743	11.043270
1744	10.831276
1745	11.073512
1746	11.737176
1747	10.419456
1748	11.967167
1749	13.788840
1750	11.021849
1751	11.313694
1752	11.126396
1753	11.140116
1754	11.158969
1755	11.060025
1756	11.599008
1757	11.408271
1758	12.139368
1759	11.101689
1760	13.276473
1761	11.707145
1762	11.710992
1763	10.688748
1764	11.048050
1765	9.421476
1766	9.358212
1767	9.530213
1768	9.204268
1769	9.671276
1770	9.805345
1771	9.794492
1772	10.450233
1773	10.087007
1774	11.142416
1775	10.869532
1776	10.456115
1777	10.879325
1778	11.833740
1779	10.772943
1780	10.916582
1781	11.901967
1782	11.019381
1783	12.480574
1784	11.667323
1785	11.706304
1786	11.280725
1787	11.342750
1788	10.509458
1789	10.633006
1790	11.629337
1791	11.356619
1792	11.069152
1793	12.292809
1794	12.818569
1795	11.284333
1796	10.854096
1797	10.891967
1798	11.320617
1799	10.662319
1800	11.169050
1801	11.422590
1802	13.230018
1803	10.571323
1804	13.806408
1805	11.406426
1806	11.344418
1807	11.071459
1808	11.086434
1809	12.878122
1810	12.496585
1811	12.149381
1812	12.825570
1813	11.646932
1814	11.918303
1815	12.443976
1816	12.281132
1817	11.897943
1818	12.504959
1819	12.233749
1820	12.371125
1821	12.783487
1822	12.121854
1823	12.697577
1824	12.859575
1825	12.560679
1826	11.348348
1827	11.183566
1828	12.033429
1829	10.920624
1830	11.229469
1831	11.155120
1832	11.481165
1833	10.921375
1834	10.913140
1835	11.012109
1836	10.336997
1837	11.520370
1838	10.869966
1839	10.438919
1840	10.568368
1841	11.203006
1842	10.576737
1843	10.857454
1844	13.302305
1845	12.400558
1846	11.162174
1847	10.778694
1848	11.808737
1849	12.576592
1850	11.707006
1851	11.855588
1852	10.953378
1853	12.284279
1854	12.168474
1855	11.292766
1856	11.923638
1857	11.656095
1858	11.175058
1859	10.672071
1860	10.856174
1861	11.153231
