0	4.647901
1	4.783190
2	3.847765
3	6.041970
4	4.708385
5	4.646417
6	5.878036
7	4.785625
8	5.535134
9	6.278575
10	4.836475
11	4.512449
12	5.172416
13	5.001152
14	5.037003
15	5.522057
16	4.885172
17	5.107984
18	4.349760
19	5.210855
20	3.985449
21	4.587527
22	4.703884
23	4.063719
24	4.960948
25	4.126996
26	4.318632
27	3.407418
28	5.578127
29	4.391059
30	4.457961
31	4.509658
32	4.440879
33	4.293355
34	5.814474
35	4.414308
36	4.705199
37	3.936725
38	5.304378
39	5.465548
40	4.948968
41	5.094939
42	4.154396
43	4.997092
44	5.152570
45	4.509953
46	4.261090
47	5.215114
48	4.947870
49	6.225430
50	4.999413
51	4.336922
52	5.573115
53	2.192124
54	5.076416
55	5.160191
56	5.065068
57	5.012721
58	5.439153
59	4.652796
60	5.904852
61	5.820955
62	4.444211
63	4.694307
64	4.795135
65	5.267447
66	4.814695
67	4.692067
68	4.103683
69	4.460829
70	5.505952
71	5.391187
72	5.858103
73	5.440532
74	5.265038
75	4.866971
76	3.828068
77	5.238365
78	5.244180
79	4.599490
80	5.564287
81	4.503488
82	5.597151
83	5.462864
84	5.654477
85	5.742003
86	7.484318
87	5.737324
88	6.021661
89	6.273124
90	5.087720
91	6.042119
92	5.218534
93	4.848805
94	7.404471
95	5.479518
96	5.533273
97	5.545279
98	4.597500
99	5.022042
100	4.490712
101	4.989609
102	4.233816
103	5.428013
104	5.015956
105	5.432063
106	4.188961
107	4.708940
108	6.649069
109	6.009831
110	5.147457
111	6.510769
112	5.273842
113	5.941206
114	5.579554
115	6.189005
116	6.124155
117	4.949041
118	6.212462
119	5.550326
120	6.097055
121	5.642766
122	6.346839
123	7.462828
124	5.887290
125	7.499001
126	5.605187
127	5.658277
128	5.943107
129	6.692061
130	5.175971
131	5.886144
132	5.828961
133	5.683336
134	4.224926
135	5.129143
136	4.160637
137	6.317405
138	6.179944
139	6.116641
140	4.747977
141	6.290547
142	5.862515
143	4.006805
144	6.473413
145	7.076863
146	4.260153
147	4.949081
148	5.713922
149	5.593828
150	6.348993
151	5.346037
152	6.439169
153	6.912576
154	6.016717
155	4.088877
156	4.363541
157	7.226603
158	6.723618
159	6.596514
160	4.416843
161	5.152380
162	6.224190
163	5.953065
164	5.138748
165	5.761372
166	5.453466
167	6.094006
168	7.386234
169	5.790803
170	4.949695
171	4.608628
172	5.238791
173	4.452626
174	5.215792
175	4.348848
176	6.503299
177	6.030665
178	6.741608
179	5.575822
180	6.507042
181	5.674973
182	7.771502
183	6.279283
184	5.151551
185	4.390968
186	7.485164
187	5.531700
188	6.295879
189	5.499584
190	5.884463
191	5.296762
192	5.976337
193	6.681503
194	6.037457
195	4.847235
196	6.461587
197	3.671159
198	4.416162
199	4.759632
200	5.681161
201	7.742978
202	5.832573
203	6.600892
204	6.322492
205	4.567561
206	6.083627
207	4.487797
208	5.493888
209	5.224576
210	5.392690
211	6.272035
212	4.490790
213	4.939435
214	5.173645
215	5.327919
216	5.024978
217	5.881482
218	7.001354
219	6.845830
220	7.272581
221	6.406643
222	4.432843
223	4.969618
224	6.466382
225	6.141994
226	6.972882
227	5.242730
228	6.064439
229	6.793010
230	4.675991
231	4.397477
232	5.259068
233	4.712758
234	5.601949
235	5.658993
236	4.639622
237	7.117618
238	3.967214
239	6.110365
240	6.121911
241	6.435676
242	5.981548
243	5.298761
244	4.359921
245	4.236248
246	5.743772
247	5.910949
248	4.330830
249	5.660042
250	5.024900
251	6.141727
252	5.244834
253	5.469489
254	4.115654
255	5.155860
256	5.715408
257	5.451172
258	6.643532
259	5.639958
260	5.208798
261	4.395666
262	5.813820
263	5.275072
264	5.033945
265	5.256290
266	5.746878
267	4.435078
268	5.289244
269	3.843758
270	4.791348
271	3.719085
272	6.051686
273	4.911794
274	4.916886
275	4.455671
276	5.138882
277	5.010101
278	4.808887
279	6.750060
280	4.420111
281	7.088962
282	4.889437
283	5.394886
284	5.867069
285	4.908481
286	6.036688
287	6.996692
288	4.551131
289	5.675005
290	5.966528
291	4.458025
292	5.424359
293	4.225101
294	5.597399
295	6.817024
296	6.408881
297	5.116980
298	5.064128
299	4.247589
300	5.097266
301	4.759035
302	4.828966
303	4.821493
304	5.018873
305	4.817760
306	4.515197
307	5.274703
308	4.229964
309	5.796835
310	5.674335
311	4.914935
312	4.730644
313	5.004459
314	5.609774
315	5.713031
316	5.298407
317	5.168596
318	5.206506
319	5.442380
320	5.548343
321	5.391159
322	5.732338
323	4.773457
324	4.939109
325	4.741793
326	5.656643
327	6.230964
328	4.856964
329	4.411736
330	5.642139
331	5.941700
332	6.096996
333	5.671973
334	4.873642
335	5.023984
336	4.013490
337	4.585959
338	4.447898
339	5.072704
340	4.762154
341	5.617876
342	6.094415
343	5.954445
344	6.714352
345	5.006258
346	5.011228
347	5.268137
348	5.068976
349	5.887492
350	5.153338
351	5.419719
352	4.930830
353	4.560272
354	5.642676
355	5.044956
356	5.090116
357	4.792181
358	5.194487
359	4.665154
360	6.365608
361	4.518829
362	5.902489
363	6.159651
364	5.469898
365	5.508982
366	4.539923
367	5.561597
368	4.597008
369	4.239727
370	4.732332
371	4.947166
372	5.681406
373	4.709924
374	5.259365
375	4.323125
376	4.708130
377	4.283177
378	5.681786
379	4.439348
380	4.523064
381	3.769250
382	4.601186
383	4.485368
384	5.831509
385	5.275813
386	3.732560
387	5.511380
388	4.533003
389	4.438525
390	4.743511
391	5.432480
392	5.894090
393	5.738479
394	5.298009
395	5.225091
396	5.596777
397	6.473693
398	4.603359
399	5.589537
400	7.021361
401	5.747540
402	4.595452
403	6.411685
404	6.287042
405	4.901889
406	5.458944
407	4.898011
408	5.618376
409	4.667002
410	4.908135
411	5.375970
412	5.127198
413	4.718194
414	4.343304
415	5.701576
416	5.338952
417	4.691781
418	5.631746
419	6.692989
420	6.300544
421	6.647405
422	4.749393
423	4.992446
424	6.994924
425	4.909633
426	5.577322
427	5.312232
428	5.030080
429	4.766760
430	4.675061
431	4.743764
432	5.214844
433	5.331895
434	4.791545
435	6.469880
436	5.327522
437	4.358471
438	5.979974
439	4.416354
440	5.069527
441	4.281717
442	5.098430
443	6.587460
444	4.461008
445	5.816224
446	5.651067
447	5.585989
448	5.373277
449	5.249400
450	5.936594
451	5.872458
452	4.431289
453	5.078385
454	5.025895
455	5.550189
456	5.605729
457	4.576691
458	5.852299
459	5.072368
460	4.679263
461	5.038839
462	4.717976
463	4.372241
464	3.829700
465	4.050838
466	3.903063
467	5.714709
468	4.306470
469	4.374882
470	4.549089
471	4.633843
472	3.901037
473	3.828812
474	3.848676
475	4.940294
476	5.552388
477	3.700946
478	4.803687
479	4.765761
480	3.868138
481	4.155214
482	4.332540
483	5.509938
484	4.090512
485	4.996609
486	4.283852
487	5.175995
488	5.501245
489	5.082776
490	6.507920
491	5.451258
492	4.971376
493	5.010401
494	4.123034
495	4.139625
496	4.171882
497	4.644771
498	3.469148
499	3.717070
500	4.009911
501	4.578440
502	5.531880
503	4.270750
504	2.086387
505	4.116988
506	4.162417
507	5.311025
508	4.820230
509	4.727008
510	4.396736
511	5.130322
512	6.479208
513	4.446709
514	4.244456
515	4.751147
516	4.233604
517	4.780419
518	5.958439
519	5.062628
520	6.595098
521	4.711655
522	4.393914
523	5.377864
524	4.699382
525	5.358696
526	5.355564
527	5.658959
528	5.347253
529	5.706907
530	4.649409
531	5.828287
532	4.927039
533	4.563421
534	4.558124
535	3.966069
536	5.368371
537	5.537337
538	3.546858
539	5.665059
540	5.854119
541	3.703635
542	5.548208
543	6.696868
544	5.824398
545	4.482186
546	5.049008
547	4.877971
548	4.247613
549	5.270808
550	5.393790
551	4.955744
552	4.596781
553	4.860237
554	5.185750
555	5.762890
556	5.920084
557	3.994446
558	4.900061
559	4.827432
560	5.867727
561	6.277819
562	5.355836
563	6.403819
564	5.568779
565	6.069145
566	5.723801
567	6.555350
568	4.912527
569	5.198520
570	5.537768
571	5.104558
572	5.475218
573	6.191654
574	5.777796
575	5.617429
576	4.698733
577	4.454367
578	5.326622
579	4.887731
580	6.404508
581	5.303943
582	4.165608
583	6.014873
584	5.275550
585	5.180985
586	5.143006
587	4.314408
588	2.638825
589	5.080766
590	4.543953
591	3.720189
592	4.988365
593	4.037043
594	5.388896
595	5.646958
596	5.091697
597	5.072731
598	5.377676
599	3.228064
600	4.198703
601	4.385634
602	4.576319
603	5.103076
604	4.977649
605	4.112104
606	4.957510
607	5.618943
608	5.274059
609	4.862735
610	4.369819
611	5.228176
612	5.406717
613	4.914194
614	4.694098
615	4.793890
616	4.569857
617	6.498231
618	6.344558
619	4.719438
620	5.609832
621	4.632990
622	5.430375
623	5.011529
624	5.728889
625	5.937715
626	4.910572
627	5.424435
628	4.495064
629	5.898798
630	6.103007
631	5.078600
632	3.928065
633	4.899246
634	4.444277
635	4.350968
636	5.333762
637	4.624859
638	4.620931
639	4.964234
640	4.602097
641	5.151319
642	4.940009
643	4.283410
644	4.935595
645	5.369022
646	5.234213
647	5.335250
648	5.587029
649	5.432817
650	5.206640
651	4.529237
652	4.766811
653	5.804842
654	5.156251
655	4.963084
656	4.399944
657	3.944146
658	4.792357
659	5.116844
660	6.825555
661	5.388656
662	5.231700
663	5.084966
664	5.041507
665	6.116610
666	5.364606
667	5.105331
668	3.891438
669	5.095765
670	5.145124
671	4.562784
672	4.654244
673	4.401522
674	4.583166
675	4.517987
676	5.572908
677	5.758314
678	6.286500
679	5.973038
680	4.696095
681	5.740296
682	4.950443
683	4.744290
684	6.284862
685	5.006963
686	4.582892
687	4.353918
688	5.729962
689	5.089880
690	5.626772
691	5.307109
692	5.022628
693	5.526934
694	5.137967
695	5.632786
696	5.790803
697	4.441348
698	4.833280
699	5.932864
700	5.645788
701	5.011935
702	4.164817
703	5.091453
704	4.267467
705	5.185220
706	4.815372
707	5.487543
708	4.634847
709	6.032462
710	4.940537
711	5.769178
712	4.986068
713	5.043462
714	5.404407
715	5.999668
716	4.233922
717	4.299802
718	5.109856
719	5.214799
720	4.120140
721	5.446175
722	4.845078
723	4.551196
724	5.731993
725	5.282805
726	5.348886
727	4.208779
728	5.488632
729	5.251513
730	5.433337
731	5.334316
732	4.943980
733	5.227010
734	5.555284
735	5.458103
736	5.393900
737	5.185104
738	5.668582
739	5.325366
740	4.354158
741	5.116915
742	4.846482
743	4.963161
744	6.136888
745	5.449898
746	5.610404
747	5.538504
748	5.894241
749	5.558493
750	5.050128
751	6.292321
752	6.787827
753	4.952415
754	5.477997
755	5.636611
756	5.857577
757	4.535136
758	4.638212
759	4.710639
760	4.583303
761	5.832139
762	5.394988
763	5.113913
764	4.532847
765	5.219266
766	4.630394
767	5.682894
768	5.726789
769	5.726803
770	5.748339
771	4.301467
772	3.821870
773	4.538776
774	4.204141
775	4.414274
776	6.087674
777	4.777175
778	4.645284
779	3.918903
780	4.792746
781	4.840548
782	4.909276
783	5.432373
784	3.594024
785	4.977168
786	3.681751
787	4.563574
788	4.820802
789	4.106070
790	3.537188
791	5.911493
792	4.261663
793	4.240246
794	6.141418
795	4.614285
796	4.670269
797	4.522764
798	4.623785
799	4.621442
800	4.636734
801	4.944189
802	4.507573
803	5.902701
804	5.190779
805	5.090983
806	5.621042
807	4.075525
808	5.079733
809	6.400301
810	4.279603
811	5.022519
812	6.207479
813	4.614726
814	6.170593
815	3.415322
816	5.283277
817	5.077576
818	4.606064
819	4.684825
820	4.715953
821	4.396579
822	5.778327
823	5.746679
824	5.503157
825	5.379417
826	5.414731
827	3.220313
828	5.565087
829	4.024443
830	5.774211
831	5.566186
832	5.271228
833	4.919656
834	5.219984
835	5.175158
836	4.313513
837	4.744145
838	4.594998
839	5.607186
840	5.179191
841	5.145764
842	5.644272
843	4.686215
844	5.140053
845	4.022754
846	5.427824
847	5.465617
848	4.986718
849	4.370816
850	4.131222
851	5.370231
852	4.607310
853	5.056721
854	4.674025
855	5.844065
856	4.298320
857	5.773881
858	4.533364
859	4.776025
860	4.530707
861	4.544516
862	4.552239
863	3.893033
864	4.119721
865	4.338816
866	5.356967
867	4.513336
868	3.930573
869	4.643567
870	3.700301
871	4.291783
872	4.248065
873	3.653053
874	3.811289
875	4.060318
876	3.491514
877	2.092464
878	5.718818
879	4.044100
880	4.887664
881	4.092014
882	4.109364
883	6.271739
884	5.681117
885	4.324823
886	4.327010
887	4.547016
888	4.269010
889	4.405029
890	4.384806
891	3.432808
892	3.010464
893	4.064984
894	3.255777
895	3.598962
896	5.464090
897	3.730626
898	4.474827
899	2.889569
900	4.692374
901	5.531013
902	5.662765
903	4.622825
904	4.590481
905	4.583817
906	5.256131
907	4.513064
908	4.850423
909	5.464113
910	5.323232
911	3.155521
912	3.914525
913	2.817197
914	3.585904
915	4.463376
916	3.245691
917	4.950251
918	4.614855
919	4.507715
920	5.260897
921	5.027331
922	6.112824
923	4.762667
924	5.652141
925	4.402061
926	4.389550
927	3.716262
928	6.800865
929	4.861383
930	5.049409
931	5.756919
932	6.083994
933	5.214060
934	5.742316
935	4.101827
936	3.287881
937	4.566725
938	4.260467
939	4.984717
940	4.158528
941	5.243314
942	4.260629
943	4.670924
944	4.089553
945	5.565397
946	5.800446
947	5.997493
948	4.520329
949	4.986690
950	4.054679
951	7.424848
952	6.633930
953	6.278829
954	5.470475
955	5.295807
956	4.069769
957	4.287573
958	4.590869
959	6.236308
960	5.496281
961	5.108771
962	4.025223
963	5.118874
964	5.715712
965	4.260694
966	5.508532
967	5.550531
968	5.515187
969	5.185095
970	4.546169
971	6.217642
972	4.810045
973	4.214429
974	4.586221
975	5.131946
976	4.744479
977	4.778032
978	4.091040
979	5.307687
980	4.069174
981	3.488063
982	3.664557
983	4.865771
984	5.411369
985	6.013755
986	6.206307
987	4.438706
988	5.523886
989	4.676271
990	5.709893
991	6.717214
992	4.319423
993	4.211832
994	4.784235
995	5.655889
996	5.504353
997	5.528184
998	4.276050
999	6.775899
1000	7.125037
1001	5.829879
1002	4.626467
1003	5.540742
1004	6.445792
1005	6.381895
1006	3.989299
1007	6.390699
1008	5.714240
1009	7.111745
1010	5.419697
1011	6.614611
1012	7.573342
1013	6.712891
1014	7.739685
1015	5.874406
1016	5.693758
1017	7.611742
1018	7.252765
1019	7.673352
1020	6.404039
1021	5.180983
1022	5.391442
1023	4.875871
1024	7.196395
1025	7.026593
1026	7.197999
1027	7.316734
1028	5.165161
1029	6.935144
1030	4.638337
1031	6.172082
1032	4.000776
1033	4.903695
1034	3.646286
1035	6.452621
1036	6.448026
1037	3.883376
1038	5.678082
1039	5.614916
1040	4.400967
1041	5.062772
1042	6.806220
1043	7.343666
1044	4.668629
1045	5.362134
1046	5.333528
1047	4.478683
1048	4.719183
1049	5.606788
1050	3.574284
1051	4.898356
1052	4.758844
1053	5.111192
1054	4.900959
1055	4.809297
1056	6.339541
1057	5.924392
1058	6.958261
1059	5.562705
1060	5.722262
1061	5.869828
1062	5.004849
1063	6.573624
1064	6.381700
1065	7.017472
1066	6.998446
1067	6.992741
1068	4.380629
1069	5.286218
1070	4.539315
1071	4.013259
1072	4.401561
1073	3.970215
1074	4.389877
1075	4.428391
1076	4.564755
1077	4.409818
1078	4.579796
1079	4.354897
1080	3.892700
1081	4.786542
1082	3.858263
1083	4.962024
1084	3.902420
1085	3.937047
1086	4.470054
1087	3.806377
1088	4.501224
1089	4.367333
1090	5.116120
1091	4.287063
1092	4.784624
1093	4.540248
1094	5.162147
1095	4.576129
1096	4.365362
1097	4.085597
1098	4.011796
1099	4.509430
1100	3.847517
1101	4.754961
1102	4.585505
1103	4.213706
1104	3.847137
1105	4.597507
1106	3.222814
1107	4.790155
1108	4.486254
1109	5.198351
1110	3.961958
1111	3.932746
1112	4.595488
1113	4.532557
1114	4.587208
1115	5.213737
1116	4.947740
1117	4.148543
1118	3.785303
1119	3.760252
1120	4.464405
1121	3.946809
1122	3.191538
1123	3.159923
1124	3.091049
1125	3.312412
1126	4.178361
1127	3.645162
1128	4.060654
1129	4.389419
1130	3.754305
1131	4.075265
1132	3.896073
1133	4.022052
1134	4.198308
1135	5.498112
1136	6.508166
1137	6.381701
1138	7.553511
1139	6.644434
1140	6.622589
1141	4.266778
1142	4.419805
1143	4.700755
1144	6.655110
1145	5.028988
1146	5.476030
1147	5.469316
1148	5.809522
1149	4.275055
1150	5.279284
1151	4.412799
1152	5.902958
1153	4.392991
1154	4.382762
1155	5.871184
1156	5.286388
1157	4.961979
1158	3.657442
1159	4.869465
1160	5.362369
1161	5.399832
1162	4.608136
1163	4.635265
1164	3.789815
1165	5.459543
1166	4.493251
1167	5.405712
1168	4.184028
1169	4.231843
1170	5.939992
1171	2.490103
1172	4.659882
1173	4.864339
1174	4.620976
1175	4.796053
1176	4.293266
1177	4.373796
1178	4.146927
1179	4.153144
1180	5.000230
1181	5.463805
1182	3.944835
1183	4.711777
1184	4.828590
1185	4.348329
1186	4.071193
1187	4.495770
1188	4.592710
1189	5.012863
1190	3.723765
1191	5.069525
1192	3.832345
1193	4.986737
1194	4.095774
1195	4.179000
1196	3.746614
1197	4.848856
1198	5.450110
1199	4.125154
1200	5.270874
1201	4.416729
1202	4.297022
1203	5.372503
1204	4.244868
1205	3.949109
1206	3.786995
1207	4.450727
1208	5.876334
1209	4.917866
1210	4.931735
1211	4.443172
1212	6.189945
1213	5.368759
1214	4.777715
1215	5.277594
1216	4.673638
1217	4.287657
1218	5.873585
1219	5.793901
1220	5.734196
1221	5.296215
1222	6.744199
1223	4.493120
1224	4.361523
1225	4.747832
1226	4.853457
1227	5.090197
1228	4.500424
1229	4.978938
1230	4.738184
1231	6.157832
1232	6.749112
1233	5.519158
1234	5.177048
1235	6.802888
1236	5.681461
1237	4.876293
1238	3.738146
1239	4.252916
1240	5.275784
1241	5.260888
1242	4.593137
1243	4.676873
1244	4.589175
1245	5.454303
1246	5.002990
1247	4.720528
1248	5.110518
1249	3.618874
1250	6.331433
1251	4.834937
1252	4.752120
1253	5.236040
1254	4.088253
1255	4.437131
1256	7.269400
1257	6.246870
1258	6.613307
1259	5.972764
1260	5.716102
1261	4.959158
1262	4.882765
1263	6.058009
1264	5.471895
1265	6.897614
1266	4.274028
1267	4.074432
1268	4.513206
1269	4.712772
1270	5.121914
1271	4.645632
1272	5.989596
1273	5.177692
1274	5.769229
1275	5.432069
1276	5.396935
1277	4.252870
1278	5.590919
1279	5.265945
1280	4.823329
1281	4.952313
1282	4.770474
1283	5.141643
1284	4.427517
1285	4.677785
1286	3.861850
1287	5.034444
1288	5.768926
1289	6.934513
1290	5.552035
1291	6.250833
1292	4.985952
1293	5.599044
1294	5.295262
1295	5.424766
1296	6.355557
1297	5.450680
1298	4.807193
1299	4.832328
1300	6.268732
1301	5.505716
1302	5.512068
1303	5.158730
1304	4.817698
1305	4.362682
1306	5.015924
1307	3.986550
1308	5.869470
1309	3.810588
1310	3.645834
1311	5.132875
1312	4.676817
1313	6.011879
1314	4.578147
1315	5.813278
1316	5.624349
1317	5.928761
1318	6.143753
1319	4.560844
1320	4.714287
1321	5.268566
1322	5.042301
1323	4.670377
1324	5.435522
1325	5.651982
1326	4.532572
1327	5.865644
1328	5.133452
1329	4.849298
1330	4.391513
1331	5.363978
1332	5.089841
1333	4.856853
1334	6.070625
1335	5.002841
1336	5.364717
1337	5.327346
1338	4.596457
1339	4.792642
1340	4.936505
1341	5.121653
1342	4.465982
1343	3.939365
1344	5.538682
1345	5.575742
1346	5.267087
1347	6.794473
1348	6.899760
1349	6.009741
1350	4.565130
1351	5.952463
1352	5.971474
1353	4.596458
1354	4.614708
1355	5.452433
1356	5.765225
1357	5.886230
1358	4.414486
1359	4.844732
1360	3.820227
1361	5.399459
1362	3.970906
1363	4.130776
1364	5.239408
1365	4.874180
1366	5.389223
1367	4.080223
1368	4.597755
1369	4.671329
1370	4.883093
1371	4.972695
1372	4.403475
1373	4.468600
1374	5.907333
1375	4.913188
1376	6.327662
1377	5.521098
1378	5.807557
1379	6.906586
1380	4.812788
1381	5.608218
1382	5.942239
1383	5.953967
1384	7.012804
1385	6.054172
1386	6.290477
1387	3.910520
1388	4.045887
1389	3.163258
1390	5.891731
1391	5.043788
1392	3.571624
1393	5.041683
1394	6.023366
1395	5.953404
1396	6.520188
1397	4.447067
1398	5.016084
1399	4.166075
1400	5.344029
1401	4.383357
1402	5.362636
1403	5.037484
1404	4.044876
1405	4.669080
1406	4.858790
1407	3.945197
1408	5.627695
1409	5.092523
1410	4.911917
1411	5.559764
1412	4.828432
1413	4.955241
1414	5.610872
1415	4.754726
1416	5.375657
1417	3.566655
1418	5.711349
1419	4.980476
1420	5.493511
1421	5.950011
1422	5.315596
1423	5.455211
1424	4.163687
1425	5.646417
1426	4.496987
1427	5.639097
1428	4.797143
1429	5.589284
1430	4.557519
1431	4.335952
1432	5.928856
1433	5.480823
1434	6.015955
1435	4.505921
1436	4.432786
1437	4.680536
1438	4.639167
1439	5.414546
1440	4.832895
1441	3.773698
1442	5.134794
1443	4.802813
1444	4.682289
1445	4.566682
1446	5.344426
1447	4.678985
1448	5.647060
1449	4.842324
1450	4.674592
1451	6.833637
1452	6.954720
1453	5.593182
1454	4.520012
1455	5.344959
1456	6.764421
1457	4.504509
1458	5.319706
1459	5.515625
1460	4.226337
1461	5.505069
1462	5.855895
1463	6.064370
1464	5.446420
1465	6.056944
1466	3.806798
1467	4.654085
1468	5.307674
1469	5.427072
1470	6.005612
1471	4.198821
1472	5.493052
1473	4.657843
1474	5.613065
1475	4.520943
1476	5.299104
1477	5.577485
1478	5.542391
1479	4.809846
1480	5.119892
1481	5.051702
1482	5.065316
1483	5.961746
1484	5.924439
1485	7.033712
1486	5.469633
1487	4.658818
1488	5.799882
1489	4.299486
1490	4.825855
1491	5.022427
1492	4.924369
1493	4.876074
1494	5.209116
1495	6.235983
1496	4.943744
1497	5.034539
1498	6.537997
1499	5.196517
1500	5.454116
1501	4.592180
1502	5.826267
1503	5.649714
1504	5.899092
1505	4.927876
1506	6.221201
1507	5.490047
1508	5.032635
1509	5.262640
1510	5.331356
1511	5.910197
1512	5.439613
1513	4.210405
1514	5.743462
1515	5.503172
1516	4.463460
1517	5.471684
1518	4.840805
1519	4.307688
1520	5.292615
1521	4.786116
1522	5.662447
1523	4.922196
1524	5.027302
1525	5.190946
1526	4.842006
1527	4.344812
1528	4.987286
1529	5.340282
1530	4.324836
1531	5.276722
1532	5.599345
1533	3.782289
1534	5.131020
1535	3.685996
1536	4.375109
1537	4.980631
1538	4.161706
1539	4.437832
1540	4.306543
1541	4.325070
1542	5.815613
1543	5.186615
1544	5.823044
1545	5.419822
1546	4.161503
1547	5.724845
1548	4.680865
1549	4.552286
1550	4.547689
1551	4.128544
1552	4.296989
1553	5.402446
1554	5.500453
1555	5.759284
1556	5.465461
