0	4.165512
1	5.750713
2	5.803248
3	4.366702
4	5.242043
5	5.323580
6	5.690633
7	5.282557
8	4.042500
9	6.039495
10	4.245799
11	5.572334
12	6.692466
13	5.577132
14	5.806487
15	3.546109
16	6.735503
17	5.034343
18	5.533480
19	7.345753
20	6.826785
21	4.540275
22	5.493505
23	6.464573
24	5.648159
25	4.591863
26	5.471188
27	7.516423
28	5.927040
29	5.315017
30	7.317027
31	6.425457
32	6.749712
33	4.940063
34	5.206009
35	6.001440
36	5.198134
37	5.718068
38	4.073486
39	6.793452
40	6.960028
41	5.382844
42	5.039059
43	4.434524
44	5.256948
45	4.947534
46	5.241385
47	4.744018
48	4.858579
49	5.718724
50	6.894230
51	4.656707
52	4.328523
53	4.686201
54	4.948839
55	6.616675
56	5.247705
57	5.808021
58	4.753621
59	5.943784
60	4.800229
61	5.367644
62	5.817815
63	7.151434
64	5.716233
65	6.948367
66	5.361270
67	4.957359
68	4.534876
69	6.867360
70	6.978962
71	6.655848
72	6.135055
73	5.970068
74	6.803335
75	6.189241
76	7.128209
77	6.455547
78	5.792702
79	5.948756
80	4.708556
81	6.365886
82	4.407018
83	5.113308
84	5.536037
85	4.187183
86	4.690054
87	5.812136
88	5.512759
89	4.591938
90	4.355744
91	4.669873
92	5.152808
93	5.859580
94	4.533397
95	5.848529
96	6.443801
97	3.835635
98	4.261055
99	5.825688
100	5.164730
101	6.874112
102	5.342312
103	6.868663
104	5.284639
105	5.554617
106	5.167068
107	5.880425
108	5.705374
109	5.039899
110	4.831833
111	5.759834
112	5.154113
113	4.778138
114	3.775671
115	5.732067
116	5.008693
117	4.225542
118	4.308711
119	4.899735
120	4.771468
121	5.710527
122	4.798762
123	5.335662
124	5.449358
125	5.521723
126	4.370606
127	4.228604
128	4.521383
129	5.386734
130	4.950503
131	5.773058
132	4.569036
133	5.577985
134	3.828184
135	5.672083
136	6.698321
137	6.054071
138	5.420008
139	5.151476
140	4.788444
141	4.320346
142	5.783435
143	5.970068
144	4.676900
145	5.153204
146	6.623634
147	5.461536
148	4.984595
149	5.400603
150	4.549297
151	5.273662
152	5.909129
153	4.066742
154	5.758993
155	5.147514
156	4.737404
157	5.322151
158	4.412823
159	5.144870
160	5.467007
161	4.574451
162	4.498589
163	6.796251
164	5.285879
165	3.885178
166	6.288091
167	5.957559
168	5.421099
169	5.026360
170	4.347426
171	5.745259
172	4.775196
173	4.196450
174	5.706875
175	4.594962
176	4.816026
177	5.371361
178	5.281401
179	4.871900
180	5.083985
181	5.868605
182	4.911314
183	5.530359
184	3.303393
185	4.652546
186	4.255703
187	5.320688
188	5.730525
189	4.933448
190	4.700053
191	4.465021
192	6.893607
193	4.376186
194	4.419513
195	5.019132
196	5.177903
197	5.658217
198	5.787088
199	5.382582
200	4.840092
201	4.436599
202	4.482835
203	5.243149
204	6.055888
205	4.089460
206	6.362900
207	5.089676
208	4.481440
209	5.150349
210	4.801688
211	4.305788
212	6.751400
213	5.857212
214	6.057178
215	5.282925
216	5.600544
217	4.964573
218	4.544219
219	4.915669
220	4.784055
221	5.320160
222	6.074207
223	4.711804
224	4.849709
225	4.806192
226	4.733816
227	3.966965
228	4.698446
229	6.172362
230	4.830453
231	4.792296
232	4.733012
233	4.385611
234	4.566354
235	5.524717
236	4.661855
237	4.819069
238	4.332169
239	5.142870
240	4.654899
241	5.359710
242	5.768215
243	5.126614
244	4.542598
245	4.856540
246	4.693294
247	4.581912
248	5.301895
249	4.161130
250	4.329909
251	4.775579
252	5.119190
253	4.818597
254	5.430600
255	4.129611
256	4.899731
257	4.343927
258	4.657135
259	4.779238
260	4.938278
261	4.911974
262	4.827134
263	5.020964
264	5.535376
265	5.968113
266	6.123674
267	5.641633
268	5.523824
269	4.656893
270	5.386009
271	5.124227
272	5.615238
273	7.199922
274	7.225471
275	6.919384
276	7.097873
277	6.573963
278	7.352319
279	6.861354
280	7.728940
281	7.867711
282	6.204991
283	7.114219
284	5.015315
285	5.559597
286	7.053990
287	7.882928
288	7.922260
289	6.980587
290	8.186003
291	7.523924
292	7.731660
293	7.171090
294	7.072856
295	7.584888
296	7.371202
297	8.138411
298	7.354953
299	7.567003
300	5.334622
301	5.730785
302	5.286191
303	5.587585
304	4.634966
305	5.329822
306	4.922714
307	5.262641
308	4.277918
309	4.938067
310	5.602501
311	4.723241
312	5.607826
313	5.702404
314	5.569729
315	5.815453
316	6.263435
317	5.357321
318	5.808149
319	5.455439
320	5.430930
321	4.976483
322	6.102117
323	5.909458
324	6.458097
325	6.306585
326	5.810178
327	5.567504
328	4.299407
329	5.839734
330	5.413399
331	5.149272
332	5.619040
333	5.792244
334	6.278646
335	5.769204
336	4.448710
337	4.939129
338	5.528055
339	5.224128
340	5.204094
341	4.582455
342	5.186608
343	4.537696
344	5.050396
345	5.715261
346	5.196057
347	5.254112
348	4.081495
349	4.936944
350	4.106494
351	5.440008
352	5.486747
353	4.909225
354	4.711995
355	6.179782
356	6.103360
357	4.799886
358	4.811634
359	5.199287
360	5.088840
361	4.444738
362	4.827226
363	6.559528
364	5.614882
365	4.959768
366	6.072051
367	5.315883
368	5.192100
369	4.507363
370	5.556016
371	5.224022
372	5.544874
373	4.022562
374	3.887005
375	5.370744
376	5.239513
377	5.273913
378	4.550845
379	5.064484
380	5.954922
381	4.713356
382	4.710819
383	4.150518
384	4.400660
385	5.239475
386	5.463938
387	5.107183
388	5.533182
389	4.968148
390	4.554492
391	4.926075
392	4.931315
393	4.189831
394	4.982700
395	5.410147
396	4.960019
397	5.390936
398	5.925174
399	6.874508
400	5.023676
401	4.325863
402	4.836043
403	4.557312
404	5.303256
405	3.942499
406	3.869806
407	5.262520
408	4.748147
409	4.752230
410	5.065728
411	4.667087
412	4.849669
413	5.353206
414	4.130242
415	5.410583
416	4.903692
417	6.228731
418	4.747221
419	5.773093
420	4.776474
421	6.305902
422	4.916512
423	5.776417
424	5.158428
425	5.085802
426	4.951714
427	5.174333
428	4.252495
429	5.573382
430	4.755816
431	5.430306
432	4.768793
433	4.640140
434	4.009014
435	3.920280
436	5.308955
437	5.596125
438	5.875145
439	4.348848
440	4.737993
441	5.498525
442	4.865151
443	4.857303
444	4.111121
445	4.988747
446	5.757597
447	4.683654
448	5.312730
449	4.905321
450	3.264505
451	5.045952
452	5.704646
453	5.008489
454	5.635584
455	5.138735
456	4.494120
457	5.314462
458	4.337568
459	5.388311
460	3.953153
461	5.433094
462	4.411386
463	4.610119
464	5.988572
465	5.559007
466	5.522736
467	5.470241
468	5.421917
469	5.679661
470	5.645848
471	5.140830
472	4.069947
473	4.376244
474	4.622636
475	5.731684
476	4.989511
477	4.381647
478	5.170105
479	4.089859
480	4.726470
481	4.691175
482	5.173702
483	4.824996
484	5.626607
485	4.223222
486	6.500415
487	5.214298
488	4.081494
489	4.524169
490	4.616385
491	4.228969
492	4.301232
493	6.296936
494	5.124889
495	5.576424
496	4.761399
497	5.354297
498	4.522409
499	5.043699
500	5.373698
501	5.502684
502	4.798142
503	4.958558
504	4.811830
505	4.473960
506	5.394543
507	4.854285
508	4.968765
509	6.205499
510	4.551604
511	5.365778
512	5.369888
513	4.690179
514	4.761312
515	5.995606
516	6.077746
517	4.484695
518	5.613362
519	5.299148
520	3.955375
521	4.026858
522	4.609344
523	5.135677
524	4.331127
525	4.364698
526	5.524682
527	5.194563
528	7.108454
529	5.441324
530	5.659135
531	6.537788
532	5.232833
533	4.472782
534	6.069684
535	4.910346
536	4.677917
537	4.320094
538	4.913220
539	5.047044
540	4.621202
541	3.611098
542	3.303105
543	3.109291
544	4.338779
545	4.496954
546	3.670109
547	4.368134
548	4.438851
549	4.583985
550	6.097752
551	5.028250
552	5.262196
553	5.123447
554	4.390456
555	4.702799
556	5.604009
557	5.517246
558	4.454154
559	4.854472
560	4.527295
561	5.643456
562	5.033727
563	4.277362
564	5.686001
565	6.789824
566	6.157638
567	6.304745
568	5.582516
569	4.283761
570	5.675960
571	4.086689
572	5.533556
573	5.096144
574	5.341853
575	5.147048
576	4.879968
577	5.222548
578	4.608972
579	5.117589
580	3.947288
581	5.579300
582	4.684103
583	5.351261
584	4.395884
585	5.484795
586	5.717659
587	5.115829
588	5.282443
589	6.029420
590	5.539506
591	5.049456
592	4.725600
593	4.065096
594	5.692362
595	4.616115
596	5.054825
597	4.549530
598	4.168012
599	5.425497
600	4.459460
601	4.026688
602	3.828891
603	4.452979
604	4.012009
605	4.259637
606	4.294069
607	4.327833
608	4.687278
609	5.435909
610	4.965329
611	4.044808
612	5.309664
613	4.208622
614	4.858818
615	5.860245
616	3.950407
617	4.864554
618	3.969634
619	5.017288
620	3.967041
621	5.646767
622	5.257535
623	4.903357
624	5.930834
625	4.393415
626	5.072454
627	5.489363
628	4.430228
629	3.207290
630	3.639078
631	4.340462
632	4.655289
633	5.962720
634	5.405490
635	4.567908
636	4.102107
637	4.310012
638	4.610739
639	3.995607
640	4.923232
641	5.332974
642	5.874583
643	4.023345
644	4.808201
645	2.722148
646	4.537347
647	5.323778
648	4.899907
649	4.084519
650	5.175645
651	5.223736
652	4.612658
653	5.743153
654	5.074427
655	4.306889
656	5.100943
657	4.805558
658	3.973612
659	5.179353
660	4.868965
661	4.367735
662	5.347157
663	4.250270
664	4.043625
665	3.707898
666	4.823891
667	4.993947
668	5.491393
669	3.448668
670	4.524223
671	4.443795
672	4.847153
673	5.559553
674	5.077508
675	3.702663
676	4.868738
677	3.973236
678	5.056531
679	4.718156
680	3.755353
681	5.101431
682	3.953200
683	3.962676
684	4.585903
685	4.597490
686	4.940802
687	4.762466
688	4.736182
689	4.105860
690	4.484877
691	5.148916
692	5.631824
693	5.338586
694	4.260107
695	4.122063
696	4.891768
697	4.976282
698	4.060359
699	4.885989
700	4.199787
701	5.471775
702	5.553277
703	5.380408
704	4.576517
705	3.339371
706	4.527837
707	4.538203
708	5.726753
709	4.322258
710	5.793737
711	4.839928
712	4.662112
713	3.788878
714	4.231440
715	5.001809
716	5.008821
717	5.069063
718	4.149361
719	3.736967
720	4.318217
721	4.472965
722	3.630908
723	4.306241
724	4.212185
725	4.852266
726	4.367287
727	3.745315
728	4.323540
729	4.977117
730	5.678238
731	4.227645
732	4.633812
733	5.079312
734	4.194912
735	4.312075
736	5.756248
737	3.848427
738	4.222443
739	5.929755
740	4.522498
741	4.434973
742	4.427032
743	4.656834
744	4.582411
745	4.268058
746	4.958285
747	5.404267
748	4.503397
749	4.862315
750	5.641185
751	3.618688
752	4.857870
753	3.511725
754	4.694905
755	4.227587
756	5.824025
757	5.220621
758	5.337960
759	4.040530
760	4.698191
761	3.985437
762	5.145587
763	3.870115
764	4.168861
765	4.779977
766	4.923924
767	4.595488
768	4.142091
769	4.453876
770	4.552309
771	4.863497
772	4.373433
773	3.512237
774	3.774574
775	4.272763
776	4.084350
777	4.963478
778	4.333198
779	3.755435
780	3.774786
781	4.733415
782	4.967988
783	5.369674
784	4.593681
785	3.556304
786	4.586643
787	4.673641
788	4.359920
789	4.994769
790	4.086688
791	5.046196
792	5.458249
793	5.145436
794	4.377855
795	3.947301
796	3.964607
797	4.659334
798	5.377786
799	4.286315
800	4.134307
801	4.975167
802	4.067012
803	5.073389
804	5.626978
805	4.673041
806	3.995561
807	5.362220
808	4.857305
809	3.954441
810	4.025543
811	5.531339
812	4.874198
813	5.884302
814	5.274871
815	4.094753
816	3.931654
817	5.149019
818	4.497845
819	4.319674
820	5.251715
821	5.481387
822	5.243634
823	4.099162
824	5.635068
825	4.159939
826	4.200202
827	4.340817
828	5.060494
829	4.951959
830	4.060405
831	4.163866
832	3.853233
833	3.935644
834	5.050077
835	4.320812
836	4.611734
837	4.330496
838	4.112358
839	4.394554
840	4.684838
841	5.374700
842	5.025186
843	5.009756
844	4.404579
845	5.498455
846	3.610996
847	5.888175
848	4.340152
849	2.262081
850	4.616148
851	3.376880
852	5.349589
853	6.256367
854	5.299463
855	5.038354
856	5.745018
857	5.818877
858	5.370919
859	4.075610
860	4.919072
861	4.889806
862	3.931220
863	4.579662
864	3.993206
865	4.974825
866	3.799065
867	4.851248
868	4.809665
869	4.511241
870	5.892664
871	5.162693
872	4.291072
873	5.584273
874	5.560153
875	4.978645
876	5.033051
877	5.431123
878	5.058835
879	4.243654
880	3.476969
881	4.737341
882	4.527009
883	4.574997
884	4.349209
885	5.298083
886	5.036316
887	4.362499
888	4.638049
889	4.292425
890	5.169320
891	4.794790
892	4.538845
893	5.001389
894	5.571525
895	4.544027
896	4.122961
897	4.677745
898	4.939847
899	4.251316
900	3.057793
901	4.184005
902	3.708640
903	4.752789
904	4.390570
905	4.078554
906	4.389280
907	4.653869
908	4.244220
909	5.560046
910	4.765902
911	5.348358
912	4.803517
913	5.455712
914	4.124766
915	5.343690
916	5.261187
917	3.802418
918	4.808168
919	4.754796
920	4.773196
921	4.587158
922	4.551097
923	4.067900
924	5.068925
925	5.393385
926	4.932637
927	4.909266
928	5.096547
929	3.857693
930	5.109960
931	5.534735
932	4.908910
933	4.230663
934	4.769653
935	4.413319
936	4.101292
937	4.111862
938	4.669197
939	4.308434
940	4.706806
941	4.440508
942	3.804762
943	5.560410
944	4.551672
945	5.180021
946	6.016253
947	5.449156
948	4.549838
949	6.125240
950	5.355324
951	4.981675
952	4.709414
953	5.819434
954	3.593409
955	5.667004
956	4.704858
957	5.524030
958	5.107300
959	5.875075
960	5.290380
961	4.018081
962	5.317913
963	5.017946
964	3.814394
965	4.763644
966	4.789051
967	5.682834
968	5.335029
969	5.464999
970	4.215233
971	5.076781
972	4.185699
973	5.127512
974	5.831329
975	4.700395
976	4.790763
977	3.994621
978	4.244809
979	5.492833
980	4.616061
981	5.637288
982	4.673639
983	5.070017
984	4.106266
985	5.759288
986	5.435855
987	5.284033
988	4.017388
989	5.235629
990	5.103833
991	4.872576
992	4.795562
993	5.365163
994	4.672356
995	4.798698
996	4.321784
997	3.718468
998	4.147554
999	4.469295
1000	4.281704
1001	3.940290
1002	4.035877
1003	4.663991
1004	3.487347
1005	4.590436
1006	5.265547
1007	4.056858
1008	5.238561
1009	5.622533
1010	3.732746
1011	4.033585
1012	4.316782
1013	3.607227
1014	4.078957
1015	4.557041
1016	5.089660
1017	4.447673
1018	4.365891
1019	5.187571
1020	3.656051
1021	5.412015
1022	5.170041
1023	4.231795
1024	4.088778
1025	5.064111
1026	4.924193
1027	4.839233
1028	5.072250
1029	5.032246
1030	4.328641
1031	3.848038
1032	5.434683
1033	4.502321
1034	5.325611
1035	4.985550
1036	6.053711
1037	4.720530
1038	5.115172
1039	4.111800
1040	4.978404
1041	5.556697
1042	4.265924
1043	4.939395
1044	4.847813
1045	4.077169
1046	4.631512
1047	4.876075
1048	4.944595
1049	4.906831
1050	4.225566
1051	4.930619
1052	3.955492
1053	3.616738
1054	4.112192
1055	4.125168
1056	3.574310
1057	5.219791
1058	3.607522
1059	4.631640
1060	4.676816
1061	5.181254
1062	5.069223
1063	5.971181
1064	4.417896
1065	5.223547
1066	5.801404
1067	5.086502
1068	4.551848
1069	5.067210
1070	4.430014
1071	4.446989
1072	5.140610
1073	4.821494
1074	5.195812
1075	4.835210
1076	5.266546
1077	4.767904
1078	4.174314
1079	5.183921
1080	4.691961
1081	4.353345
1082	3.930447
1083	3.972277
1084	4.837003
1085	4.263964
1086	4.903122
1087	5.401880
1088	4.672998
1089	4.742632
1090	4.383469
1091	4.489386
1092	3.397424
1093	5.002260
1094	4.483906
1095	5.048256
1096	5.150154
1097	4.484336
1098	5.722569
1099	4.347977
1100	5.498119
1101	5.501575
1102	4.922950
1103	5.024837
1104	4.806084
1105	4.195845
1106	4.850783
1107	5.093822
1108	5.843859
1109	4.620575
1110	4.981757
1111	4.957830
1112	4.725983
1113	3.627367
1114	5.579120
1115	4.056970
1116	5.015109
1117	5.034681
1118	6.243790
1119	5.864992
1120	3.955070
1121	5.271861
1122	4.510310
1123	5.447450
1124	5.051239
1125	4.807579
1126	4.264867
1127	3.820838
1128	5.810972
1129	6.663278
1130	5.267274
1131	4.376917
1132	3.802562
1133	4.245813
1134	6.104412
1135	5.168036
1136	4.522101
1137	4.360801
1138	4.889928
1139	6.060608
1140	4.818447
1141	4.557918
1142	5.081181
1143	4.212434
1144	6.189034
1145	5.579936
1146	5.188310
1147	5.341106
1148	4.393334
1149	4.450865
1150	4.432763
1151	4.513236
1152	5.764289
1153	4.561998
1154	4.516491
1155	4.960704
1156	4.051936
1157	4.382567
1158	4.851772
1159	4.657046
1160	3.784667
1161	5.725678
1162	3.610028
1163	4.860268
1164	5.602331
1165	5.513865
1166	4.556084
1167	5.188304
1168	3.954481
1169	6.024109
1170	5.123778
1171	3.732388
1172	5.087759
1173	4.710134
1174	5.649408
1175	4.643833
1176	4.612394
1177	4.669948
1178	4.707388
1179	4.095436
1180	5.599340
1181	6.058287
1182	5.406322
1183	5.754103
1184	6.153786
1185	5.615534
1186	4.178303
1187	4.583328
1188	4.045007
1189	4.653656
1190	5.924357
1191	4.744145
1192	5.409369
1193	3.923697
1194	4.018831
1195	4.400487
1196	4.284777
1197	5.733595
1198	5.422749
1199	3.921060
1200	4.014486
1201	4.045913
1202	4.173994
1203	5.222578
1204	5.193889
1205	4.778069
1206	4.641647
1207	4.429412
1208	3.831215
1209	5.277626
1210	4.786660
1211	5.166334
1212	4.324051
1213	4.895098
1214	4.824116
1215	3.382014
1216	6.028969
1217	4.807640
1218	4.745870
1219	4.924113
1220	4.668043
1221	3.949253
1222	4.601837
1223	5.313312
1224	4.764903
1225	5.441636
1226	4.326594
1227	4.840052
1228	4.657403
1229	5.119891
1230	4.405382
1231	3.475786
1232	4.306982
1233	4.701922
1234	4.979447
1235	4.494017
1236	3.992006
1237	4.648880
1238	4.689670
1239	5.079743
1240	5.373211
1241	4.225281
1242	4.291980
1243	5.459139
1244	5.099521
1245	4.071340
1246	4.153801
1247	4.109925
1248	4.156513
1249	4.440471
1250	4.959627
1251	4.218981
1252	5.608604
1253	4.234462
1254	4.982158
1255	5.836173
1256	4.643532
1257	4.510488
1258	5.664154
1259	4.101915
1260	5.064707
1261	4.680633
1262	4.264692
1263	5.022839
1264	4.789038
1265	4.945432
1266	5.343791
1267	5.303310
1268	4.574277
1269	4.215034
1270	4.937700
1271	4.295331
1272	3.764837
1273	5.328987
1274	4.132774
1275	5.822425
1276	5.540847
1277	6.080175
1278	5.647037
1279	3.931131
1280	4.826323
1281	4.280854
1282	4.895266
1283	5.418602
1284	5.255166
1285	5.038621
1286	5.536765
1287	4.850356
1288	4.746506
1289	4.750010
1290	4.331028
1291	5.532817
1292	5.484722
1293	4.132094
1294	4.202511
1295	4.972898
1296	5.671455
1297	4.790088
1298	4.982778
1299	3.599041
1300	5.948721
1301	5.395663
1302	4.713451
1303	5.140611
1304	4.951403
1305	5.460118
1306	4.962800
1307	5.176031
1308	4.858449
1309	4.420925
1310	5.802162
1311	4.974356
1312	4.419919
1313	5.661273
1314	3.458020
1315	4.223576
1316	5.293224
1317	4.197764
1318	5.540696
1319	3.954362
1320	4.732590
1321	4.851826
1322	4.604879
1323	5.045206
1324	5.551991
1325	5.794654
1326	5.417389
1327	5.228405
1328	4.243231
1329	4.649139
1330	4.567931
1331	5.616502
1332	3.792900
1333	4.265994
1334	4.343387
1335	4.824698
1336	5.217357
1337	4.907903
1338	4.631835
1339	4.861449
1340	4.180621
1341	5.677062
1342	4.762237
1343	3.898128
1344	5.682755
1345	4.237099
1346	4.630249
1347	4.482689
1348	4.805091
1349	4.417023
1350	3.974922
1351	5.500238
1352	4.714669
1353	4.422217
1354	5.662482
1355	5.330909
1356	4.478817
1357	6.062458
1358	5.384357
1359	4.588625
1360	5.453294
1361	5.464194
1362	5.618416
1363	4.748767
1364	4.844192
1365	5.853386
1366	5.355238
1367	5.086552
1368	5.577149
1369	4.758488
1370	4.336138
1371	4.403567
1372	4.954846
1373	4.956348
1374	4.574088
1375	5.218986
1376	4.734490
1377	4.464048
1378	5.141420
1379	4.855246
1380	5.053186
1381	4.695030
1382	5.583950
1383	5.097314
1384	4.641044
1385	5.507704
1386	4.188184
1387	5.149261
1388	5.757334
1389	3.865023
1390	4.914509
1391	4.403463
1392	5.491622
1393	4.763998
1394	4.672540
1395	4.393867
1396	5.372185
1397	5.460550
1398	4.534846
1399	4.877756
1400	3.933306
1401	4.241127
1402	4.549386
1403	4.194293
1404	3.766510
1405	4.399161
1406	4.479332
1407	4.938186
1408	4.664934
1409	4.768646
1410	4.801080
1411	5.201252
1412	5.404306
1413	4.422510
1414	5.047472
1415	4.461907
1416	4.690852
1417	5.596901
1418	4.741162
1419	5.575893
1420	5.479873
1421	5.160485
1422	4.862055
1423	5.469698
1424	5.323576
1425	5.029447
1426	5.136107
1427	3.703861
1428	4.178566
1429	5.400599
1430	5.376413
1431	4.401613
1432	5.433904
1433	3.923421
1434	4.675830
1435	4.428927
1436	4.049925
1437	4.298537
1438	4.361753
1439	5.022748
1440	4.302580
1441	4.055357
1442	5.238028
1443	5.370194
1444	4.695592
1445	5.599715
1446	4.921932
1447	5.178243
1448	5.497068
1449	4.988476
1450	4.908331
1451	4.162320
1452	5.302907
1453	3.978353
1454	4.459769
1455	5.176585
1456	4.705679
1457	4.430485
1458	5.642573
1459	4.952856
1460	5.416843
1461	5.491313
1462	5.676634
1463	4.585574
1464	4.504730
1465	4.123861
1466	4.294250
1467	6.123797
1468	5.269355
1469	5.264469
1470	4.147636
1471	4.362798
1472	5.364896
1473	3.400678
1474	4.781986
1475	5.735600
1476	5.359056
1477	5.260951
1478	4.592452
1479	4.743722
1480	4.612038
1481	5.383029
1482	6.642055
1483	4.402908
1484	6.414401
1485	5.198951
1486	5.823727
1487	4.766825
1488	4.989168
1489	4.899735
1490	5.248170
1491	4.611737
1492	4.106130
1493	4.367792
1494	4.605922
1495	4.161503
1496	5.337668
1497	4.292367
1498	5.251455
1499	4.703594
1500	5.624250
1501	4.393302
1502	4.253103
1503	5.375630
1504	4.561898
1505	6.081873
1506	5.163070
1507	4.470500
1508	3.888574
1509	5.524584
1510	4.652172
1511	5.082969
1512	4.428926
1513	4.173369
1514	4.084238
1515	5.587996
1516	5.127272
1517	4.989891
1518	4.037064
1519	4.782719
1520	4.696318
1521	4.450955
1522	4.778198
1523	5.314289
1524	4.412572
1525	4.063571
1526	5.552957
1527	4.345620
1528	4.491705
1529	4.341346
1530	3.584425
1531	4.904997
1532	6.420679
1533	5.093262
1534	4.896285
1535	5.472386
1536	4.425405
1537	5.071113
1538	5.149778
1539	5.372349
1540	6.545165
1541	5.012873
1542	4.444483
1543	4.551329
1544	4.511419
1545	4.886081
1546	4.393952
1547	4.215981
1548	5.579051
1549	4.948999
1550	5.826952
1551	3.995060
1552	5.819590
1553	3.906842
1554	5.023791
1555	6.909611
1556	4.996439
1557	5.657297
1558	4.219608
1559	7.120717
1560	3.991038
1561	5.122792
1562	4.499621
1563	5.317556
1564	4.927453
1565	4.002110
1566	5.170272
1567	4.742531
1568	5.407125
1569	4.489645
1570	5.437805
1571	7.133788
1572	5.508322
1573	6.387996
1574	4.233673
1575	5.268529
1576	5.720536
