0	2.824768
1	2.986201
2	2.483446
3	2.877968
4	2.898447
5	3.153853
6	2.312249
7	2.333626
8	2.769496
9	2.859109
10	2.584765
11	3.028563
12	2.959681
13	2.478082
14	2.692916
15	2.029065
16	2.605248
17	2.149187
18	1.851080
19	2.018269
20	2.751816
21	3.194073
22	3.129374
23	1.912718
24	1.885682
25	2.972894
26	2.667509
27	1.802969
28	2.961299
29	2.733443
30	2.505536
31	2.355544
32	2.253243
33	2.694696
34	2.461379
35	2.864788
36	1.898790
37	2.482195
38	2.649283
39	2.572821
40	1.855212
41	2.476307
42	2.630476
43	1.981363
44	2.789840
45	2.635318
46	1.796136
47	2.315816
48	2.627812
49	2.377689
50	2.918871
51	2.657555
52	2.500341
53	2.934436
54	2.407532
55	3.317079
56	2.308788
57	2.835011
58	2.745651
59	3.256471
60	2.518532
61	2.969126
62	2.195495
63	1.816400
64	3.024235
65	1.759857
66	2.888270
67	2.970824
68	3.049427
69	2.174994
70	2.603422
71	1.992838
72	3.102838
73	2.488554
74	1.986178
75	3.190250
76	3.244534
77	2.830477
78	2.887386
79	3.157927
80	2.602633
81	2.663100
82	2.934927
83	2.567509
84	3.081477
85	2.417498
86	2.919675
87	2.681883
88	1.855074
89	2.096140
90	2.902567
91	2.803393
92	2.645827
93	2.581569
94	2.742881
95	2.445731
96	1.933520
97	2.026352
98	3.231934
99	3.116441
100	3.171972
101	1.817522
102	2.200840
103	2.657273
104	2.808771
105	2.199454
106	2.990484
107	2.649227
108	3.069918
109	2.316593
110	2.209660
111	2.819412
112	3.182248
113	2.655900
114	2.987224
115	1.896682
116	2.639127
117	3.059475
118	2.410103
119	2.897604
120	2.276948
121	2.409171
122	2.424747
123	3.346851
124	2.781564
125	3.005030
126	2.900172
127	1.904363
128	3.056092
129	3.135011
130	2.545073
131	1.878137
132	3.003681
133	3.315328
134	3.374745
135	2.828108
136	3.367329
137	2.968651
138	2.860700
139	3.398881
140	2.962313
141	2.514756
142	2.781079
143	2.865310
144	2.697591
145	2.367677
146	2.502918
147	2.591699
148	2.912197
149	1.727599
150	2.986603
151	2.922772
152	2.718933
153	2.293752
154	2.906493
155	3.274707
156	2.574277
157	2.775753
158	3.059837
159	3.128482
160	2.792436
161	2.645545
162	2.573442
163	2.879479
164	2.468077
165	2.872596
166	2.746580
167	2.375142
168	2.939625
169	2.714296
170	2.959188
171	3.323989
172	2.112179
173	3.063511
174	3.129680
175	2.923252
176	2.456115
177	2.073186
178	2.826022
179	1.989094
180	2.887923
181	3.328708
182	2.731592
183	2.848526
184	2.693511
185	2.679720
186	3.180487
187	2.627813
188	2.710442
189	3.115670
190	3.016820
191	2.736073
192	2.534285
193	2.301240
194	2.221126
195	1.754822
196	2.712784
197	2.798606
198	3.512676
199	2.050878
200	2.301088
201	3.366024
202	2.930356
203	2.888618
204	2.182406
205	2.860525
206	2.334393
207	1.997650
208	2.659136
209	2.533101
210	1.881303
211	2.098857
212	2.323120
213	2.795961
214	2.816187
215	3.013070
216	2.557282
217	2.776149
218	2.510238
219	3.114449
220	3.096320
221	2.598480
222	2.517241
223	3.243611
224	2.916522
225	1.977119
226	2.017870
227	2.059078
228	2.860910
229	2.713669
230	2.611723
231	2.978659
232	2.358263
233	3.011130
234	2.892939
235	2.216867
236	2.770001
237	2.411659
238	2.694699
239	2.854856
240	3.087620
241	2.777661
242	2.666497
243	3.129632
244	2.865032
245	3.259418
246	2.225915
247	2.856117
248	2.916658
249	2.962871
250	2.765248
251	2.101001
252	2.583524
253	2.883506
254	2.973213
255	2.347723
256	3.422366
257	2.488897
258	3.133719
259	2.749288
260	2.557733
261	3.292225
262	2.930887
263	2.462317
264	3.061808
265	2.432218
266	2.812927
267	2.949255
268	2.588532
269	3.414168
270	2.745487
271	2.907782
272	2.707328
273	2.879668
274	2.671572
275	2.442560
276	2.656330
277	2.767054
278	1.914654
279	2.514699
280	3.139762
281	2.736312
282	2.543599
283	2.928911
284	1.970862
285	3.255290
286	2.618322
287	2.067510
288	2.657858
289	2.881023
290	2.802375
291	2.651961
292	3.117387
293	2.793529
294	2.368969
295	2.650053
296	2.000347
297	2.387403
298	2.632128
299	2.887734
300	2.789911
301	2.768646
302	2.740620
303	2.020545
304	2.773536
305	2.413628
306	2.938656
307	2.618720
308	3.823677
309	2.949679
310	3.042581
311	3.281676
312	2.209434
313	3.287963
314	3.357871
315	3.013387
316	3.515638
317	2.974474
318	2.695830
319	2.658514
320	2.459125
321	2.449389
322	1.862928
323	2.497159
324	2.648565
325	3.085465
326	3.189891
327	2.967928
328	2.624710
329	2.741038
330	3.024979
331	3.330360
332	3.269999
333	3.062940
334	3.110852
335	2.749746
336	3.233048
337	2.822499
338	2.532154
339	2.613657
340	2.990318
341	3.523264
342	2.787920
343	2.900534
344	3.027904
345	2.608258
346	2.225870
347	3.394833
348	2.830496
349	2.427014
350	3.262882
351	2.134034
352	3.468630
353	1.996196
354	2.734264
355	2.922601
356	2.528913
357	3.159842
358	2.652734
359	2.771480
360	2.341729
361	2.931808
362	2.595766
363	2.927354
364	3.174980
365	2.976342
366	2.772454
367	2.320582
368	1.930102
369	2.486162
370	2.833373
371	2.473720
372	2.932526
373	2.534266
374	2.812561
375	1.732797
376	3.123505
377	3.704459
378	3.879596
379	3.073028
380	2.236570
381	2.692805
382	2.554095
383	2.742436
384	2.542637
385	2.714774
386	2.975248
387	3.026649
388	2.429753
389	3.135362
390	2.813557
391	2.913435
392	2.148348
393	2.577517
394	2.527331
395	2.923662
396	2.464914
397	2.994846
398	3.281311
399	2.656803
400	2.690521
401	2.714516
402	3.240957
403	1.943733
404	2.968685
405	2.672267
406	2.768971
407	2.775916
408	3.031715
409	2.198568
410	2.794623
411	2.890138
412	2.473804
413	2.612450
414	3.026153
415	2.192851
416	1.867136
417	2.064606
418	3.092862
419	2.784009
420	2.683095
421	2.738704
422	2.372214
423	2.620477
424	3.087086
425	2.574801
426	2.689982
427	2.522478
428	2.838750
429	2.574976
430	2.616812
431	2.844029
432	3.052965
433	2.162739
434	3.086509
435	2.594379
436	2.561131
437	2.689481
438	2.760688
439	1.833166
440	2.836654
441	2.050388
442	2.930034
443	1.852646
444	2.958057
445	3.267622
446	2.113908
447	2.185062
448	2.010895
449	1.892565
450	2.398041
451	2.095542
452	3.032012
453	2.591177
454	2.563688
455	3.218961
456	3.108086
457	2.785930
458	2.836423
459	2.234839
460	1.867169
461	1.977421
462	2.840299
463	3.151604
464	2.791416
465	2.874578
466	3.057190
467	2.181949
468	1.782948
469	2.009179
470	3.078846
471	3.044394
472	2.899034
473	2.995530
474	3.125556
475	2.580563
476	1.942190
477	2.947898
478	2.614383
479	3.009868
480	2.896135
481	2.183071
482	2.892938
483	2.827313
484	2.947015
485	2.589382
486	3.445881
487	3.426164
488	1.938711
489	2.617518
490	2.719062
491	2.776797
492	2.939082
493	2.952456
494	2.748255
495	1.896471
496	2.655221
497	2.893407
498	2.909382
499	3.544588
500	2.823349
501	2.800893
502	3.079448
503	2.783200
504	2.612834
505	2.818119
506	2.808025
507	3.152602
508	2.881284
509	2.965839
510	2.666496
511	1.903181
512	2.633116
513	2.884615
514	2.904704
515	2.054580
516	2.557264
517	3.043938
518	3.149047
519	2.526539
520	3.124996
521	2.608850
522	3.087750
523	2.700393
524	3.159446
525	2.942546
526	3.327822
527	2.234297
528	2.818087
529	2.899466
530	1.811463
531	2.784853
532	2.981958
533	2.004146
534	3.015427
535	3.210187
536	2.644901
537	2.564876
538	2.829911
539	2.992474
540	3.055323
541	3.262468
542	2.332401
543	2.530020
544	2.772471
545	2.756610
546	2.920498
547	2.346507
548	2.117995
549	2.544071
550	2.099643
551	3.170678
552	2.706769
553	2.536552
554	2.696182
555	2.416796
556	2.856606
557	2.496358
558	1.868769
559	2.264222
560	2.938197
561	2.688754
562	2.859703
563	2.401043
564	2.651509
565	2.865274
566	2.517161
567	2.724812
568	2.982449
569	2.740694
570	3.011245
571	2.773103
572	2.607240
573	2.699815
574	2.506192
575	2.603863
576	2.882879
577	2.480182
578	3.179214
579	3.164095
580	2.830265
581	2.726904
582	2.870593
583	2.193697
584	2.427694
585	1.761137
586	3.127825
587	3.105624
588	2.207375
589	2.801232
590	3.087913
591	2.894996
592	2.966396
593	2.803659
594	2.240290
595	2.741497
596	2.532075
597	2.962196
598	2.898172
599	2.961941
600	2.892008
601	2.444360
602	2.048855
603	2.904151
604	3.049804
605	2.568792
606	2.899672
607	2.487691
608	2.323617
609	2.899569
610	3.325102
611	2.331931
612	2.786880
613	2.322799
614	2.825509
615	2.623661
616	2.577092
617	2.796855
618	2.773445
619	2.010498
620	2.659718
621	2.676901
622	2.172419
623	3.423289
624	2.599807
625	2.946015
626	2.644351
627	3.232244
628	2.894323
629	2.862499
630	2.204767
631	2.882170
632	2.598193
633	3.392992
634	2.426480
635	2.246353
636	2.958801
637	2.116295
638	1.975879
639	1.914183
640	3.153633
641	1.883109
642	2.308507
643	2.278091
644	2.823013
645	2.990384
646	2.493773
647	3.082433
648	3.074507
649	3.113534
650	3.167933
651	2.599251
652	2.834274
653	2.746998
654	2.928276
655	3.104208
656	2.112015
657	2.392863
658	2.929403
659	1.955787
660	2.808790
661	2.670001
662	2.674584
663	2.663475
664	2.948253
665	2.860746
666	2.161574
667	2.976861
668	2.895687
669	2.688754
670	3.515988
671	3.116634
672	2.833284
673	2.820409
674	2.025562
675	2.732965
676	1.970254
677	2.564158
678	2.732049
679	2.969074
680	2.134713
681	2.523073
682	1.818049
683	2.693027
684	2.955554
685	2.672116
686	2.490482
687	2.800018
688	2.220112
689	2.773193
690	2.883210
691	3.082742
692	2.903141
693	2.722407
694	2.903275
695	2.137404
696	2.793958
697	2.159190
698	2.261547
699	2.366305
700	2.769458
701	3.178301
702	3.009534
703	2.686299
704	3.327913
705	2.695385
706	2.817748
707	1.798444
708	3.236619
709	2.616486
710	3.176429
711	3.064997
712	2.951288
713	2.602384
714	3.166070
715	2.543010
716	2.569610
717	3.415918
718	2.920789
719	2.028620
720	3.066513
721	2.898034
722	2.558906
723	2.850443
724	2.947439
725	2.401062
726	2.922516
727	2.759765
728	2.535626
729	3.077938
730	3.042992
731	2.703443
732	2.566340
733	2.588397
734	2.960384
735	2.237021
736	2.578700
737	2.658006
738	2.509979
739	1.848513
740	2.248155
741	2.890778
742	2.792239
743	2.639849
744	2.713282
745	2.531343
746	2.667845
747	2.808331
748	2.906160
749	2.630018
750	2.672658
751	1.903050
752	2.779420
753	2.841446
754	2.859983
755	2.663437
756	2.933292
757	2.611456
758	3.069511
759	2.750001
760	2.510717
761	2.533989
762	2.894304
763	2.931465
764	3.024042
765	2.197271
766	2.679426
767	2.858128
768	2.454181
769	2.446504
770	2.651860
771	1.981723
772	2.261350
773	2.259253
774	2.796445
775	3.233604
776	2.797356
777	2.403457
778	2.733294
779	2.698981
780	3.529674
781	2.363345
782	2.590019
783	2.721047
784	3.105737
785	3.143295
786	3.164300
787	2.494794
788	2.898775
789	1.902025
790	3.015394
791	2.871062
792	3.153078
793	2.542380
794	3.144980
795	2.118348
796	2.261548
797	3.106848
798	2.571167
799	2.844749
800	1.957404
801	2.896239
802	1.834503
803	2.765845
804	2.677331
805	2.653639
806	2.532358
807	2.771308
808	2.738357
809	2.361101
810	2.828109
811	2.728773
812	2.318297
813	2.677816
814	2.901965
815	3.052228
816	2.192168
817	2.857026
818	3.075532
819	2.820372
820	2.616943
821	2.764833
822	2.316851
823	2.918133
824	2.457092
825	3.161866
826	2.778939
827	2.681455
828	2.960642
829	1.862391
830	2.689684
831	2.457560
832	2.593068
833	2.930000
834	2.995797
835	3.006526
836	1.951205
837	2.974868
838	2.914858
839	2.511991
840	3.121506
841	2.708081
842	2.288973
843	2.760434
844	2.509621
845	2.951898
846	2.780594
847	2.842622
848	2.702832
849	2.853472
850	3.003123
851	2.578022
852	2.699871
853	2.700996
854	2.751650
855	2.872961
856	2.370937
857	2.687340
858	2.698462
859	2.990518
860	2.625643
861	2.820833
862	2.181238
863	2.551980
864	1.889815
865	2.677424
866	2.362055
867	2.445750
868	1.996122
869	2.476348
870	2.799108
871	2.632926
872	2.692582
873	3.185687
874	2.442560
875	3.044651
876	2.748691
877	2.641231
878	2.444525
879	2.828162
880	1.859838
881	2.996014
882	3.155710
883	2.606223
884	3.208037
885	2.583352
886	2.014101
887	2.430082
888	1.871390
889	2.677797
890	1.971928
891	3.091439
892	2.656576
893	2.833550
894	2.778434
895	2.755521
896	2.518115
897	1.930441
898	2.915305
899	3.474867
900	2.553547
901	2.839313
902	2.112083
903	2.644939
904	2.473237
905	2.681139
906	2.680691
907	2.407343
908	3.155108
909	2.839755
910	3.291890
911	3.131677
912	3.285483
913	1.844153
914	2.401187
915	2.484854
916	2.011318
917	2.322061
918	2.939966
919	1.875793
920	2.990216
921	1.815296
922	2.695590
923	2.729359
924	2.664076
925	2.847788
926	2.479959
927	3.132826
928	1.915515
929	2.391716
930	3.396439
931	2.759415
932	2.821113
933	2.951258
934	2.312683
935	2.848123
936	2.123205
937	3.117195
938	2.777374
939	3.001267
940	2.312985
941	2.840176
942	2.810528
943	2.686462
944	2.889186
945	2.390523
946	1.841250
947	2.958158
948	2.873221
949	1.755990
950	2.777804
951	2.673463
952	2.949475
953	2.367171
954	2.510797
955	2.437130
956	3.350597
957	3.114706
958	2.912473
959	2.754815
960	2.253931
961	3.364729
962	2.610461
963	2.647829
964	2.716228
965	2.597633
966	2.265259
967	2.899741
968	3.409824
969	2.820216
970	2.847982
971	2.899207
972	2.962492
973	2.780382
974	2.993597
975	3.054629
976	3.022233
977	2.815759
978	2.573053
979	2.585846
980	2.710093
981	3.302256
982	2.707083
983	2.857184
984	3.268838
985	2.728699
986	3.134278
987	2.955351
988	2.826907
989	2.693195
990	2.794352
991	3.093687
992	2.612738
993	2.708228
994	2.510020
995	1.940876
996	1.975196
997	2.102832
998	2.007462
999	2.647753
1000	2.759185
1001	2.989665
1002	2.849385
1003	2.578080
1004	2.847209
1005	2.986854
1006	2.723270
1007	2.822393
1008	3.111752
1009	2.806796
1010	3.036263
1011	2.784007
1012	2.783540
1013	2.265501
1014	2.883904
1015	2.604362
1016	2.621412
1017	3.374018
1018	2.992007
1019	3.045553
1020	2.174167
1021	2.698482
1022	1.982044
1023	2.378340
1024	2.462743
1025	3.290687
1026	2.433486
1027	3.078507
1028	2.460468
1029	2.423346
1030	2.832348
1031	2.579941
1032	2.856397
1033	2.891937
1034	1.897499
1035	2.752563
1036	2.877949
1037	2.680672
1038	2.461320
1039	3.244519
1040	2.878628
1041	2.467347
1042	3.291748
1043	2.984510
1044	2.653376
1045	2.333152
1046	2.832207
1047	2.593799
1048	2.956553
1049	2.300805
1050	2.936171
1051	2.423345
1052	2.659042
1053	2.601019
1054	2.744832
1055	2.549256
1056	2.761414
1057	2.579167
1058	2.181400
1059	3.164382
1060	2.906509
1061	3.202701
1062	2.451243
1063	2.870922
1064	2.751691
1065	2.914533
1066	2.751381
1067	2.786215
1068	3.113037
1069	2.692323
1070	2.486564
1071	3.120048
1072	2.093178
1073	2.687359
1074	2.609483
1075	2.747672
1076	2.729506
1077	2.643238
1078	2.533811
1079	2.609847
1080	2.696868
1081	2.419855
1082	2.243703
1083	2.759892
1084	2.883071
1085	2.226859
1086	2.760489
1087	2.388178
1088	2.852473
1089	2.973365
1090	3.004696
1091	2.640209
1092	2.934774
1093	2.825243
1094	2.555464
1095	2.574335
1096	2.862062
1097	2.732801
1098	3.074947
1099	1.865396
1100	2.588455
1101	3.205464
1102	2.616983
1103	3.069218
1104	3.155789
1105	2.024105
1106	2.704146
1107	2.829082
1108	2.709041
1109	2.380713
1110	2.598943
1111	2.749801
1112	2.355546
1113	3.249692
1114	2.424253
1115	2.132745
1116	3.098742
1117	3.108602
1118	2.945658
1119	2.164948
1120	3.100741
1121	3.165390
1122	2.014820
1123	2.631844
1124	2.640964
1125	2.206785
1126	2.486725
1127	2.858443
1128	2.645770
1129	2.306057
1130	3.248908
1131	2.242009
1132	2.956078
1133	2.837922
1134	2.606971
1135	2.943161
1136	2.785462
1137	2.885775
1138	2.909742
1139	2.911907
1140	2.756592
1141	3.310818
1142	3.317518
1143	3.156707
1144	2.584351
1145	2.720280
1146	1.994418
1147	2.843905
1148	2.001675
1149	2.853016
1150	2.791451
1151	2.789873
1152	2.090120
1153	3.059052
1154	2.876492
1155	2.942839
1156	2.914395
1157	2.137779
1158	2.485317
1159	2.609464
1160	2.312986
1161	3.083132
1162	2.965485
1163	3.151270
1164	2.558926
1165	2.497344
1166	3.394571
1167	2.522855
1168	3.083505
1169	2.760308
1170	2.593626
1171	3.224236
1172	3.071842
1173	2.741284
1174	2.561879
1175	3.250107
1176	2.716322
1177	2.990285
1178	2.513006
1179	2.712302
1180	2.872298
1181	2.931535
1182	3.084331
1183	3.089642
1184	2.920873
1185	2.157221
1186	2.006913
1187	2.743101
1188	3.109308
1189	2.974442
1190	3.093283
1191	2.662199
1192	3.396750
1193	2.836070
1194	2.220385
1195	2.693640
1196	2.929626
1197	2.329334
1198	2.332917
1199	3.121107
1200	2.807135
1201	2.595382
1202	2.840178
1203	3.010413
1204	2.235822
1205	3.344085
1206	3.243042
1207	2.333194
1208	2.877238
1209	2.143127
1210	2.958145
1211	2.618188
1212	1.953383
1213	2.371434
1214	2.454728
1215	2.756628
1216	2.916522
1217	2.939794
1218	2.619807
1219	2.996550
1220	2.734101
1221	2.219302
1222	2.532529
1223	2.815829
1224	2.726187
1225	2.138622
1226	2.420431
1227	2.934435
1228	2.901502
1229	2.751675
1230	2.793724
1231	2.997283
1232	2.488955
1233	3.027557
1234	2.555329
1235	2.671572
1236	2.871551
1237	2.445730
1238	2.830266
1239	2.095661
1240	1.880746
1241	3.191551
1242	2.973567
1243	2.458883
1244	2.399624
1245	2.870207
1246	3.041744
1247	2.045801
1248	2.512449
1249	2.587083
1250	2.867403
1251	2.452694
1252	2.823189
1253	3.214279
1254	3.027489
1255	2.733936
1256	2.364762
1257	2.328195
1258	3.461185
1259	3.290610
1260	2.910533
1261	2.178510
1262	2.800177
1263	2.637592
1264	3.232432
1265	2.306794
1266	2.573778
1267	3.158118
1268	2.667883
1269	3.116425
1270	3.128529
1271	2.600482
1272	2.933580
1273	2.787291
1274	2.947438
1275	2.687155
1276	2.615762
1277	2.301020
1278	2.601253
1279	3.046853
1280	2.705735
1281	2.503815
1282	2.603594
1283	1.998124
1284	2.726078
1285	2.815759
1286	2.862576
1287	2.807739
1288	2.729212
1289	2.618911
1290	2.477863
1291	3.146095
1292	3.012724
1293	1.897024
1294	2.532410
1295	2.586176
1296	3.027444
1297	3.139252
1298	2.570021
1299	2.580040
1300	2.700981
1301	2.815140
1302	2.586949
1303	2.771125
1304	2.638187
1305	2.670037
1306	3.468842
1307	2.763880
1308	1.946549
1309	2.462620
1310	2.701370
1311	2.860110
1312	2.968130
1313	2.329139
1314	2.671168
1315	2.397768
1316	2.585056
1317	2.926876
1318	3.120065
1319	3.241932
1320	2.764164
1321	3.225600
1322	2.757046
1323	3.236479
1324	2.802661
1325	2.422826
1326	3.751069
1327	3.000332
1328	3.315945
1329	3.223235
1330	2.541222
1331	2.159218
1332	2.868274
1333	2.707434
1334	3.291471
1335	2.687581
1336	2.629499
1337	2.607164
1338	2.917003
1339	3.234598
1340	2.936002
1341	2.943230
1342	2.737772
1343	2.851717
1344	2.576472
1345	2.486544
1346	2.890157
1347	2.856185
1348	2.841284
1349	2.808418
1350	2.998983
1351	3.025939
1352	3.069087
1353	2.404871
1354	3.259509
1355	2.468076
1356	2.903964
1357	2.851139
1358	2.266407
1359	2.725932
1360	1.993938
1361	2.634749
1362	1.886106
1363	3.134500
1364	2.411680
1365	2.555527
1366	2.588167
1367	2.747649
1368	3.302441
1369	2.434821
1370	2.887648
1371	3.004728
1372	2.870642
1373	2.838381
1374	2.901414
1375	3.032162
1376	2.962871
1377	3.277575
1378	2.935317
1379	3.323944
1380	2.832207
1381	2.793866
1382	2.414542
1383	3.397029
1384	1.864132
1385	1.990101
1386	2.810499
1387	2.399333
1388	2.162847
1389	2.816539
1390	3.080355
1391	2.714666
1392	3.009284
1393	2.463028
1394	2.427014
1395	3.299876
1396	2.506072
1397	3.242358
1398	3.135570
1399	1.851432
1400	3.123652
1401	2.544287
1402	3.336677
1403	2.220203
1404	2.461015
1405	2.641479
1406	2.877672
1407	2.767489
1408	2.017349
1409	2.679366
1410	2.878960
1411	2.210656
1412	3.079448
1413	2.589286
1414	3.006940
1415	2.256480
1416	2.958057
1417	2.866491
1418	2.711623
1419	2.625528
1420	2.607738
1421	2.538701
1422	3.068322
1423	2.505534
1424	3.438249
1425	2.842236
1426	3.064893
1427	2.908939
1428	1.897182
1429	2.662316
1430	2.302679
1431	2.999061
1432	2.461179
1433	3.428951
1434	2.237544
1435	2.476570
1436	2.113711
1437	2.120236
1438	2.664807
1439	3.010831
1440	1.868823
1441	2.117309
1442	2.625223
1443	3.105769
1444	2.707970
1445	2.904669
1446	3.334037
1447	3.424061
1448	1.817058
1449	1.844833
1450	2.876630
1451	1.855530
1452	3.045930
1453	2.708286
1454	3.390412
1455	1.984818
1456	2.856658
1457	2.572723
1458	2.480769
1459	2.563823
1460	2.083003
1461	2.992543
1462	1.930183
1463	2.832190
1464	2.536709
1465	3.589363
1466	3.440073
1467	3.005145
1468	2.901465
1469	3.090859
1470	2.999550
1471	3.197843
1472	2.667901
1473	3.079433
1474	2.927202
1475	2.592875
1476	2.809358
1477	2.651886
1478	2.842551
1479	2.743684
1480	2.679794
1481	2.431213
1482	2.197704
1483	2.899137
1484	2.603882
1485	2.746725
1486	2.930683
1487	2.454568
1488	2.559591
1489	3.030281
1490	2.731977
1491	2.805600
1492	2.150744
1493	2.608485
1494	1.822333
1495	2.672863
1496	2.850773
1497	2.757989
1498	2.551351
1499	2.195153
1500	2.792614
1501	2.517969
1502	3.136333
1503	2.882166
1504	2.964360
1505	2.317433
1506	3.203264
1507	2.622021
1508	2.934009
1509	2.101929
1510	3.564393
1511	2.584452
1512	2.641987
1513	2.219662
1514	3.159065
1515	2.539309
1516	1.934660
1517	2.310108
1518	2.715824
1519	2.559842
1520	2.445650
1521	2.591136
1522	2.014400
1523	3.137676
1524	2.544445
1525	3.211120
1526	2.637194
1527	2.393764
1528	2.506671
1529	2.568851
1530	2.884737
1531	2.502357
1532	2.860525
1533	3.009751
1534	2.968805
1535	2.523847
1536	2.399041
1537	2.298219
1538	2.005115
1539	2.994579
1540	2.792099
1541	2.725525
1542	2.732087
1543	3.085062
1544	1.757984
1545	3.084074
1546	2.931229
1547	1.876753
1548	2.657554
1549	2.786699
1550	2.402062
1551	1.776234
1552	2.982030
1553	2.947966
1554	2.223287
1555	2.736880
1556	2.677947
1557	2.708303
1558	1.936338
1559	1.995144
1560	3.067540
1561	2.793081
1562	2.451551
1563	2.787886
1564	2.586020
1565	2.166127
1566	2.125771
1567	2.760453
1568	3.014548
1569	3.005411
1570	1.936673
1571	3.074411
1572	2.686576
1573	2.369240
1574	2.110687
1575	2.549472
1576	2.832472
1577	2.712066
1578	2.783325
1579	2.904926
1580	2.782283
1581	2.898637
1582	2.900845
1583	2.695256
1584	2.347787
1585	2.510221
1586	3.068453
1587	2.880313
1588	2.848806
1589	2.862881
1590	2.046680
1591	2.413319
1592	2.408155
1593	2.937296
1594	3.200999
1595	2.133635
1596	3.064945
1597	3.040872
1598	2.824288
1599	2.533002
1600	2.539963
1601	1.979824
1602	2.860942
1603	2.660262
1604	2.950051
1605	2.015861
1606	3.018127
1607	2.739963
1608	2.386734
1609	2.845681
1610	2.677181
1611	2.436658
1612	2.606413
1613	2.950322
1614	1.942577
1615	1.914420
1616	2.246708
1617	2.613904
1618	2.645544
1619	2.172395
1620	2.183597
1621	2.895255
1622	2.047094
1623	3.034041
1624	2.703552
1625	2.183599
1626	2.317302
1627	2.901623
1628	2.502676
1629	2.820283
1630	2.042057
1631	2.499182
1632	2.715329
1633	2.467592
1634	2.787762
1635	3.824631
1636	3.090075
1637	2.011914
1638	3.074118
1639	2.632755
1640	2.697275
1641	2.728167
1642	1.944939
1643	3.257544
1644	2.666687
1645	2.809217
1646	2.390146
1647	2.465525
1648	2.449777
1649	2.062281
1650	2.996033
1651	1.925901
1652	2.598405
1653	2.487609
1654	2.768645
1655	3.168990
1656	2.767402
1657	1.947536
1658	2.755379
1659	2.757156
1660	2.938929
1661	2.323012
1662	2.907388
1663	2.176167
1664	2.873498
1665	3.262604
1666	2.449103
1667	2.734043
1668	2.709628
1669	2.917344
1670	2.669850
1671	3.074235
1672	2.623128
1673	2.757262
1674	2.804798
1675	2.258674
1676	2.554563
1677	2.568015
1678	3.231658
1679	2.596306
1680	2.855136
1681	2.043797
1682	2.745558
1683	3.123348
1684	2.750145
1685	2.804372
1686	2.353168
1687	2.681678
1688	2.779657
1689	1.888917
1690	2.633780
1691	3.095705
1692	2.974657
1693	2.960085
1694	2.375566
1695	2.783846
1696	3.419313
1697	2.663266
1698	2.161736
1699	2.075599
1700	2.303869
1701	2.575032
1702	2.630076
1703	2.568692
1704	2.796966
1705	2.050242
1706	2.838789
1707	1.836299
1708	1.646355
1709	2.300717
1710	3.185191
1711	2.567684
1712	2.662500
1713	2.843516
1714	2.534955
1715	4.474145
1716	2.585306
1717	1.999428
1718	3.708882
1719	2.676884
1720	3.388173
1721	2.427883
1722	3.452445
1723	2.631012
1724	3.065909
1725	2.690147
1726	2.852979
1727	2.373038
1728	3.135315
1729	2.792078
1730	2.935457
1731	1.788123
1732	2.776056
1733	3.457677
1734	2.533098
1735	2.472774
1736	2.452224
1737	2.175160
1738	2.982773
1739	3.010195
1740	3.009415
1741	2.756957
1742	2.808237
1743	3.102582
1744	2.688011
1745	2.006639
1746	2.530317
1747	2.539393
1748	2.271253
1749	3.379439
1750	2.412485
1751	2.817711
1752	3.373858
1753	2.122710
1754	1.975196
1755	2.691879
1756	2.737316
1757	2.800449
1758	2.257786
1759	3.016983
1760	2.808861
1761	2.675219
1762	1.831227
1763	2.195680
1764	2.985731
1765	2.605299
1766	2.953285
1767	3.043075
1768	2.897946
1769	2.870298
1770	2.939624
1771	2.504593
1772	2.495018
1773	3.369674
1774	2.690074
1775	2.654884
1776	3.263892
1777	3.138834
1778	2.630160
1779	2.006215
1780	2.706491
1781	2.741770
1782	2.530634
1783	2.504498
1784	2.842869
1785	2.608790
1786	3.205542
1787	2.510518
1788	2.830723
1789	2.503138
1790	2.805371
1791	2.954267
1792	2.638674
1793	3.126357
1794	2.645828
1795	2.981090
1796	2.280987
1797	3.093881
1798	2.943959
1799	2.726648
1800	3.315947
1801	2.788510
1802	1.877953
1803	2.783039
1804	2.898052
1805	1.705755
1806	3.107506
1807	2.634029
1808	3.044092
1809	3.171701
1810	2.841921
1811	2.613255
1812	3.022150
1813	2.954658
1814	2.404599
1815	2.853311
1816	2.308903
1817	2.428686
1818	2.206967
1819	2.364783
1820	3.064654
1821	2.238170
1822	2.748837
1823	2.697423
1824	2.530077
1825	2.914930
1826	2.508803
1827	3.337830
1828	2.773443
1829	2.175681
1830	3.019240
1831	2.741732
1832	2.705496
1833	3.246710
1834	3.093556
1835	2.813291
1836	1.964993
1837	2.885568
1838	3.241065
1839	3.125075
1840	2.831148
1841	2.923234
1842	2.605436
1843	2.832491
1844	2.792722
1845	2.656803
1846	1.748999
1847	2.617037
1848	2.313544
1849	2.455158
1850	2.243969
1851	2.871688
1852	2.638561
1853	2.029826
1854	2.853243
1855	2.863252
1856	2.707839
1857	2.166424
1858	3.111031
1859	2.898155
1860	2.808044
1861	2.394558
1862	2.029852
1863	2.508005
1864	2.532253
1865	2.110309
1866	2.940118
1867	3.260152
1868	3.199639
1869	2.583174
1870	3.106444
1871	3.011479
1872	3.146429
1873	3.373038
1874	2.964084
1875	2.593895
1876	2.303082
1877	3.023657
1878	3.012257
1879	3.003764
1880	1.922967
1881	2.394682
1882	2.807613
1883	3.104930
1884	3.441586
1885	2.411184
1886	2.887370
1887	3.024432
1888	2.617959
1889	2.389603
1890	2.640944
1891	2.668537
1892	2.873902
1893	2.839547
1894	1.936644
1895	3.090773
1896	3.539127
1897	3.236138
1898	3.005678
1899	2.662482
1900	2.991068
1901	3.037316
1902	2.810657
1903	2.858684
1904	2.308898
1905	3.434253
1906	2.219324
1907	2.582905
1908	2.360488
1909	2.637747
1910	2.751963
1911	2.681213
1912	3.242545
1913	3.299954
1914	2.985935
1915	2.616487
1916	2.854699
1917	1.977386
1918	3.316262
1919	2.826552
1920	2.599647
1921	2.485638
1922	2.569207
1923	1.807788
1924	3.054406
1925	2.681291
1926	2.775724
1927	2.998480
1928	2.776202
1929	2.801433
1930	2.870889
1931	2.928378
1932	2.487248
1933	2.819399
1934	2.889204
1935	2.573906
1936	2.361632
1937	3.187491
1938	2.145972
1939	2.794171
1940	2.373583
1941	2.235691
1942	3.131869
1943	2.863200
1944	2.500978
1945	2.896136
1946	3.452738
1947	3.025987
1948	2.177545
1949	3.185987
1950	2.937260
1951	2.947831
1952	2.430039
1953	2.962230
1954	3.305282
1955	3.309834
1956	2.603442
1957	2.504816
1958	2.749998
1959	2.746582
1960	3.050901
1961	2.611764
1962	3.413444
1963	2.899345
1964	3.404367
1965	2.392257
1966	2.813697
1967	3.282227
1968	3.117208
1969	3.223262
1970	2.466681
1971	2.917905
1972	2.629618
1973	1.935974
1974	2.654977
1975	3.070524
1976	2.553702
1977	2.938894
1978	2.913841
1979	2.902311
1980	2.815634
1981	2.825776
1982	2.994045
1983	3.213114
1984	1.759410
1985	3.070946
1986	2.717613
1987	2.724325
1988	2.401877
1989	3.177311
1990	2.923762
1991	2.156365
1992	2.849510
1993	2.787275
1994	1.857284
1995	2.705441
1996	2.969243
1997	2.906098
1998	2.608256
1999	1.952764
2000	2.889791
0	2.240558
1	3.280153
2	3.172284
3	2.682331
4	2.857727
5	3.032852
6	4.292657
7	2.514639
8	2.897895
9	2.578004
10	3.498699
11	3.685282
12	2.575927
13	2.856450
14	2.999083
15	3.031387
16	3.396631
17	2.765791
18	2.366052
19	2.506551
20	2.918304
21	1.918177
22	1.839428
23	2.853663
24	3.091020
25	2.341922
26	2.991223
27	2.363577
28	2.778831
29	2.778667
30	2.178094
31	3.216117
32	2.989766
33	2.465947
34	2.534758
35	3.484163
36	3.509686
37	3.184431
38	3.012540
39	3.041464
40	2.588686
41	2.416236
42	3.297439
43	3.056682
44	2.752909
45	2.778202
46	2.589170
47	2.590326
48	2.789946
49	2.836088
50	2.720809
51	3.057680
52	2.771101
53	1.936106
54	3.063348
55	2.849369
56	1.945609
57	2.337027
58	2.791363
59	3.156293
60	3.042384
61	3.175799
62	1.893807
63	2.235419
64	2.910996
65	3.299032
66	2.736073
67	2.850877
68	3.392433
69	2.949000
70	2.612125
71	2.969732
72	2.419462
73	3.331517
74	3.008588
75	2.842710
76	2.911133
77	2.784188
78	2.439612
79	2.540177
80	2.898931
81	3.172207
82	3.086002
83	2.946115
84	3.445184
85	3.309064
86	2.535745
87	2.313482
88	3.208692
89	2.153440
90	3.515635
91	2.948304
92	2.791165
93	3.925863
94	2.595245
95	2.936614
96	3.429897
97	2.203520
98	3.190078
99	3.125908
100	2.990669
101	3.210310
102	2.894926
103	2.961317
104	3.231391
105	3.195652
106	3.281248
107	3.429124
108	3.236370
109	3.057010
110	2.738267
111	2.891937
112	3.302575
113	3.359672
114	3.059248
115	2.905547
116	3.091294
117	3.120179
118	2.983588
119	2.714257
120	3.039243
121	2.521708
122	3.446942
123	3.223709
124	2.763188
125	3.019271
126	3.347372
127	2.825260
128	3.227412
129	3.437251
130	2.700166
131	3.193681
132	3.607147
133	3.588175
134	3.198767
135	3.281646
136	3.062891
137	2.332573
138	3.370668
139	3.215292
140	3.934285
141	3.453202
142	3.201547
143	3.728954
144	2.998634
145	3.462182
146	2.882691
147	2.785930
148	3.158417
149	3.706791
150	3.147412
151	3.378728
152	3.183425
153	2.538996
154	2.875186
155	2.893943
156	2.794924
157	3.334381
158	3.121570
159	2.826109
160	2.905187
161	2.919554
162	3.000567
163	3.293340
164	2.778238
165	2.891330
166	2.330795
167	3.044159
168	3.162245
169	3.879934
170	3.265258
171	3.276066
172	3.168264
173	2.985164
174	3.372135
175	2.795853
176	2.597192
177	3.126403
178	3.173815
179	2.342179
180	3.436932
181	3.030594
182	3.217528
183	3.072588
184	3.476850
185	2.969662
186	3.307808
187	2.638446
188	3.118814
189	3.059837
190	2.917414
191	2.380650
192	3.211821
193	3.481637
194	3.273730
195	3.356499
196	2.947830
197	3.320874
198	2.965232
199	3.112684
200	3.089273
201	3.435026
202	3.704281
203	3.019684
204	3.154902
205	2.979261
206	3.083603
207	2.812011
208	2.855679
209	3.353954
210	3.462960
211	3.350075
212	2.943144
213	3.245549
214	3.063089
215	2.156686
216	2.889376
217	2.854611
218	3.263831
219	2.181949
220	3.212058
221	2.757771
222	3.325327
223	3.178458
224	2.887646
225	3.453071
226	3.502372
227	3.506565
228	2.738634
229	2.784298
230	1.950540
231	3.491891
232	2.763711
233	2.744558
234	2.234658
235	2.277412
236	2.662237
237	2.994628
238	2.586522
239	2.956114
240	3.308791
241	3.022417
242	3.391768
243	3.531020
244	3.040872
245	2.743248
246	2.602036
247	3.013352
248	2.843343
249	2.018042
250	2.186366
251	3.074753
252	2.798159
253	3.327312
254	2.751472
255	2.983605
256	2.614479
257	2.917772
258	1.873260
259	1.948744
260	2.962468
261	2.474875
262	1.902210
263	2.067896
264	1.846591
265	2.680764
266	1.904363
267	3.335701
268	2.941054
269	3.479812
270	2.373983
271	2.963882
272	2.470993
273	2.942177
274	3.119055
275	3.217638
276	1.946689
277	1.886319
278	2.138061
279	2.726190
280	1.848974
281	3.238039
282	2.352829
283	2.439098
284	3.147747
285	2.676231
286	2.608179
287	3.112249
288	2.444299
289	1.851000
290	2.181626
291	2.817802
292	2.686820
293	1.764399
294	3.483059
295	2.845417
296	3.131424
297	2.617805
298	3.038439
299	2.562147
300	2.762516
301	2.748563
302	2.424253
303	2.761486
304	2.852665
305	2.818883
306	3.296454
307	2.506051
308	2.585304
309	2.822428
310	2.939950
311	1.861291
312	2.947644
313	2.933019
314	2.238682
315	2.507170
316	2.927952
317	2.594263
318	2.556579
319	2.569553
320	2.389394
321	2.436352
322	2.065285
323	1.920261
324	3.103691
325	2.102405
326	2.849037
327	1.863251
328	1.902210
329	2.041323
330	1.969721
331	1.879308
332	2.860524
333	2.376172
334	1.850676
335	2.844663
336	3.249094
337	2.983103
338	2.122828
339	2.872630
340	2.230717
341	2.942686
342	2.614596
343	1.842201
344	2.311903
345	2.513922
346	2.690187
347	2.014970
348	2.494172
349	1.895707
350	1.718400
351	2.925251
352	3.040214
353	2.074754
354	2.328285
355	2.880364
356	2.213006
357	2.733761
358	2.839630
359	2.138901
360	2.458311
361	3.275241
362	2.482762
363	2.422437
364	2.973013
365	1.770790
366	2.861625
367	1.872538
368	2.639074
369	3.062448
370	2.721085
371	2.185543
372	2.260111
373	2.680914
374	2.393951
375	2.406594
376	2.699499
377	2.666046
378	2.465766
379	2.266141
380	2.494014
381	3.267185
382	2.339358
383	3.253475
384	2.643274
385	2.622920
386	2.197006
387	1.886294
388	2.573918
389	1.942684
390	2.400374
391	2.134712
392	2.148232
393	2.860840
394	2.353718
395	2.543624
396	3.381921
397	2.731464
398	2.689349
399	2.960235
400	2.919874
401	1.824666
402	2.602316
403	2.814764
404	2.730522
405	2.236383
406	2.044732
407	2.702479
408	2.435037
409	2.660141
410	2.734813
411	2.707102
412	3.040051
413	3.179355
414	2.782336
415	2.653244
416	2.394014
417	2.030122
418	2.798464
419	2.892629
420	2.564254
421	2.418844
422	2.922431
423	2.253752
424	2.447875
425	3.123538
426	2.928343
427	2.821597
428	2.636019
429	2.857025
430	2.821225
431	2.822642
432	1.785302
433	1.781095
434	2.037694
435	2.681156
436	2.581184
437	2.471173
438	2.623929
439	3.017914
440	2.260399
441	2.262477
442	2.898863
443	2.164648
444	2.140396
445	2.556911
446	2.767958
447	1.828770
448	2.258098
449	2.169817
450	1.766210
451	2.627244
452	2.771970
453	2.857025
454	2.109809
455	2.522658
456	2.920377
457	2.778257
458	3.102354
459	2.793313
460	2.368227
461	2.506891
462	2.575014
463	2.634803
464	2.851667
465	2.389015
466	2.954133
467	2.721636
468	2.146462
469	2.778218
470	2.800287
471	2.359830
472	1.798361
473	2.633515
474	2.493071
475	2.447160
476	2.494173
477	2.388095
478	2.859825
479	2.684659
480	2.823952
481	2.751399
482	2.661223
483	3.287279
484	2.935217
485	2.697211
486	3.266973
487	2.972358
488	3.009857
489	2.825707
490	3.044800
491	2.971990
492	2.761705
493	3.563515
494	3.158878
495	2.907174
496	3.023260
497	2.405077
498	2.810622
499	2.853563
500	2.710296
501	2.929454
502	2.609425
503	2.951490
504	2.422127
505	2.008780
506	3.051852
507	2.832490
508	1.890450
509	2.522500
510	2.851034
511	3.002183
512	2.055358
513	2.680354
514	2.824076
515	2.711845
516	2.862253
517	2.281448
518	2.222476
519	3.209907
520	3.150317
521	3.172255
522	2.705883
523	3.195325
524	3.063022
525	2.721212
526	2.444669
527	2.375752
528	2.871706
529	2.900517
530	2.703294
531	2.665052
532	2.219324
533	2.339487
534	2.501639
535	2.279694
536	2.560401
537	2.035902
538	2.420969
539	3.213673
540	2.072340
541	1.826308
542	3.262424
543	3.330541
544	2.935881
545	2.683450
546	3.054210
547	1.842985
548	1.940051
549	2.661784
550	2.484853
551	2.829753
552	2.076296
553	2.710793
554	3.068110
555	2.409750
556	2.709446
557	1.843988
558	2.005841
559	2.665501
560	3.056012
561	2.462237
562	2.688826
563	2.326932
564	2.940222
565	3.248463
566	2.734770
567	3.028052
568	3.386532
569	2.439282
570	3.018394
571	2.267355
572	2.534521
573	2.854207
574	2.639584
575	2.875153
576	2.548115
577	2.135647
578	2.725784
579	2.080679
580	1.930899
581	2.048048
582	3.108707
583	1.995217
584	1.786752
585	2.106677
586	2.628609
587	2.640268
588	2.939729
589	2.552799
590	2.698462
591	1.898057
592	2.071379
593	2.652802
594	2.316681
595	2.178323
596	2.895824
597	2.102901
598	2.063977
599	1.897104
600	3.162338
601	2.790752
602	2.924450
603	2.384326
604	2.616715
605	2.980299
606	2.907661
607	2.034724
608	2.816915
609	2.609478
610	2.940693
611	2.685574
612	2.857440
613	2.744048
614	2.769009
615	2.607740
616	2.064832
617	3.013336
618	2.837573
619	2.795748
620	2.711231
621	2.629222
622	2.826374
623	3.526838
624	2.033345
625	2.522580
626	2.278264
627	3.055236
628	1.736292
629	2.802968
630	2.767021
631	1.865845
632	2.970132
633	1.921172
634	2.154626
635	1.960840
636	2.507205
637	2.765323
638	2.996833
639	2.706486
640	2.688240
641	2.282485
642	2.705809
643	2.800571
644	2.170022
645	2.186981
646	2.890400
647	1.824417
648	2.632982
649	2.064319
650	2.388577
651	2.281293
652	3.054540
653	2.869652
654	1.941646
655	2.124866
656	2.616812
657	1.858843
658	2.168454
659	2.936307
660	2.931602
661	2.143945
662	2.382982
663	2.714719
664	2.035535
665	1.916379
666	2.224480
667	2.129230
668	2.562304
669	2.711786
670	1.885340
671	2.911226
672	2.117407
673	3.406844
674	3.042791
675	2.243858
676	3.029617
677	2.250707
678	2.531345
679	2.751944
680	2.610630
681	3.091244
682	2.488051
683	2.877167
684	2.270376
685	3.028005
686	2.632471
687	2.438485
688	2.961584
689	2.465948
690	2.862638
691	2.499079
692	2.499481
693	2.180596
694	2.749325
695	2.468318
696	2.816061
697	2.658382
698	3.061552
699	3.036065
700	2.447634
701	3.254676
702	2.795513
703	2.858899
704	2.752818
705	2.756900
706	2.366874
707	3.065873
708	2.532787
709	2.156431
710	2.766605
711	2.881979
712	2.551590
713	2.557364
714	2.788080
715	2.382732
716	2.721359
717	3.081396
718	2.551589
719	2.754560
720	3.199906
721	2.294931
722	1.828825
723	2.757934
724	2.975299
725	2.856661
726	3.033214
727	2.487909
728	2.726627
729	2.954894
730	2.936869
731	2.967102
732	2.610958
733	2.950900
734	1.811657
735	2.004819
736	2.587082
737	3.156926
738	2.688403
739	2.859791
740	1.732802
741	3.161995
742	1.885313
743	2.834412
744	2.700759
745	3.789118
746	2.306339
747	3.459538
748	2.906455
749	2.252244
750	2.662350
751	2.571654
752	2.261083
753	2.643844
754	2.049731
755	2.309329
756	2.007735
757	1.837908
758	1.816725
759	2.309129
760	1.755734
761	2.050046
762	3.048365
763	1.901815
764	1.927538
765	3.032324
766	2.867821
767	3.395114
768	2.565168
769	2.778309
770	2.370571
771	2.452951
772	1.983429
773	1.930026
774	2.410143
775	1.931371
776	2.590816
777	2.544088
778	2.594862
779	2.348556
780	3.339952
781	2.465155
782	2.297171
783	1.857416
784	2.712507
785	1.872995
786	1.731647
787	1.820031
788	2.218966
789	1.951051
790	3.013372
791	1.755252
792	3.194027
793	1.845428
794	1.804715
795	1.753654
796	2.526703
797	2.819792
798	2.560955
799	2.567804
800	2.356477
801	2.744941
802	2.291937
803	2.643902
804	2.825667
805	2.823221
806	2.376653
807	2.625907
808	2.874150
809	2.382311
810	2.951939
811	1.938119
812	3.024654
813	3.197627
814	2.520336
815	3.177560
816	2.953066
817	2.906166
818	2.396850
819	3.249386
820	3.496983
821	2.688651
822	2.613714
823	2.980860
824	2.636934
825	2.563540
826	2.754052
827	3.003098
828	3.208206
829	2.523705
830	2.798849
831	3.264557
832	3.119197
833	2.917426
834	2.709098
835	2.532702
836	3.034296
837	3.094402
838	2.614326
839	2.286957
840	3.065114
841	3.137106
842	3.509909
843	2.886067
844	3.564340
845	2.780226
846	2.608263
847	2.340367
848	2.822361
849	2.866878
850	2.575442
851	2.493913
852	2.787944
853	2.671950
854	2.444475
855	2.317245
856	2.978927
857	3.250357
858	2.906754
859	2.344142
860	3.165895
861	2.463357
862	2.863207
863	3.020321
864	2.815768
865	2.966403
866	1.981367
867	2.616081
868	3.002484
869	2.737664
870	2.883085
871	2.609410
872	2.659681
873	3.041665
874	2.372571
875	2.806600
876	3.027476
877	2.424560
878	2.074272
879	2.374470
880	2.592873
881	2.840930
882	3.052439
883	2.961838
884	2.916265
885	2.057209
886	1.724588
887	1.680623
888	1.825376
889	1.820714
890	2.035045
891	2.723121
892	2.858356
893	2.148253
894	1.937781
895	1.777443
896	1.909080
897	2.606319
898	1.966748
899	1.834612
900	1.819040
901	2.439221
902	2.827631
903	2.589887
904	2.729838
905	2.729450
906	1.968225
907	2.724133
908	1.975678
909	2.537025
910	2.532861
911	2.531981
912	2.760510
913	1.855803
914	2.540825
915	2.933684
916	2.726353
917	2.801783
918	2.899464
919	2.014102
920	1.753568
921	1.719914
922	2.086722
923	3.043337
924	2.880715
925	2.145997
926	3.465863
927	2.511773
928	3.090324
929	3.122148
930	2.445095
931	2.565951
932	2.472186
933	3.161391
934	2.826483
935	1.842387
936	2.788942
937	2.523017
938	3.198906
939	2.739963
940	1.897418
941	2.747107
942	2.240982
943	2.031107
944	3.160553
945	1.998601
946	1.963413
947	2.969899
948	2.705477
949	2.952032
950	1.716569
951	2.422250
952	1.876591
953	2.747235
954	2.506391
955	3.259617
956	3.115477
957	2.945132
958	2.900843
959	2.829063
960	2.636230
961	3.047851
962	3.389646
963	2.848667
964	2.259978
965	2.579244
966	2.847735
967	2.848315
968	3.374151
969	1.725659
970	2.310043
971	3.166403
972	2.757828
973	3.058120
974	2.829911
975	2.694828
976	2.948101
977	2.586524
978	2.903826
979	2.573579
980	1.770593
981	1.811078
982	3.068893
983	2.622539
984	2.608161
985	3.064685
986	2.183414
987	2.037007
988	2.772473
989	1.889287
990	2.002724
991	3.120848
992	2.911409
993	3.348149
994	2.380421
995	1.849135
996	2.786000
997	2.657632
998	2.319764
999	2.538995
1000	2.907817
1001	1.684339
1002	1.860780
1003	2.720975
1004	1.822746
1005	2.149838
1006	1.826089
1007	1.966341
1008	3.001817
1009	3.241602
1010	2.774994
1011	2.331651
1012	2.281250
1013	1.706869
1014	1.971928
1015	2.760633
1016	2.365482
1017	2.851948
1018	2.175360
1019	3.239706
1020	2.502656
1021	2.874490
1022	1.917577
1023	2.124006
1024	1.832184
1025	2.242209
1026	2.353087
1027	3.044386
1028	2.385520
1029	2.873952
1030	2.849354
1031	3.215494
1032	2.591449
1033	1.976411
1034	1.858118
1035	2.840232
1036	2.269694
1037	2.835599
1038	2.532093
1039	2.442663
1040	2.247710
1041	1.880372
1042	2.760689
1043	1.926888
1044	2.224905
1045	2.091054
1046	2.779316
1047	1.847865
1048	2.035999
1049	1.957986
1050	1.984665
1051	2.254226
1052	2.539883
1053	1.831803
1054	1.756472
1055	2.056840
1056	1.997247
1057	2.201906
1058	2.491745
1059	2.651813
1060	2.492410
1061	2.591695
1062	1.959109
1063	2.464892
1064	2.309912
1065	1.767763
1066	2.028222
1067	2.198137
1068	1.967280
1069	2.038500
1070	1.826773
1071	1.812432
1072	2.742207
1073	2.399351
1074	2.086648
1075	2.106514
1076	2.614883
1077	1.843394
1078	2.002125
1079	1.944889
1080	2.714790
1081	2.370547
1082	3.273218
1083	2.249443
1084	2.065186
1085	2.117007
1086	2.103448
1087	2.180594
1088	1.904235
1089	3.443322
1090	2.941916
1091	2.487650
1092	1.736604
1093	2.146208
1094	2.675912
1095	2.724169
1096	2.932441
1097	2.280300
1098	2.266847
1099	3.012805
1100	2.031944
1101	2.892057
1102	1.860163
1103	2.790736
1104	1.913348
1105	2.608472
1106	1.820796
1107	1.737498
1108	1.723080
1109	1.974588
1110	2.839026
1111	2.969346
1112	2.513164
1113	2.654130
1114	2.890608
1115	1.853889
1116	2.132271
1117	3.094411
1118	2.080506
1119	2.453574
1120	3.006276
1121	2.755739
1122	1.801806
1123	2.057669
1124	3.142307
1125	2.750782
1126	1.831885
1127	2.799537
1128	2.839489
1129	3.091116
1130	2.363448
1131	2.855500
1132	2.919055
1133	2.152323
1134	2.018662
1135	3.190038
1136	3.093361
1137	2.839755
1138	1.825901
1139	2.778445
1140	2.980753
1141	2.393825
1142	2.674430
1143	2.531016
1144	2.424480
1145	2.097187
1146	2.369407
1147	2.602038
1148	2.519325
1149	3.023290
1150	2.301810
1151	1.893377
1152	1.826171
1153	2.268590
1154	2.169261
1155	2.069902
1156	2.857794
1157	2.537467
1158	1.775484
1159	2.954352
1160	1.790222
1161	1.950334
1162	1.781601
1163	2.129647
1164	2.117570
1165	2.095973
1166	2.577305
1167	1.920545
1168	1.968091
1169	2.920347
1170	2.346427
1171	3.117895
1172	2.027437
1173	2.029139
1174	1.939843
1175	2.833651
1176	1.750715
1177	1.902576
1178	2.138152
1179	1.806461
1180	2.930984
1181	2.214810
1182	2.852965
1183	2.369070
1184	2.835578
1185	2.686519
1186	1.915778
1187	1.775077
1188	2.963477
1189	2.444279
1190	1.869116
1191	2.072218
1192	2.549236
1193	1.932977
1194	2.384115
1195	1.726412
1196	2.622309
1197	2.290961
1198	2.739418
1199	1.733495
1200	2.098690
1201	2.838274
1202	3.195759
1203	1.792232
1204	3.411805
1205	2.971765
1206	3.406229
1207	1.950846
1208	1.990927
1209	2.408379
1210	2.262942
1211	2.499481
1212	3.097499
1213	2.813768
1214	2.020322
1215	2.802871
1216	2.520595
1217	3.142306
1218	2.025288
1219	2.425883
1220	3.231425
1221	2.780614
1222	2.924486
1223	2.950001
1224	2.421445
1225	2.957464
1226	2.566592
1227	2.490824
1228	2.767201
1229	3.327237
1230	3.203530
1231	2.147579
1232	2.011617
1233	2.925988
1234	1.906542
1235	1.859947
1236	2.569105
1237	3.167475
1238	2.646300
1239	2.785930
1240	3.289317
1241	2.716707
1242	2.796818
1243	2.839525
1244	2.879328
1245	3.127395
1246	2.313158
1247	3.300227
1248	2.359579
1249	2.213887
1250	2.733222
1251	2.614135
1252	1.866199
1253	3.026103
1254	1.648514
1255	2.188287
1256	3.156516
1257	1.965833
1258	1.800306
1259	1.781096
1260	2.898448
1261	2.221463
1262	2.810498
1263	2.675891
1264	2.820230
1265	1.913034
1266	2.090765
1267	2.446589
1268	3.042268
1269	2.765738
1270	2.696461
1271	2.069518
1272	1.865556
1273	2.286876
1274	2.183987
1275	3.231749
1276	2.917500
1277	2.601711
1278	3.047769
1279	3.017251
1280	2.130844
1281	1.872671
1282	2.508744
1283	2.449040
1284	2.276795
1285	3.035539
1286	2.667358
1287	2.432880
1288	2.634408
1289	2.130753
1290	2.776112
1291	2.662066
1292	2.691933
1293	2.843517
1294	3.024004
1295	2.287596
1296	3.048623
1297	1.954097
1298	2.433866
1299	2.844609
1300	3.239058
1301	2.144318
1302	2.751909
1303	2.039755
1304	2.462215
1305	2.739692
1306	2.273455
1307	2.902517
1308	2.646394
1309	2.185474
1310	2.555210
1311	1.974589
1312	2.697870
1313	2.034232
1314	2.107962
1315	2.814961
1316	2.492068
1317	2.639034
1318	3.032786
1319	2.133636
1320	2.414830
1321	2.310389
1322	2.521012
1323	1.841087
1324	2.813308
1325	1.668083
1326	2.554936
1327	1.761420
1328	2.435529
1329	2.298717
1330	2.111162
1331	1.781965
1332	2.472103
1333	2.514637
1334	2.444014
1335	3.332416
1336	2.139743
1337	1.949024
1338	2.626500
1339	2.812153
1340	2.173475
1341	1.997123
1342	2.562439
1343	2.856117
1344	2.743246
1345	3.174035
1346	2.096616
1347	3.003831
1348	1.939563
1349	2.927525
1350	1.896446
1351	2.621565
1352	2.515830
1353	2.270706
1354	2.630551
1355	3.016670
1356	2.191483
1357	2.060898
1358	1.993012
1359	1.930595
1360	2.235375
1361	2.775716
1362	2.919007
1363	1.998899
1364	2.390858
1365	2.742115
1366	2.339315
1367	3.136718
1368	1.822222
1369	2.513473
1370	2.252577
1371	2.655334
1372	2.977734
1373	2.906854
1374	2.107883
1375	2.734429
1376	2.278333
1377	1.872911
1378	3.015593
1379	3.091246
1380	2.235398
1381	2.365269
1382	2.907594
1383	2.957430
1384	2.924482
1385	2.894374
1386	3.150825
1387	2.917996
1388	2.864055
1389	2.713935
1390	3.056953
1391	1.707339
1392	2.372699
1393	3.066480
1394	2.645770
1395	3.078133
1396	2.014892
1397	2.516069
1398	2.760308
1399	2.282324
1400	2.023688
1401	1.866727
1402	1.847731
1403	3.302921
1404	1.914706
1405	2.601193
1406	2.842783
1407	2.960980
1408	2.896706
1409	2.785193
1410	2.722848
1411	1.885867
1412	2.014051
1413	2.655505
1414	2.553525
1415	2.832522
1416	2.156179
1417	1.949997
1418	1.889104
1419	3.111078
1420	1.922343
1421	1.806767
1422	3.053818
1423	2.805958
1424	2.298478
1425	2.504495
1426	2.348297
1427	2.643085
1428	2.658966
1429	2.783777
1430	2.757209
1431	1.930831
1432	2.490904
1433	2.781097
1434	2.335411
1435	2.816133
1436	2.053241
1437	2.512966
1438	2.727343
1439	3.038240
1440	2.525450
1441	2.690000
1442	2.986654
1443	2.480807
1444	2.671797
1445	2.377098
1446	2.820035
1447	2.953388
1448	1.901185
1449	2.793188
1450	3.481853
1451	2.279062
1452	2.162892
1453	2.355500
1454	3.051164
1455	2.667021
1456	2.550910
1457	2.867839
1458	2.852981
1459	3.091083
1460	3.341032
1461	2.346315
1462	2.603113
1463	1.927848
1464	1.726181
1465	2.942057
1466	2.950966
1467	1.886955
1468	2.482659
1469	2.614803
1470	1.966673
1471	2.814711
1472	2.719872
1473	2.129086
1474	2.368207
1475	1.879521
1476	2.315470
1477	2.892473
1478	2.065042
1479	1.858843
1480	3.017201
1481	2.485196
1482	2.330858
1483	2.855890
1484	2.608390
1485	2.846260
1486	2.975869
1487	2.216032
1488	2.012585
1489	2.239039
1490	1.925279
1491	2.147091
1492	2.220924
1493	3.045539
1494	2.396851
1495	2.605475
1496	2.349766
1497	1.909161
1498	2.540275
1499	2.333582
1500	2.290285
1501	2.717001
1502	2.764778
1503	1.759914
1504	2.449267
1505	2.380965
1506	2.833460
1507	2.538917
1508	2.540413
1509	2.530335
1510	2.961435
1511	2.182773
1512	2.001248
1513	2.969883
1514	2.150093
1515	2.421033
1516	2.702258
1517	2.611782
1518	2.575675
1519	2.721782
1520	2.435467
1521	2.129459
1522	3.056697
1523	2.769928
1524	2.606723
1525	2.279078
1526	2.346614
1527	2.207654
1528	3.163573
1529	2.962024
1530	2.648738
1531	2.989415
1532	1.991005
1533	2.852560
1534	2.873834
1535	2.981306
1536	2.435200
1537	2.650507
1538	2.834404
1539	2.757020
1540	2.183324
1541	2.544488
1542	2.031945
1543	2.917002
1544	2.603863
1545	2.720368
1546	2.931041
1547	2.441823
1548	2.940850
1549	3.060245
1550	1.964714
1551	3.244010
1552	2.182774
1553	3.239583
1554	2.451184
1555	3.523862
1556	1.957471
1557	2.718106
1558	2.673294
1559	2.746310
0	3.184808
1	3.519800
2	3.266953
3	3.128452
4	2.810284
5	3.105627
6	3.087570
7	2.033911
8	2.999816
9	2.681738
10	2.117002
11	2.148884
12	3.802749
13	2.139369
14	2.792293
15	2.516228
16	2.974373
17	2.352915
18	2.827047
19	2.915837
20	2.057619
21	3.622045
22	3.030676
23	2.923113
24	3.346609
25	3.339733
26	3.086360
27	3.579512
28	3.455793
29	3.585124
30	3.209638
31	2.954773
32	3.313760
33	3.367105
34	3.916146
35	3.168754
36	2.816556
37	3.145552
38	2.799605
39	3.237249
40	3.327490
41	2.864263
42	3.339791
43	3.570503
44	3.248353
45	3.315237
46	3.221149
47	3.883308
48	1.963899
49	2.864209
50	2.926652
51	3.129361
52	2.741718
53	2.637764
54	2.667510
55	3.280183
56	3.604457
57	2.972777
58	2.669251
59	2.809504
60	2.967171
61	2.691095
62	3.204372
63	2.986939
64	3.587882
65	3.196638
66	2.805389
67	3.088789
68	2.781438
69	2.648964
70	2.576567
71	2.552368
72	3.128978
73	2.685612
74	2.572663
75	3.143835
76	2.891470
77	3.228714
78	2.893681
79	1.940517
80	3.400163
81	3.180332
82	3.129442
83	3.148890
84	3.108184
85	2.776059
86	3.123810
87	3.410600
88	2.734048
89	3.185779
90	3.205806
91	2.745357
92	3.382959
93	2.994677
94	3.262728
95	3.078652
96	3.313639
97	2.820321
98	2.471215
99	3.160550
100	2.541831
101	3.928384
102	3.745677
103	2.989584
104	2.612641
105	3.112764
106	3.217405
107	3.357752
108	2.900016
109	3.596722
110	2.949680
111	2.594322
112	3.408504
113	2.836072
114	3.376507
115	3.539296
116	3.031718
117	2.945420
118	3.202262
119	2.873954
120	3.107428
121	3.126725
122	3.713620
123	3.215277
124	3.011581
125	2.847615
126	2.776254
127	2.981440
128	2.807505
129	3.754545
130	3.384585
131	1.757897
132	2.150373
133	2.422642
134	3.403545
135	3.312550
136	3.315207
137	3.775951
138	2.968315
139	3.793531
140	3.200219
141	2.989414
142	2.920308
143	3.220264
144	3.506066
145	3.181412
146	2.901172
147	2.903604
148	3.359598
149	2.877810
150	2.749202
151	3.176334
152	4.021196
153	3.220077
154	3.816397
155	2.850088
156	2.820106
157	3.982801
158	3.602483
159	3.391650
160	4.041162
161	3.453417
162	2.976202
163	3.264660
164	3.313505
165	2.779551
166	2.833602
167	3.281876
168	2.751451
169	3.376316
170	3.039818
171	3.112472
172	2.625678
173	2.863461
174	3.017964
175	3.020860
176	2.947404
177	2.639240
178	2.153808
179	3.365202
180	2.720532
181	2.798250
182	1.934245
183	2.294037
184	2.963799
185	2.443973
186	2.787831
187	2.805868
188	2.997031
189	2.866427
190	2.934927
191	3.265351
192	3.015529
193	2.231503
194	2.249044
195	3.128578
196	2.818032
197	2.845575
198	2.863738
199	2.861067
200	2.933087
201	3.095722
202	2.758730
203	2.432326
204	3.085920
205	2.982987
206	2.896913
207	2.684978
208	3.250862
209	3.020960
210	3.065108
211	3.455400
212	3.241852
213	3.673773
214	3.326829
215	3.403103
216	2.975467
217	2.819024
218	2.588398
219	3.021607
220	3.212507
221	3.055945
222	2.515770
223	3.232367
224	3.300304
225	2.836706
226	2.476224
227	2.220517
228	3.506862
229	3.482613
230	3.246244
231	3.636783
232	3.278186
233	3.108666
234	2.035387
235	2.826730
236	3.454678
237	2.505776
238	3.752786
239	3.029488
240	3.637708
241	3.140350
242	2.512470
243	3.468213
244	3.137354
245	3.057336
246	3.527549
247	2.994813
248	3.148222
249	3.019040
250	3.567744
251	3.160395
252	3.398191
253	2.518431
254	2.903530
255	3.056306
256	3.195465
257	2.934500
258	2.698371
259	2.998349
260	2.704573
261	3.350867
262	3.398531
263	3.024465
264	2.976055
265	3.004479
266	2.545995
267	2.709778
268	3.701933
269	2.733697
270	3.350191
271	3.597848
272	3.331426
273	3.795497
274	2.980082
275	2.824643
276	3.475888
277	2.472995
278	2.538621
279	2.907251
280	3.231025
281	2.753345
282	2.238861
283	3.341031
284	2.960217
285	3.436567
286	3.440975
287	3.018247
288	2.669158
289	2.647302
290	2.754977
291	2.651678
292	3.277089
293	2.646357
294	3.163955
295	3.283671
296	3.022268
297	4.091284
298	3.131341
299	3.434427
300	3.436714
301	3.705322
302	3.187148
303	3.323944
304	3.118811
305	1.999352
306	2.534325
307	2.382124
308	2.627908
309	3.030809
310	3.757698
311	3.133591
312	3.240633
313	2.146486
314	3.104349
315	3.530619
316	3.651372
317	2.818548
318	3.087816
319	2.610920
320	3.032706
321	3.027971
322	3.471181
323	3.341884
324	3.587714
325	3.076590
326	2.250112
327	2.793599
328	2.974894
329	2.688403
330	2.173959
331	2.729486
332	2.980621
333	2.794927
334	2.356142
335	2.021435
336	2.654167
337	2.512529
338	1.679344
339	1.920989
340	2.686170
341	3.129632
342	3.336105
343	3.227586
344	2.418657
345	2.750182
346	2.651809
347	2.555172
348	2.852825
349	3.634734
350	2.344079
351	2.857427
352	2.759511
353	2.649171
354	2.937175
355	2.139297
356	2.163771
357	3.257007
358	2.466250
359	2.872628
360	2.988394
361	2.360633
362	2.554404
363	2.950948
364	3.118895
365	2.957059
366	2.675837
367	2.377942
368	1.818299
369	1.889233
370	2.972859
371	2.013108
372	2.085833
373	2.843519
374	2.860543
375	2.504515
376	1.920286
377	2.308439
378	1.834556
379	3.077954
380	2.013704
381	2.302823
382	1.823461
383	1.948668
384	2.034554
385	1.823921
386	1.886720
387	2.182362
388	1.930339
389	1.723544
390	1.800225
391	2.257853
392	1.959871
393	2.921678
394	1.898762
395	1.947791
396	1.728843
397	2.018266
398	2.860525
399	1.993264
400	2.237814
401	1.969037
402	1.995018
403	1.915359
404	2.262608
405	1.970660
406	1.821702
407	1.951206
408	2.111543
409	2.117405
410	1.794716
411	2.065937
412	3.058203
413	2.139672
414	2.113388
415	1.822635
416	1.881943
417	1.791034
418	2.009400
419	2.124192
420	2.150302
421	1.939521
422	1.737957
423	2.580483
424	2.871695
425	1.868395
426	2.353678
427	1.721250
428	2.198958
429	1.862500
430	2.002722
431	1.931244
432	1.967002
433	2.769708
434	1.820109
435	2.036026
436	3.297484
437	2.731191
438	2.793169
439	2.247152
440	2.639772
441	2.929231
442	2.062156
443	2.677966
444	2.695496
445	1.893383
446	2.004271
447	2.808362
448	2.742135
449	2.844239
450	2.626369
451	2.227375
452	2.886401
453	2.062572
454	2.863023
455	2.216867
456	1.803718
457	2.093083
458	2.679051
459	2.803948
460	2.644240
461	2.247179
462	2.271801
463	2.883106
464	2.216418
465	2.349341
466	2.368817
467	2.564117
468	2.932642
469	2.939470
470	1.861428
471	2.722901
472	1.806488
473	2.423120
474	2.409106
475	2.602578
476	2.671797
477	3.008225
478	2.014373
479	3.337679
480	2.861958
481	2.773662
482	3.217607
483	3.017498
484	2.861258
485	2.400395
486	2.354082
487	2.132061
488	2.508066
489	2.998181
490	2.962940
491	2.686462
492	2.474472
493	3.400909
494	2.247869
495	2.959224
496	2.816913
497	3.290605
498	2.713854
499	2.593779
500	3.085534
501	2.752757
502	2.895325
503	2.758080
504	2.536729
505	3.589469
506	2.605550
507	2.482958
508	2.742865
509	3.145124
510	2.322799
511	2.446424
512	2.106251
513	1.823454
514	2.173547
515	3.297711
516	2.710683
517	2.331311
518	2.765681
519	2.753616
520	3.465500
521	3.181118
522	2.800931
523	2.395852
524	2.857321
525	2.661467
526	2.637136
527	1.958902
528	2.686893
529	2.884356
530	2.915562
531	1.895627
532	1.988093
533	2.447977
534	2.150837
535	2.293140
536	2.410081
537	1.872698
538	2.742335
539	1.827429
540	2.177013
541	1.784600
542	2.051683
543	1.865316
544	2.449855
545	2.867822
546	2.535941
547	2.555819
548	2.975205
549	2.113695
550	1.803214
551	2.312877
552	2.211624
553	2.829134
554	2.934704
555	3.413884
556	2.618586
557	2.936460
558	3.008615
559	2.627903
560	2.944977
561	2.679517
562	2.744066
563	2.619694
564	3.376615
565	2.286057
566	2.742918
567	2.724027
568	3.160475
569	3.342065
570	2.276381
571	1.921486
572	3.368591
573	1.980226
574	2.942123
575	2.943011
576	2.565137
577	2.274684
578	1.921773
579	2.863580
580	1.826721
581	2.729268
582	2.944503
583	3.146381
584	2.755013
585	2.874791
586	2.825987
587	3.290427
588	2.145975
589	2.522915
590	2.568054
591	2.076993
592	2.620934
593	2.406262
594	1.947537
595	2.617388
596	1.826720
597	2.078005
598	2.085016
599	3.876300
600	2.751966
601	2.013483
602	2.742397
603	3.012251
604	2.760741
605	2.838503
606	1.955634
607	2.510381
608	1.942966
609	2.745687
610	3.033100
611	1.684664
612	3.001483
613	2.741111
614	2.813893
615	2.413671
616	2.152068
617	2.885622
618	2.554799
619	3.737190
620	2.063854
621	2.792330
622	2.300805
623	2.948236
624	2.518193
625	3.166594
626	1.799138
627	2.602610
628	2.684716
629	2.494474
630	2.929456
631	2.843342
632	1.851729
633	2.006343
634	3.225736
635	2.485697
636	2.764957
637	3.229020
638	2.330558
639	2.364931
640	2.952930
641	2.154831
642	1.702845
643	2.296323
644	3.589251
645	2.595440
646	1.984464
647	2.777588
648	1.922134
649	1.909058
650	2.953928
651	2.033567
652	2.897467
653	2.033619
654	2.849158
655	2.893354
656	3.640824
657	1.869765
658	2.876145
659	3.091437
660	3.226515
661	1.899446
662	2.512308
663	2.858391
664	2.014299
665	2.215336
666	2.497959
667	2.912630
668	2.243878
669	2.657234
670	2.424232
671	2.370944
672	1.996799
673	3.298622
674	2.799788
675	1.938401
676	2.191483
677	1.920412
678	2.649497
679	2.195836
680	2.357308
681	2.511934
682	2.456319
683	2.939540
684	2.949473
685	2.741168
686	2.168203
687	2.158056
688	3.087231
689	1.746252
690	3.097014
691	3.153791
692	1.951845
693	2.201499
694	2.290699
695	2.714443
696	3.225027
697	3.015558
698	2.770307
699	2.956128
700	2.838820
701	2.973231
702	1.925256
703	2.484452
704	2.872201
705	2.973130
706	2.698389
707	3.216382
708	2.196383
709	2.934127
710	2.801444
711	2.785756
712	2.807935
713	2.723270
714	2.479717
715	2.738047
716	2.869512
717	3.070602
718	2.568052
719	2.099405
720	3.118685
721	3.052229
722	2.303583
723	3.028482
724	2.356715
725	2.839473
726	3.116841
727	2.301850
728	3.159337
729	2.847897
730	2.596865
731	2.358344
732	2.914880
733	2.539151
734	2.947465
735	2.598390
736	2.778404
737	3.075550
738	3.004812
739	3.369856
740	3.156874
741	3.049028
742	2.242432
743	3.045521
744	2.878490
745	2.902308
746	2.971925
747	2.694834
748	2.969135
749	3.106992
750	2.372637
751	3.243363
752	3.067473
753	2.800873
754	2.264114
755	3.116697
756	2.816665
757	2.433864
758	2.579516
759	3.985850
760	3.001913
761	3.012522
762	2.817124
763	2.537737
764	2.638200
765	3.348626
766	3.255854
767	2.864854
768	2.572352
769	3.236834
770	3.611801
771	3.065945
772	2.965991
773	2.636946
774	2.710536
775	2.731516
776	1.881912
777	3.272383
778	3.156895
779	3.477583
780	3.220570
781	3.090970
782	3.372788
783	2.717133
784	3.089482
785	3.043125
786	2.799464
787	3.384080
788	2.797874
789	2.733936
790	3.045998
791	3.734972
792	2.775086
793	3.231934
794	2.653564
795	2.749148
796	3.224300
797	2.598635
798	3.051508
799	2.850735
800	3.027704
801	3.008339
802	3.306722
803	2.574136
804	3.191818
805	2.827629
806	2.819683
807	3.095383
808	2.768792
809	2.567975
810	2.995165
811	2.995816
812	3.784110
813	3.035143
814	2.916335
815	2.957175
816	3.090127
817	2.772022
818	3.091210
819	2.992424
820	2.943700
821	3.483230
822	3.248953
823	3.199702
824	2.631517
825	3.314591
826	2.798802
827	3.307357
828	2.985501
829	2.719946
830	3.312613
831	2.778379
832	3.570069
833	3.239555
834	2.845205
835	3.369346
836	3.306250
837	3.243240
838	2.929113
839	3.042435
840	3.189642
841	2.603249
842	3.247865
843	3.651122
844	2.989180
845	3.385781
846	3.137103
847	3.336376
848	3.014515
849	2.945810
850	3.033051
851	2.901225
852	3.339952
853	2.316921
854	2.627795
855	2.835640
856	1.740290
857	2.648505
858	2.562661
859	3.242856
860	2.801233
861	2.422802
862	2.683900
863	2.879757
864	3.284319
865	2.776234
866	1.954473
867	2.955703
868	2.645202
869	2.656798
870	3.286732
871	1.764708
872	1.906353
873	2.010499
874	1.833485
875	2.491064
876	3.568665
877	2.870956
878	2.911374
879	3.084978
880	2.702072
881	2.657894
882	3.017759
883	2.863163
884	2.778294
885	3.297423
886	2.491808
887	2.629090
888	2.194652
889	2.092080
890	2.128475
891	3.362812
892	2.875081
893	2.743176
894	2.457106
895	2.914618
896	2.990452
897	2.421134
898	3.170947
899	3.073727
900	2.422768
901	2.866040
902	3.158399
903	2.523253
904	2.948662
905	2.749056
906	3.067527
907	2.263185
908	2.598519
909	2.764020
910	2.641157
911	2.156410
912	3.247724
913	3.353819
914	2.910585
915	3.195514
916	3.392656
917	3.386988
918	2.504416
919	3.611452
920	1.902866
921	2.534897
922	3.191333
923	2.436395
924	1.941366
925	1.668865
926	2.663003
927	1.793152
928	2.648657
929	2.190567
930	3.433205
931	2.840790
932	3.193571
933	3.331501
934	3.669620
935	2.627754
936	2.330513
937	2.766695
938	2.628023
939	3.027210
940	2.742661
941	3.017977
942	3.288555
943	3.441117
944	2.977614
945	2.300194
946	2.780304
947	2.387908
948	3.260999
949	2.886970
950	2.721271
951	3.207056
952	2.397039
953	2.340814
954	2.901414
955	3.022868
956	2.952880
957	2.911322
958	2.997480
959	2.110211
960	2.831607
961	2.964809
962	2.506970
963	2.600171
964	2.823772
965	3.369717
966	3.021671
967	2.704717
968	3.096676
969	2.892353
970	3.214483
971	1.782158
972	2.769042
973	2.710273
974	2.299955
975	2.583544
976	2.849299
977	2.819998
978	2.622441
979	3.223198
980	2.782533
981	2.860559
982	3.028430
983	2.760088
984	2.959542
985	2.613924
986	2.812935
987	3.479670
988	3.197015
989	3.091943
990	3.446709
991	2.627964
992	2.622157
993	2.846125
994	2.823811
995	2.843044
996	2.822853
997	3.728992
998	2.725160
999	3.129425
1000	3.220574
1001	2.789281
1002	3.332164
1003	3.219844
1004	2.631274
1005	3.323100
1006	2.464729
1007	3.257758
1008	3.749961
1009	3.159760
1010	3.170208
1011	3.009012
1012	2.922500
1013	3.549282
1014	2.882654
1015	3.308533
1016	3.610333
1017	1.988241
1018	1.801471
1019	2.099333
1020	2.717406
1021	3.436787
1022	2.535764
1023	2.977566
1024	2.679216
1025	2.017151
1026	1.931579
1027	2.039240
1028	3.141623
1029	1.932927
1030	2.039035
1031	1.810442
1032	1.974992
1033	1.801250
1034	3.359077
1035	1.973614
1036	2.342884
1037	1.884170
1038	3.298256
1039	2.786199
1040	2.128710
1041	2.000522
1042	2.319267
1043	3.030940
1044	2.586773
1045	1.953611
1046	1.851186
1047	2.678975
1048	2.691486
1049	1.669910
1050	2.134689
1051	2.654317
1052	2.042251
1053	2.049664
1054	2.654166
1055	2.012209
1056	3.453302
1057	2.130210
1058	1.851537
1059	2.368329
1060	1.874594
1061	1.840218
1062	1.920206
1063	1.976716
1064	1.929480
1065	3.249953
1066	1.940854
1067	2.356502
1068	2.045628
1069	2.301499
1070	2.180390
1071	2.427036
1072	2.418677
1073	1.745421
1074	2.581571
1075	2.468765
1076	1.960892
1077	1.937651
1078	2.286763
1079	3.052913
1080	2.094424
1081	2.802874
1082	2.796231
1083	2.766387
1084	1.869626
1085	2.080314
1086	1.985397
1087	1.922004
1088	2.748748
1089	2.186000
1090	2.099238
1091	1.986481
1092	2.544444
1093	1.851968
1094	2.087726
1095	2.911958
1096	1.859327
1097	2.322819
1098	1.741954
1099	2.102595
1100	2.519902
1101	1.904445
1102	2.008110
1103	1.835451
1104	1.833192
1105	2.822727
1106	2.542008
1107	2.686527
1108	1.866869
1109	1.873877
1110	2.680037
1111	1.830132
1112	2.592087
1113	2.421443
1114	2.729124
1115	2.146769
1116	2.297197
1117	3.321957
1118	2.616926
1119	2.614542
1120	2.561266
1121	3.449084
1122	2.338677
1123	2.257383
1124	2.713782
1125	3.005108
1126	2.648109
1127	1.737385
1128	2.608334
1129	2.763786
1130	2.977549
1131	2.806188
1132	1.872533
1133	2.870576
1134	2.646770
1135	2.255700
1136	2.878128
1137	2.486726
1138	2.801105
1139	2.779661
1140	2.803785
1141	2.478103
1142	2.302629
1143	3.009417
1144	1.762417
1145	1.762101
1146	2.026179
1147	2.342673
1148	2.685680
1149	2.645316
1150	2.929589
1151	2.961525
1152	2.757914
1153	1.734188
1154	1.856098
1155	2.813436
1156	2.958462
1157	2.054067
1158	2.525652
1159	2.712305
1160	2.716579
1161	2.368627
1162	2.540547
1163	2.603886
1164	3.078326
1165	2.082042
1166	2.158840
1167	2.958806
1168	2.584939
1169	2.773624
1170	1.952460
1171	2.672621
1172	2.569262
1173	2.123345
1174	2.660995
1175	2.817532
1176	2.805797
1177	2.619160
1178	1.845669
1179	3.499684
1180	2.475054
1181	2.905167
1182	2.624367
1183	2.482863
1184	1.901157
1185	2.376171
1186	2.262256
1187	1.763660
1188	2.993542
1189	1.962600
1190	2.245195
1191	2.177062
1192	2.870016
1193	2.686743
1194	3.027956
1195	3.055045
1196	2.810498
1197	2.660488
1198	2.690930
1199	2.392948
1200	1.918671
1201	1.999399
1202	2.863895
1203	2.929076
1204	2.679292
1205	2.812916
1206	2.410601
1207	2.875186
1208	2.538150
1209	3.126691
1210	2.804514
1211	2.960423
1212	2.025832
1213	2.534127
1214	3.130418
1215	2.480987
1216	3.241313
1217	3.047112
1218	2.889378
1219	2.897811
1220	3.096916
1221	2.789157
1222	2.859597
1223	2.496678
1224	2.939525
1225	2.994408
1226	2.899898
1227	3.306510
1228	2.316570
1229	2.560195
1230	2.806366
1231	2.925916
1232	2.531046
1233	1.872429
1234	1.938270
1235	3.153334
1236	1.997019
1237	2.692226
1238	2.970402
1239	2.751982
1240	2.225960
1241	2.678766
1242	2.463109
1243	2.321551
1244	2.096946
1245	2.656709
1246	2.654313
1247	3.173846
1248	2.418862
1249	2.793295
1250	3.463210
1251	2.854558
1252	3.591842
1253	2.576448
1254	2.444502
1255	2.733384
1256	2.622387
1257	3.203264
1258	2.744740
1259	2.684510
1260	1.729974
1261	2.003073
1262	2.323340
1263	2.520159
1264	2.449717
1265	2.649137
1266	2.385578
1267	2.122075
1268	1.969793
1269	2.676059
1270	2.266939
1271	2.663323
1272	2.645695
1273	1.942705
1274	2.366647
1275	2.653071
1276	2.657385
1277	2.148165
1278	3.132056
1279	2.337903
1280	2.738706
1281	3.091989
1282	2.954940
1283	2.113430
1284	1.959416
1285	2.139090
1286	2.387171
1287	2.630498
1288	2.337473
1289	3.079915
1290	2.368668
1291	2.767690
1292	3.220324
1293	2.961792
1294	2.072560
1295	2.706841
1296	2.608912
1297	3.294194
1298	2.910082
1299	2.805443
1300	2.473439
1301	2.978219
1302	2.618703
1303	2.147860
1304	2.881976
1305	2.768064
1306	2.471011
1307	1.921172
1308	2.418468
1309	1.839945
1310	2.227669
1311	2.539074
1312	1.759999
1313	2.240783
1314	2.084855
1315	2.252199
1316	2.105258
1317	3.285092
1318	2.415476
1319	2.755039
1320	2.281164
1321	2.668732
1322	3.351853
1323	2.753125
1324	2.217413
1325	2.547804
1326	2.267112
1327	2.256271
1328	2.634578
1329	3.387995
1330	2.216190
1331	2.395015
1332	2.167876
1333	2.838943
1334	2.623908
1335	2.667017
1336	2.383230
1337	2.891470
1338	3.107121
1339	2.527863
1340	2.032194
1341	2.211654
1342	3.090337
1343	3.321725
1344	2.844646
1345	2.623056
1346	2.514014
1347	2.215508
1348	3.268974
1349	3.084986
1350	1.886636
1351	3.027672
1352	2.739976
1353	1.892770
1354	2.557070
1355	2.196201
1356	2.706193
1357	2.965197
1358	2.674866
1359	2.644506
1360	2.601171
1361	2.564590
1362	2.287378
1363	1.851782
1364	3.350955
1365	2.782765
1366	2.801589
1367	2.851618
1368	2.710905
1369	2.349028
1370	2.984245
1371	2.608158
1372	2.576451
1373	3.310030
1374	2.699828
1375	2.706791
1376	2.637210
1377	2.467188
1378	2.907262
1379	3.113024
1380	2.941194
1381	2.873757
1382	2.854770
1383	2.781121
1384	2.229682
1385	3.017899
1386	2.669682
1387	2.910428
1388	3.111322
1389	2.573404
1390	3.454320
1391	2.594500
1392	2.851877
1393	3.267121
1394	2.780037
1395	2.874390
1396	2.961179
1397	2.348042
1398	1.658702
1399	3.386462
1400	3.172802
1401	2.488474
1402	2.847263
1403	3.027533
1404	3.218782
1405	2.235191
1406	2.795513
1407	2.775000
1408	2.363452
1409	2.624537
1410	2.696737
1411	2.658947
1412	1.909798
1413	2.768865
1414	2.660003
1415	2.389708
1416	2.271798
1417	3.487433
1418	3.003683
1419	2.610921
1420	3.135005
1421	3.016531
1422	2.759477
1423	2.662810
1424	2.847913
1425	2.845403
1426	2.295935
1427	2.677163
1428	2.608086
1429	2.947978
1430	3.129363
1431	2.527626
1432	2.696555
1433	2.549921
1434	3.140791
1435	3.378000
1436	2.925340
1437	2.607757
1438	2.695996
1439	2.642331
1440	2.041298
1441	2.008978
1442	2.919090
1443	2.734979
1444	1.870562
1445	3.107055
1446	3.031520
1447	2.366005
1448	2.449161
1449	2.319337
1450	3.619571
1451	1.978611
1452	3.098855
1453	2.974068
1454	2.677724
1455	2.593028
1456	2.174695
1457	3.099773
1458	2.875901
1459	2.532311
1460	2.540588
1461	3.058007
1462	2.799178
1463	3.203907
1464	3.096321
1465	2.950997
1466	2.863877
1467	2.670545
1468	1.996746
1469	3.015311
1470	3.159890
1471	2.726644
1472	2.262696
1473	3.763837
1474	2.534778
1475	2.311644
1476	2.327123
1477	2.255261
1478	2.724866
1479	2.492290
1480	2.838677
1481	2.642647
1482	2.660264
1483	2.381721
1484	1.921509
1485	3.028794
1486	2.370422
1487	2.635017
1488	2.093539
1489	2.399727
1490	3.215244
1491	2.516070
1492	2.595633
1493	3.167747
1494	3.326650
1495	2.907795
1496	2.991066
1497	3.344297
1498	2.603326
1499	3.000296
1500	3.598743
1501	2.787431
1502	1.942680
1503	3.083214
1504	2.182887
1505	2.710020
1506	1.911782
1507	2.305234
1508	2.948911
1509	2.918300
1510	2.686875
1511	2.717741
1512	3.184176
1513	2.173339
1514	2.751928
1515	2.910776
1516	2.542244
1517	2.828019
1518	3.219038
1519	2.902171
1520	2.804533
1521	2.765700
1522	2.731394
1523	3.151099
1524	3.354014
1525	2.163355
1526	2.452833
1527	2.660488
1528	2.628041
1529	2.150042
1530	2.413731
1531	3.132349
1532	2.395432
1533	2.577208
1534	2.920294
1535	2.815845
1536	2.649114
1537	2.730589
1538	2.191481
1539	2.479311
1540	1.827812
1541	3.017947
1542	1.821916
1543	2.545155
1544	2.686709
1545	2.840441
1546	2.953135
1547	3.185124
1548	2.618300
1549	2.221955
1550	2.724448
1551	2.667393
1552	2.766409
1553	2.728079
1554	2.505377
1555	2.833621
1556	2.674378
1557	2.551922
1558	2.446714
1559	2.732233
1560	2.492087
1561	2.890343
1562	2.703201
1563	2.420021
1564	2.188559
1565	2.713925
1566	3.149669
1567	2.117117
1568	2.542907
1569	2.823636
1570	2.917860
