0	1.879175
1	1.980759
2	1.942036
3	2.135275
4	1.975373
5	2.000847
6	2.743154
7	2.069251
8	1.952665
9	1.783397
10	1.754253
11	1.811105
12	1.972054
13	3.263740
14	1.950643
15	3.175990
16	3.366319
17	2.860857
18	2.832984
19	3.380194
20	2.192010
21	2.146182
22	1.941054
23	2.612775
24	3.223226
25	2.016458
26	1.797998
27	3.098436
28	1.954763
29	1.707193
30	1.989726
31	1.802164
32	3.069776
33	1.915330
34	1.998825
35	1.942088
36	3.409003
37	2.280044
38	1.861746
39	1.996295
40	2.818121
41	1.836139
42	1.915697
43	3.494638
44	1.974994
45	2.351957
46	3.656050
47	2.070969
48	1.990476
49	2.538543
50	2.022473
51	2.409751
52	2.388180
53	1.906672
54	2.479898
55	2.005270
56	1.778596
57	1.878640
58	1.879309
59	1.978382
60	2.427220
61	1.856368
62	2.872908
63	2.567023
64	1.970457
65	3.185593
66	2.170435
67	1.918801
68	2.168733
69	2.774940
70	2.052340
71	2.513383
72	1.815157
73	3.351745
74	3.143327
75	2.004817
76	2.215874
77	3.163891
78	1.782867
79	2.043456
80	1.987713
81	1.876751
82	2.386400
83	1.821234
84	1.872857
85	2.491466
86	1.771810
87	1.795382
88	3.392625
89	2.511298
90	1.850649
91	1.898868
92	2.363240
93	2.452594
94	2.298309
95	2.540276
96	3.337320
97	2.226682
98	2.437605
99	2.167859
100	2.009033
101	3.391704
102	3.444325
103	1.919815
104	1.799832
105	3.001235
106	2.157544
107	2.094829
108	1.766692
109	2.018120
110	2.177473
111	2.099758
112	1.811985
113	1.803386
114	2.188288
115	3.265671
116	1.860241
117	3.525562
118	1.858760
119	2.266056
120	1.964918
121	2.419278
122	2.481716
123	2.112298
124	1.832211
125	1.900896
126	1.863438
127	3.151839
128	1.855612
129	1.754335
130	1.733695
131	2.997683
132	2.243590
133	2.225735
134	1.993740
135	1.824527
136	1.973576
137	2.089042
138	1.789133
139	2.233427
140	2.027929
141	3.598624
142	1.763549
143	2.133590
144	1.751256
145	1.869571
146	1.945818
147	2.733313
148	1.957191
149	2.745650
150	2.127770
151	2.149814
152	1.816315
153	2.536730
154	2.808791
155	1.967969
156	2.429404
157	1.943555
158	1.938504
159	2.127016
160	1.807596
161	2.102975
162	2.386589
163	2.069347
164	1.951334
165	1.888544
166	2.590077
167	2.909810
168	1.958188
169	1.874326
170	1.910340
171	2.050976
172	1.994541
173	2.219056
174	2.548175
175	1.824199
176	2.662685
177	3.279770
178	1.931036
179	3.374109
180	1.906438
181	1.984188
182	1.799195
183	1.946511
184	1.967662
185	2.115869
186	2.049245
187	1.860565
188	1.927305
189	2.013380
190	1.905806
191	2.177384
192	3.383755
193	2.512171
194	3.516646
195	3.157421
196	3.004896
197	2.065091
198	2.827896
199	3.264200
200	2.015440
201	1.956377
202	1.908953
203	1.877365
204	2.751781
205	2.012287
206	2.902241
207	2.982381
208	1.871068
209	1.984211
210	3.031105
211	2.735051
212	2.287400
213	1.903102
214	3.338996
215	2.518629
216	2.135884
217	2.152162
218	2.325596
219	1.945148
220	1.857149
221	1.859168
222	1.873019
223	1.931502
224	2.229664
225	2.679870
226	3.140351
227	2.800447
228	1.920989
229	1.782975
230	2.628916
231	2.473743
232	1.990882
233	1.951205
234	2.158332
235	3.258773
236	2.089906
237	1.856905
238	2.397686
239	1.868822
240	1.836763
241	1.904470
242	1.986153
243	1.890660
244	2.011094
245	2.396935
246	2.007510
247	2.052537
248	2.060606
249	2.067173
250	2.392447
251	3.363824
252	2.047095
253	2.535705
254	2.472347
255	3.456023
256	1.930723
257	2.005269
258	1.951153
259	2.019184
260	1.656804
261	2.272202
262	1.840272
263	2.531421
264	1.972434
265	2.208027
266	1.868852
267	1.922550
268	2.102238
269	2.091841
270	1.919663
271	1.915986
272	1.792039
273	1.844642
274	2.064587
275	1.976716
276	2.211108
277	1.910105
278	2.985129
279	2.634654
280	1.963823
281	2.284317
282	1.947253
283	2.004618
284	2.721876
285	2.014596
286	1.951744
287	3.547575
288	2.095638
289	2.867229
290	1.914731
291	2.285366
292	2.240089
293	1.823568
294	2.647986
295	1.956768
296	3.751450
297	3.163508
298	1.843964
299	1.727050
300	1.847651
301	2.388408
302	1.989624
303	3.153490
304	1.840896
305	2.408278
306	1.926498
307	1.790139
308	2.396039
309	2.086242
310	2.247708
311	1.787009
312	1.953689
313	2.190983
314	2.020717
315	1.904472
316	2.299586
317	2.024402
318	1.856582
319	2.399604
320	2.353338
321	2.277828
322	3.083734
323	1.771271
324	1.798500
325	1.990905
326	1.968680
327	1.845508
328	2.121438
329	1.820714
330	2.168917
331	2.114355
332	1.953586
333	1.836764
334	1.823349
335	1.793823
336	2.712288
337	2.320432
338	1.859328
339	1.984590
340	2.175018
341	2.204245
342	1.777330
343	2.175890
344	1.960127
345	1.982371
346	2.568677
347	2.173339
348	1.839619
349	2.332060
350	1.975376
351	2.249135
352	1.810138
353	3.234503
354	1.970664
355	1.931735
356	2.137030
357	1.876112
358	2.181146
359	1.869465
360	2.038109
361	1.821456
362	1.629666
363	2.198503
364	2.021163
365	2.223331
366	2.619638
367	2.073790
368	2.537968
369	2.129441
370	1.904677
371	2.098119
372	1.813725
373	1.919506
374	1.921147
375	3.419851
376	2.308204
377	1.780366
378	2.044749
379	2.146718
380	3.319850
381	2.286350
382	1.896576
383	1.983685
384	2.168203
385	1.796690
386	1.827812
387	2.200362
388	2.345929
389	1.886239
390	1.811102
391	2.357054
392	3.132954
393	1.986481
394	2.087031
395	2.654298
396	1.993340
397	1.835373
398	2.550706
399	2.494855
400	2.141165
401	2.412488
402	1.930234
403	3.156422
404	2.148883
405	1.821373
406	1.878030
407	2.107842
408	1.916794
409	3.503755
410	2.224186
411	1.924421
412	2.596364
413	2.097498
414	1.888966
415	2.133210
416	2.748107
417	3.301529
418	2.202317
419	2.545938
420	2.520594
421	1.827705
422	2.346252
423	1.948253
424	1.843528
425	1.859813
426	1.800084
427	2.010197
428	2.952863
429	2.367690
430	2.096877
431	2.022868
432	1.921875
433	3.276077
434	1.844851
435	1.800553
436	1.845590
437	3.193539
438	1.918436
439	2.964826
440	1.898313
441	3.064732
442	1.998925
443	3.041660
444	2.144502
445	2.150093
446	2.946612
447	3.143323
448	3.119115
449	2.925305
450	2.112014
451	2.894217
452	1.971850
453	3.500700
454	2.855872
455	1.890449
456	2.587451
457	2.081490
458	1.953484
459	2.255175
460	3.341093
461	3.691680
462	1.931707
463	2.474793
464	2.179496
465	2.120470
466	1.803804
467	3.571639
468	3.107314
469	2.787757
470	2.089833
471	1.945149
472	2.711550
473	2.192898
474	2.186823
475	1.828962
476	3.793996
477	1.809669
478	2.003247
479	1.809117
480	1.848270
481	2.195655
482	2.016728
483	2.783146
484	1.720871
485	3.203904
486	2.397124
487	2.308138
488	3.351731
489	1.741982
490	1.925668
491	2.236425
492	1.831856
493	1.941906
494	1.921901
495	2.889187
496	1.831775
497	1.980985
498	2.787041
499	2.379118
500	2.334481
501	2.003148
502	2.032486
503	2.636703
504	1.998725
505	1.801721
506	2.882673
507	1.928133
508	2.080649
509	1.807374
510	1.973449
511	2.755975
512	2.019950
513	2.047779
514	2.919606
515	2.899414
516	1.837594
517	1.929170
518	1.997349
519	1.956374
520	2.388368
521	1.844587
522	1.994016
523	2.025272
524	2.018788
525	1.853898
526	1.975602
527	2.460168
528	2.152231
529	1.666073
530	2.844011
531	1.869706
532	1.917263
533	3.603839
534	2.011840
535	1.882578
536	2.997897
537	3.261111
538	1.829782
539	2.063831
540	1.886638
541	1.937498
542	2.011790
543	2.006613
544	2.028916
545	1.921926
546	2.106798
547	2.320969
548	2.237075
549	1.907249
550	3.739707
551	1.887433
552	1.975095
553	1.981843
554	2.060243
555	3.008538
556	1.989396
557	1.890133
558	3.390116
559	2.556051
560	1.729306
561	1.800917
562	2.264707
563	1.914027
564	1.835676
565	2.475116
566	2.416961
567	1.974664
568	1.874087
569	1.933106
570	2.082403
571	2.350936
572	1.881808
573	1.874193
574	2.168917
575	1.927693
576	1.843068
577	1.930000
578	1.997325
579	2.113694
580	1.857095
581	2.369240
582	2.024277
583	2.869530
584	1.837880
585	3.624776
586	1.919401
587	2.098070
588	2.654733
589	1.718866
590	1.857794
591	1.798834
592	2.125912
593	2.200387
594	2.523904
595	1.803662
596	3.354461
597	2.258164
598	1.888438
599	2.931620
600	2.256458
601	2.605840
602	2.695646
603	2.520992
604	2.422746
605	2.391088
606	2.048340
607	2.292794
608	2.878645
609	1.808286
610	1.900370
611	2.621488
612	1.964715
613	2.293687
614	2.152511
615	2.036197
616	2.105351
617	1.920677
618	2.595187
619	3.449826
620	1.843935
621	1.967614
622	2.279540
623	2.074535
624	1.900184
625	1.841549
626	1.787569
627	1.877473
628	1.737903
629	2.317715
630	2.931912
631	1.994469
632	1.792067
633	1.781010
634	2.569942
635	2.113977
636	1.747484
637	2.930002
638	2.909672
639	3.803328
640	3.118157
641	3.416490
642	3.139252
643	2.181605
644	2.172947
645	1.836300
646	2.126594
647	2.042058
648	2.243322
649	1.802886
650	2.172855
651	1.924214
652	2.098977
653	2.392864
654	2.030689
655	2.004446
656	2.509304
657	3.129679
658	1.920678
659	3.707479
660	1.995521
661	1.996848
662	2.053046
663	1.889285
664	2.306274
665	1.908743
666	2.515636
667	2.185658
668	1.775445
669	1.850054
670	1.920938
671	2.328004
672	1.817113
673	1.714818
674	3.045849
675	2.336450
676	3.235027
677	2.411141
678	1.927538
679	1.781713
680	3.181855
681	2.747308
682	3.672398
683	2.425283
684	1.899605
685	2.701963
686	1.954704
687	2.406200
688	2.830177
689	2.744248
690	1.827868
691	1.939304
692	1.878110
693	1.799368
694	2.009005
695	2.026189
696	1.810360
697	3.020563
698	2.523350
699	3.447622
700	1.878670
701	1.980757
702	2.136095
703	2.043669
704	1.814828
705	2.131220
706	2.130751
707	3.758736
708	2.673182
709	1.966164
710	1.996346
711	2.870227
712	1.810168
713	3.396012
714	1.692660
715	3.857045
716	1.851190
717	1.828688
718	2.045288
719	2.961263
720	2.298283
721	1.909162
722	1.921067
723	1.824609
724	2.050561
725	1.936001
726	1.797499
727	1.954815
728	2.159652
729	1.762073
730	1.806820
731	2.312769
732	1.957702
733	3.389458
734	1.833085
735	1.974892
736	1.886637
737	2.456909
738	2.239821
739	3.212024
740	2.405348
741	2.484230
742	1.877951
743	3.376596
744	1.831366
745	2.617861
746	1.669439
747	2.708949
748	1.751535
749	1.941597
750	1.986227
751	3.582695
752	1.876794
753	1.884090
754	2.450388
755	2.270815
756	1.953356
757	2.505753
758	2.424397
759	1.857794
760	2.158263
761	2.329700
762	2.168340
763	1.933702
764	1.951009
765	2.774185
766	1.920032
767	1.829836
768	1.909624
769	2.103640
770	2.401228
771	2.953532
772	2.163447
773	2.064351
774	2.107249
775	1.791228
776	2.181032
777	2.172050
778	1.740574
779	1.823485
780	2.012486
781	2.244505
782	2.160416
783	1.735829
784	1.889894
785	2.098309
786	1.963008
787	2.875639
788	2.032855
789	3.340869
790	2.039755
791	1.952255
792	1.916456
793	1.850757
794	1.993840
795	2.921695
796	2.435036
797	1.935485
798	2.193376
799	1.889285
800	3.133204
801	1.966927
802	3.005545
803	2.107558
804	2.201113
805	1.847972
806	3.546214
807	2.215380
808	2.046802
809	2.155760
810	1.776823
811	2.120943
812	2.344483
813	1.965808
814	2.831607
815	2.279320
816	2.695348
817	2.676901
818	1.895495
819	2.103782
820	2.151950
821	1.879734
822	2.743611
823	1.878510
824	1.947460
825	2.010672
826	1.754566
827	1.802055
828	1.747941
829	3.215245
830	1.763321
831	1.677647
832	2.003397
833	1.987385
834	1.979621
835	2.137241
836	2.863704
837	1.944248
838	2.005941
839	2.226050
840	1.937653
841	1.920677
842	1.914288
843	1.843610
844	2.435959
845	2.128333
846	1.916194
847	1.823650
848	2.602095
849	1.865127
850	1.786505
851	2.039339
852	2.606473
853	2.214723
854	1.842961
855	1.956196
856	2.394702
857	2.933002
858	1.879522
859	1.722150
860	1.916480
861	3.133529
862	3.077303
863	3.111413
864	2.825369
865	2.024673
866	1.803691
867	2.670897
868	2.678471
869	2.138248
870	1.918855
871	2.111896
872	1.859301
873	2.982768
874	2.256768
875	1.881967
876	2.145158
877	2.245018
878	3.564394
879	1.917837
880	3.533200
881	2.641420
882	2.418389
883	1.982397
884	2.131878
885	2.023340
886	2.797430
887	1.893093
888	3.433746
889	1.906751
890	2.626424
891	2.059782
892	1.759345
893	2.182568
894	1.751742
895	2.240445
896	1.808121
897	3.591784
898	1.963544
899	2.252576
900	2.086864
901	2.423571
902	3.475830
903	2.207487
904	2.029680
905	1.793238
906	3.240449
907	2.291048
908	2.089546
909	1.995820
910	2.520039
911	2.096545
912	2.025834
913	3.620690
914	2.112843
915	1.704346
916	2.477297
917	2.954945
918	2.242965
919	3.501228
920	1.855423
921	3.704065
922	1.955608
923	1.890715
924	1.872993
925	2.347999
926	1.785328
927	1.972257
928	2.902465
929	2.335059
930	2.132159
931	1.846809
932	1.940851
933	2.106049
934	2.054678
935	1.888307
936	2.880173
937	1.833250
938	2.103570
939	1.904047
940	1.897602
941	1.798610
942	1.953894
943	2.289520
944	1.838313
945	1.947459
946	3.471529
947	1.828605
948	1.967891
949	3.156883
950	2.031280
951	2.156062
952	1.828251
953	1.989597
954	2.688586
955	2.709262
956	2.323877
957	1.991531
958	1.673379
959	2.119576
960	2.172303
961	2.008906
962	2.957854
963	2.189087
964	1.879867
965	1.852377
966	2.242230
967	2.303063
968	1.985573
969	1.870347
970	1.817966
971	1.863169
972	1.877472
973	2.046680
974	2.050757
975	2.400734
976	2.157823
977	1.824581
978	2.207012
979	2.057110
980	2.549392
981	2.342242
982	1.953203
983	1.984968
984	1.770254
985	1.959337
986	2.018044
987	1.809669
988	2.155111
989	1.903733
990	2.252866
991	1.846618
992	1.950538
993	1.879015
994	2.015589
995	3.187115
996	3.148937
997	3.054406
998	3.375396
999	2.702240
1000	1.878750
1001	2.045605
1002	2.939217
1003	2.453344
1004	1.876193
1005	1.976411
1006	2.152998
1007	1.830929
1008	1.818626
1009	2.168156
1010	1.900052
1011	1.840354
1012	1.886636
1013	3.091116
1014	1.816288
1015	1.772174
1016	1.794603
1017	2.088587
1018	2.237788
1019	2.031280
1020	3.016637
1021	2.407405
1022	2.561270
1023	2.320457
1024	2.202425
1025	2.200045
1026	2.448613
1027	1.974969
1028	2.143782
1029	1.844912
1030	2.286525
1031	1.961172
1032	2.033371
1033	2.104425
1034	2.997015
1035	2.412178
1036	1.841684
1037	2.029089
1038	1.695348
1039	2.100786
1040	1.789469
1041	2.603266
1042	2.020519
1043	2.403186
1044	2.102404
1045	3.639698
1046	2.553272
1047	2.656858
1048	2.183416
1049	2.932883
1050	1.771468
1051	2.327981
1052	2.282675
1053	1.961708
1054	2.014076
1055	2.186321
1056	2.097476
1057	2.703665
1058	2.305558
1059	2.416547
1060	2.081272
1061	1.817716
1062	2.626289
1063	2.526876
1064	1.970636
1065	2.080796
1066	2.518750
1067	1.846779
1068	3.039492
1069	1.899526
1070	2.202931
1071	1.927225
1072	2.666101
1073	1.797194
1074	2.432057
1075	1.867968
1076	2.360722
1077	2.373690
1078	2.113433
1079	2.131172
1080	1.977903
1081	2.176718
1082	1.940361
1083	1.926033
1084	2.397852
1085	2.178670
1086	1.901578
1087	2.854504
1088	3.233405
1089	1.965934
1090	2.282872
1091	2.119834
1092	1.986278
1093	1.755363
1094	2.181490
1095	2.622996
1096	2.006440
1097	2.412696
1098	1.904049
1099	3.025029
1100	2.126052
1101	2.107535
1102	1.834394
1103	2.101761
1104	1.985901
1105	3.055651
1106	1.937859
1107	1.843909
1108	2.065285
1109	2.356714
1110	1.894572
1111	2.350872
1112	3.539745
1113	1.915281
1114	2.118514
1115	2.720404
1116	2.109289
1117	1.914810
1118	1.740862
1119	3.416519
1120	1.955582
1121	2.150953
1122	3.377233
1123	1.906883
1124	2.009302
1125	2.821525
1126	3.377825
1127	2.384827
1128	1.787904
1129	2.132722
1130	2.670936
1131	2.622709
1132	1.999025
1133	1.874060
1134	2.186001
1135	2.208008
1136	2.104614
1137	1.689852
1138	2.898931
1139	2.061480
1140	2.089283
1141	2.001730
1142	1.841474
1143	2.091952
1144	1.801774
1145	1.990001
1146	3.447668
1147	1.737757
1148	3.019967
1149	2.074848
1150	3.125284
1151	1.862122
1152	3.640068
1153	2.420042
1154	2.035192
1155	1.891165
1156	1.852403
1157	2.481633
1158	1.936259
1159	2.430412
1160	2.787131
1161	1.856611
1162	3.132044
1163	2.082331
1164	1.962387
1165	2.250124
1166	2.160094
1167	2.624519
1168	1.861424
1169	2.936819
1170	2.148045
1171	2.150150
1172	2.871280
1173	2.152622
1174	2.091106
1175	2.322155
1176	2.008706
1177	1.844262
1178	2.151882
1179	1.773019
1180	1.913272
1181	2.084754
1182	1.962883
1183	2.895409
1184	1.961787
1185	2.570390
1186	2.785210
1187	2.059466
1188	1.791787
1189	1.768646
1190	2.044187
1191	2.168894
1192	2.438072
1193	2.450510
1194	2.773700
1195	1.920130
1196	2.523906
1197	2.494032
1198	2.150443
1199	2.163631
1200	1.947561
1201	2.777662
1202	1.955657
1203	2.715492
1204	2.553156
1205	1.947021
1206	2.130401
1207	2.883939
1208	1.878376
1209	2.743519
1210	2.012313
1211	2.371372
1212	3.725199
1213	3.223677
1214	1.987006
1215	1.898787
1216	2.126100
1217	2.868380
1218	1.905623
1219	1.951898
1220	1.756674
1221	3.175593
1222	1.774428
1223	1.784545
1224	3.008837
1225	2.783704
1226	2.857585
1227	2.944794
1228	1.945507
1229	2.162893
1230	2.029631
1231	2.723619
1232	3.795379
1233	1.904757
1234	2.127604
1235	2.772148
1236	1.862096
1237	1.877260
1238	2.108886
1239	3.459392
1240	3.234610
1241	2.089017
1242	1.797247
1243	1.892143
1244	1.833821
1245	2.085832
1246	1.889814
1247	3.103321
1248	2.381217
1249	2.555091
1250	2.750090
1251	2.066494
1252	1.819697
1253	1.969619
1254	2.327703
1255	1.959643
1256	2.085977
1257	2.071835
1258	2.280635
1259	1.973044
1260	1.999125
1261	2.766261
1262	2.235933
1263	1.845996
1264	1.751486
1265	2.955351
1266	2.842483
1267	1.788078
1268	1.806247
1269	1.841106
1270	2.330515
1271	1.974722
1272	1.826280
1273	2.029432
1274	2.151715
1275	1.806351
1276	1.902280
1277	2.947168
1278	2.106799
1279	2.229911
1280	1.948614
1281	1.808978
1282	1.956374
1283	3.318680
1284	1.918359
1285	1.845345
1286	2.555335
1287	1.795383
1288	1.777892
1289	1.863625
1290	2.120826
1291	1.854374
1292	1.717294
1293	2.886347
1294	2.092319
1295	1.807816
1296	2.025933
1297	2.175063
1298	2.084874
1299	1.903812
1300	2.012014
1301	2.038456
1302	2.200841
1303	1.996544
1304	1.846223
1305	1.794881
1306	2.008760
1307	1.893135
1308	3.422874
1309	3.022085
1310	1.966316
1311	1.868331
1312	2.010249
1313	2.155186
1314	1.957907
1315	2.437130
1316	1.952665
1317	1.968399
1318	1.988066
1319	1.955307
1320	2.035191
1321	2.017077
1322	1.761845
1323	1.877817
1324	1.736693
1325	2.264817
1326	2.810339
1327	1.837444
1328	1.982953
1329	1.867062
1330	1.962982
1331	3.174771
1332	2.536394
1333	2.141728
1334	2.092960
1335	1.806193
1336	1.972360
1337	2.092358
1338	2.479295
1339	1.996172
1340	2.009328
1341	1.901736
1342	2.014670
1343	1.903497
1344	2.324888
1345	2.150023
1346	2.453752
1347	1.829999
1348	1.946175
1349	1.880852
1350	1.858117
1351	1.793489
1352	1.821319
1353	2.198932
1354	2.355354
1355	1.995720
1356	1.929897
1357	2.033617
1358	2.370042
1359	1.659187
1360	2.467103
1361	1.986580
1362	3.407095
1363	2.110783
1364	1.996747
1365	2.139717
1366	1.836628
1367	2.077564
1368	2.013683
1369	2.673285
1370	2.019381
1371	2.098975
1372	1.783844
1373	2.432303
1374	2.280923
1375	1.947846
1376	2.530632
1377	2.018538
1378	1.862068
1379	2.135181
1380	1.982146
1381	1.851350
1382	1.767597
1383	2.061261
1384	2.565043
1385	3.268896
1386	1.853646
1387	2.254462
1388	2.466962
1389	1.981358
1390	2.477679
1391	1.793219
1392	1.867993
1393	1.957109
1394	2.287378
1395	2.649113
1396	2.365606
1397	2.119905
1398	1.918958
1399	3.366528
1400	1.962193
1401	1.945610
1402	2.588654
1403	3.163842
1404	2.300391
1405	1.964001
1406	1.949820
1407	1.776344
1408	2.888062
1409	1.900370
1410	2.260820
1411	3.131166
1412	2.038848
1413	2.031970
1414	1.995619
1415	1.840465
1416	1.875234
1417	1.928808
1418	2.268524
1419	2.179076
1420	1.982423
1421	1.994267
1422	1.772850
1423	2.193741
1424	1.944350
1425	1.779270
1426	2.720744
1427	1.895713
1428	3.478821
1429	2.296519
1430	2.376558
1431	1.968274
1432	1.955123
1433	1.867431
1434	3.287628
1435	2.279825
1436	3.485734
1437	2.391737
1438	1.915985
1439	1.873606
1440	2.746473
1441	2.250110
1442	2.008906
1443	2.359957
1444	2.037077
1445	2.027217
1446	1.954968
1447	2.028620
1448	3.284558
1449	3.659590
1450	2.497377
1451	2.966072
1452	2.000422
1453	2.078003
1454	1.972688
1455	3.443980
1456	2.305122
1457	2.111758
1458	2.022350
1459	1.891266
1460	1.814991
1461	2.019827
1462	2.689183
1463	1.770366
1464	2.470584
1465	2.054996
1466	2.225781
1467	1.875150
1468	2.169382
1469	1.973680
1470	2.520993
1471	1.914707
1472	2.182590
1473	1.892327
1474	1.845809
1475	1.946024
1476	2.117404
1477	1.954329
1478	1.849026
1479	1.886238
1480	1.916691
1481	2.395055
1482	3.025672
1483	1.937937
1484	2.140419
1485	1.843968
1486	1.964306
1487	2.602332
1488	2.290285
1489	2.441090
1490	1.820443
1491	1.947155
1492	2.826908
1493	1.809364
1494	3.402297
1495	2.180941
1496	1.905728
1497	1.939534
1498	2.155111
1499	2.782335
1500	2.152785
1501	2.065043
1502	2.036610
1503	2.863003
1504	2.075066
1505	3.149123
1506	1.852403
1507	2.197000
1508	2.455095
1509	3.153507
1510	1.869381
1511	2.057719
1512	2.290806
1513	2.944926
1514	1.860164
1515	1.823866
1516	3.168438
1517	2.463720
1518	2.129551
1519	1.881618
1520	1.835725
1521	1.810994
1522	2.858028
1523	1.808788
1524	2.375415
1525	1.821867
1526	1.886928
1527	2.920174
1528	2.171287
1529	1.775300
1530	2.109622
1531	1.846131
1532	1.950922
1533	1.725139
1534	2.204654
1535	2.191460
1536	3.016621
1537	2.077693
1538	3.253597
1539	1.815105
1540	2.514858
1541	1.959744
1542	2.259226
1543	1.774967
1544	3.256518
1545	1.962780
1546	1.948770
1547	3.510497
1548	2.516763
1549	1.960485
1550	2.270795
1551	3.266267
1552	2.015612
1553	2.052413
1554	3.261119
1555	1.872592
1556	1.807927
1557	1.788466
1558	3.561122
1559	2.651889
1560	1.776148
1561	2.149487
1562	2.819964
1563	1.945996
1564	1.889258
1565	2.027661
1566	2.143106
1567	1.878536
1568	2.621946
1569	2.328776
1570	3.321235
1571	1.971140
1572	1.917941
1573	2.256390
1574	3.044503
1575	2.730091
1576	2.063855
1577	1.657166
1578	2.102261
1579	1.921379
1580	2.050780
1581	1.987787
1582	2.425655
1583	1.930724
1584	2.429054
1585	2.336623
1586	1.810220
1587	2.174420
1588	2.133283
1589	1.856743
1590	3.071448
1591	2.717445
1592	2.558694
1593	2.033127
1594	2.155387
1595	2.644012
1596	1.932588
1597	1.959030
1598	1.892749
1599	2.510896
1600	1.886932
1601	2.437152
1602	2.784007
1603	1.779014
1604	2.045115
1605	3.113196
1606	2.347805
1607	2.260199
1608	2.196227
1609	1.990327
1610	2.459207
1611	1.816286
1612	2.117806
1613	1.862552
1614	3.214188
1615	3.531926
1616	2.317457
1617	2.050442
1618	2.269232
1619	2.588163
1620	2.003620
1621	2.118512
1622	3.674971
1623	2.094203
1624	1.800719
1625	3.569062
1626	1.958724
1627	1.955735
1628	1.922993
1629	2.006517
1630	3.468575
1631	1.808784
1632	1.780704
1633	1.979825
1634	1.882925
1635	2.184194
1636	1.929794
1637	2.962871
1638	1.890003
1639	1.901317
1640	2.099596
1641	1.726295
1642	3.529716
1643	2.183803
1644	1.931345
1645	1.862338
1646	2.915854
1647	2.513583
1648	1.989648
1649	2.338331
1650	1.769632
1651	3.763057
1652	1.871551
1653	1.866467
1654	1.882920
1655	2.161737
1656	1.860404
1657	3.277453
1658	1.784993
1659	1.929639
1660	1.859327
1661	2.113078
1662	1.859838
1663	3.314347
1664	1.790724
1665	2.005617
1666	2.175018
1667	1.843854
1668	1.864295
1669	1.672902
1670	1.883428
1671	2.118585
1672	2.410248
1673	1.906674
1674	1.806377
1675	2.604325
1676	2.941020
1677	1.753916
1678	1.791454
1679	2.331801
1680	1.802251
1681	3.510371
1682	2.503797
1683	1.903969
1684	2.263672
1685	1.813008
1686	2.156876
1687	2.019506
1688	1.791818
1689	3.286412
1690	1.936079
1691	2.639657
1692	1.825072
1693	1.944715
1694	2.386507
1695	2.322152
1696	1.903968
1697	1.799833
1698	3.182593
1699	2.897811
1700	1.867917
1701	1.794908
1702	1.723773
1703	1.904441
1704	1.987387
1705	2.387338
1706	1.768733
1707	3.411111
1708	3.414099
1709	2.675781
1710	2.011567
1711	2.057305
1712	1.912718
1713	1.988718
1714	2.755739
1715	4.585560
1716	1.960127
1717	3.398381
1718	2.444196
1719	2.916333
1720	2.152095
1721	1.892328
1722	1.796272
1723	1.963315
1724	1.796720
1725	1.722817
1726	2.247775
1727	2.140469
1728	2.148350
1729	2.278440
1730	2.038506
1731	3.083130
1732	2.000350
1733	2.234862
1734	1.877229
1735	1.825406
1736	2.317350
1737	2.948304
1738	1.875686
1739	2.084344
1740	1.909185
1741	2.655051
1742	1.784939
1743	1.982674
1744	1.825212
1745	3.016371
1746	2.331288
1747	2.400020
1748	2.674510
1749	1.906334
1750	1.753253
1751	1.876857
1752	1.779214
1753	3.505511
1754	3.380814
1755	2.224096
1756	2.014697
1757	1.880850
1758	2.026720
1759	2.333922
1760	1.856745
1761	1.822911
1762	3.046720
1763	3.273499
1764	1.688343
1765	2.584433
1766	1.897578
1767	1.835784
1768	2.170761
1769	2.439714
1770	2.091459
1771	1.758721
1772	1.971194
1773	1.952741
1774	1.720637
1775	2.085714
1776	1.892644
1777	2.096189
1778	1.765247
1779	2.562769
1780	2.088086
1781	1.789106
1782	2.338053
1783	1.655110
1784	1.992713
1785	2.166655
1786	1.966266
1787	2.167811
1788	1.817386
1789	2.083413
1790	1.918409
1791	1.847513
1792	2.284426
1793	1.644628
1794	2.111541
1795	2.018415
1796	2.977296
1797	1.934887
1798	2.395056
1799	2.160832
1800	1.888441
1801	1.880105
1802	3.378283
1803	1.939435
1804	1.926757
1805	3.435725
1806	1.815985
1807	1.881194
1808	1.855880
1809	1.831227
1810	2.063145
1811	1.955251
1812	1.730606
1813	2.375394
1814	2.517161
1815	1.953820
1816	2.140363
1817	2.169192
1818	3.615993
1819	1.895285
1820	1.874486
1821	2.315364
1822	2.310173
1823	2.029728
1824	1.967687
1825	1.996343
1826	1.864671
1827	2.054656
1828	2.019058
1829	3.389350
1830	1.917757
1831	2.138247
1832	3.287704
1833	1.957015
1834	2.277741
1835	1.912644
1836	3.273010
1837	1.787005
1838	2.009677
1839	2.178877
1840	2.388870
1841	1.906012
1842	3.293568
1843	2.080914
1844	2.435116
1845	1.896998
1846	3.464479
1847	2.116668
1848	3.218862
1849	2.904398
1850	2.122381
1851	2.331628
1852	3.344133
1853	3.272478
1854	1.945610
1855	2.065557
1856	1.790055
1857	2.372575
1858	2.085214
1859	1.883639
1860	1.950334
1861	2.006665
1862	2.904019
1863	3.238961
1864	2.274224
1865	2.230093
1866	1.881935
1867	1.939097
1868	1.796943
1869	2.319823
1870	1.903706
1871	2.110262
1872	1.892778
1873	2.144110
1874	2.761608
1875	3.320911
1876	3.230061
1877	1.934322
1878	2.096976
1879	1.839321
1880	3.181902
1881	1.958724
1882	1.824800
1883	2.018543
1884	1.956451
1885	3.053148
1886	1.696140
1887	1.974737
1888	2.099072
1889	2.081028
1890	1.827948
1891	2.697869
1892	1.855536
1893	1.857447
1894	2.518767
1895	1.859790
1896	2.272401
1897	2.074151
1898	2.049220
1899	2.145994
1900	2.603190
1901	1.748195
1902	2.545447
1903	1.771498
1904	2.831949
1905	2.177726
1906	2.899740
1907	2.546490
1908	1.907757
1909	2.088249
1910	1.705783
1911	2.380103
1912	1.855640
1913	1.954765
1914	2.157501
1915	1.841005
1916	1.766691
1917	3.195278
1918	1.889074
1919	3.272932
1920	2.749926
1921	2.038773
1922	2.015557
1923	2.941594
1924	1.754561
1925	2.013623
1926	1.905162
1927	1.886507
1928	1.947309
1929	1.892042
1930	1.801501
1931	1.853245
1932	2.515517
1933	1.909374
1934	1.947768
1935	2.043648
1936	1.852164
1937	1.987841
1938	3.309154
1939	1.950055
1940	1.728591
1941	2.824338
1942	2.167603
1943	2.139794
1944	1.975805
1945	1.979543
1946	1.900522
1947	2.399045
1948	2.214700
1949	2.230565
1950	2.173174
1951	1.824308
1952	1.961016
1953	1.957274
1954	1.744736
1955	1.867002
1956	3.064985
1957	1.761023
1958	1.956168
1959	2.640062
1960	2.099289
1961	3.414531
1962	1.789835
1963	1.791149
1964	1.937163
1965	2.619050
1966	1.724734
1967	1.894993
1968	1.869143
1969	2.017380
1970	1.919016
1971	3.180912
1972	2.400625
1973	3.526150
1974	1.843588
1975	1.910027
1976	2.290984
1977	1.959845
1978	2.283938
1979	1.876032
1980	1.903728
1981	2.669271
1982	2.803199
1983	2.455384
1984	3.643432
1985	1.679077
1986	2.507615
1987	2.579639
1988	2.702481
1989	2.656805
1990	1.935174
1991	1.952793
1992	1.862736
1993	2.042577
1994	3.388460
1995	2.964698
1996	1.791592
1997	2.047903
1998	2.228769
1999	3.246137
2000	2.030909
0	2.302474
1	2.031429
2	2.401873
3	1.910394
4	1.904129
5	1.703939
6	3.825909
7	1.920260
8	1.770085
9	2.052655
10	2.423841
11	1.766750
12	3.302755
13	1.750115
14	2.162083
15	2.058058
16	2.053799
17	1.823979
18	3.143647
19	3.086439
20	1.817637
21	2.297671
22	3.210310
23	1.697675
24	1.819945
25	2.422602
26	1.844887
27	2.032487
28	1.896471
29	2.005266
30	3.682037
31	2.001724
32	1.834557
33	2.141983
34	2.116838
35	2.399292
36	2.370864
37	2.057209
38	1.845371
39	1.733839
40	2.172646
41	2.322605
42	1.838340
43	1.772315
44	2.066252
45	2.212193
46	2.074824
47	1.874912
48	1.921405
49	1.851350
50	2.115040
51	1.936232
52	3.320406
53	2.371373
54	1.867055
55	2.255191
56	3.594328
57	3.602499
58	2.057036
59	2.671834
60	2.202636
61	2.192809
62	3.710217
63	3.324831
64	1.897999
65	2.420023
66	2.909811
67	2.159306
68	1.906330
69	2.802428
70	2.408589
71	2.193513
72	3.267202
73	1.944301
74	2.725693
75	2.803944
76	1.857149
77	1.860134
78	1.843068
79	2.834414
80	1.913349
81	2.216056
82	1.860456
83	2.007609
84	2.094613
85	2.150373
86	2.161042
87	1.882339
88	1.930441
89	3.275760
90	1.921871
91	2.465016
92	1.972638
93	2.216529
94	1.966672
95	3.235198
96	2.186343
97	2.863565
98	2.102046
99	2.102071
100	1.908139
101	2.434953
102	1.981388
103	2.104591
104	1.925746
105	1.968274
106	1.986152
107	1.919401
108	2.905339
109	2.501999
110	1.984490
111	2.042009
112	1.909006
113	2.012908
114	2.048683
115	1.887354
116	2.593107
117	1.876807
118	2.833885
119	2.673313
120	2.082761
121	2.355950
122	2.124734
123	1.919530
124	1.982801
125	1.847945
126	3.430524
127	1.781460
128	1.971876
129	2.014176
130	1.991006
131	2.667846
132	1.857741
133	2.139648
134	2.011019
135	2.194539
136	2.209296
137	1.862633
138	1.917863
139	2.198613
140	2.908762
141	2.477580
142	2.116151
143	2.194084
144	1.888228
145	2.380693
146	1.812899
147	2.096163
148	1.865636
149	2.063975
150	2.307444
151	2.267906
152	2.324435
153	1.867245
154	2.205288
155	1.896312
156	2.210633
157	1.972079
158	1.893252
159	1.758295
160	1.823485
161	2.917036
162	2.113670
163	2.404393
164	1.958366
165	1.935305
166	3.057990
167	2.587469
168	1.623577
169	2.566983
170	1.934166
171	1.933520
172	2.226478
173	1.839865
174	2.203929
175	1.875099
176	1.855747
177	1.853591
178	2.036787
179	2.209141
180	2.132863
181	2.175707
182	1.971244
183	2.041299
184	2.282520
185	1.964229
186	1.908245
187	1.788938
188	2.049049
189	1.906438
190	1.939433
191	2.682108
192	1.944428
193	1.985346
194	1.928860
195	2.183894
196	1.796720
197	1.952154
198	1.799139
199	2.010223
200	1.884171
201	2.235530
202	2.689871
203	1.899814
204	2.405432
205	2.065527
206	1.951231
207	2.125231
208	1.997473
209	3.228933
210	2.169123
211	1.872779
212	1.906043
213	2.081681
214	2.537144
215	2.227420
216	2.152787
217	2.504575
218	1.850109
219	3.146315
220	1.854940
221	2.022820
222	1.909790
223	2.283200
224	1.948870
225	2.610155
226	1.710732
227	2.524699
228	2.047193
229	1.928549
230	3.497484
231	3.085855
232	1.845291
233	2.000675
234	2.307509
235	3.832299
236	1.838721
237	1.869386
238	1.815296
239	2.125888
240	2.129672
241	1.854561
242	1.961173
243	2.630380
244	1.954993
245	2.192853
246	2.156987
247	1.805712
248	1.883984
249	2.520396
250	2.103973
251	2.073163
252	2.023340
253	1.892854
254	1.891957
255	2.138272
256	1.913165
257	2.179472
258	2.758732
259	3.156913
260	1.944042
261	2.545154
262	3.608463
263	2.809715
264	2.797157
265	2.069348
266	3.454447
267	2.309070
268	2.268589
269	2.541557
270	3.129042
271	2.182523
272	2.592856
273	1.928238
274	1.955736
275	2.140538
276	3.200077
277	2.355930
278	2.667396
279	1.899129
280	3.677528
281	2.647149
282	2.151697
283	2.221216
284	1.851000
285	2.395289
286	1.912799
287	2.199636
288	2.116791
289	3.031650
290	3.705563
291	1.756388
292	1.944325
293	3.881869
294	2.196566
295	1.938918
296	1.886874
297	2.106300
298	2.155017
299	2.050488
300	1.856151
301	2.320562
302	2.079182
303	1.870908
304	1.743589
305	1.818269
306	2.141424
307	1.869920
308	2.041593
309	1.802943
310	2.058979
311	3.067917
312	2.015463
313	1.863465
314	2.988528
315	1.870536
316	1.888968
317	2.149139
318	2.017597
319	1.936208
320	2.000625
321	1.965225
322	2.912267
323	3.021735
324	1.937550
325	2.263208
326	1.851864
327	3.846987
328	3.584160
329	3.297227
330	3.306676
331	3.382498
332	1.811436
333	2.114593
334	3.288007
335	2.312704
336	1.711462
337	1.702763
338	3.505937
339	1.939639
340	2.211380
341	2.322972
342	1.987108
343	3.466944
344	3.099691
345	2.405099
346	2.977650
347	2.809378
348	1.987186
349	3.496312
350	3.415332
351	1.695700
352	1.970330
353	3.119823
354	2.044800
355	2.260155
356	2.014942
357	1.916350
358	1.902078
359	3.279664
360	1.812348
361	2.020940
362	2.020147
363	1.927329
364	1.997649
365	3.289696
366	2.340854
367	3.585539
368	2.430957
369	2.094134
370	2.295844
371	3.314891
372	3.571638
373	2.000025
374	1.869787
375	2.254372
376	1.885736
377	2.566807
378	2.991288
379	3.420498
380	1.923849
381	2.083555
382	3.009219
383	2.008134
384	2.030714
385	1.908770
386	3.728922
387	2.945097
388	2.838649
389	3.220378
390	1.894070
391	3.317921
392	2.729651
393	1.956604
394	1.905518
395	1.937633
396	2.022375
397	1.921692
398	1.895283
399	1.777357
400	2.046908
401	2.851000
402	2.467395
403	1.889471
404	2.694609
405	2.245613
406	3.309107
407	1.879095
408	2.120471
409	1.906208
410	1.892828
411	1.912093
412	1.925305
413	1.873232
414	2.005840
415	2.001850
416	2.825138
417	1.970661
418	1.774964
419	1.920703
420	1.956578
421	2.789750
422	1.802000
423	2.987624
424	1.975375
425	1.945173
426	1.930259
427	1.786982
428	2.208705
429	1.911047
430	2.067391
431	1.908953
432	2.664919
433	3.243962
434	2.899121
435	2.079734
436	1.874167
437	1.774318
438	1.839837
439	2.171152
440	3.061063
441	3.157913
442	1.835458
443	3.361860
444	3.521635
445	2.171841
446	2.198864
447	3.371142
448	3.381155
449	2.896084
450	3.461516
451	2.137007
452	1.917340
453	2.181400
454	3.053228
455	1.888359
456	1.785721
457	2.213709
458	1.855533
459	1.706635
460	1.916792
461	1.855855
462	2.030987
463	1.758438
464	2.980168
465	1.860779
466	1.885154
467	1.933908
468	2.551645
469	2.289737
470	1.869786
471	1.906907
472	2.888270
473	1.737500
474	1.860779
475	1.722671
476	1.956194
477	1.992809
478	2.804602
479	3.070197
480	1.730840
481	2.249000
482	2.281645
483	1.893569
484	1.746367
485	1.777751
486	2.315620
487	1.890574
488	2.487694
489	2.359003
490	2.343545
491	1.871496
492	2.745926
493	2.389519
494	1.774204
495	1.840326
496	2.069299
497	2.126829
498	1.862821
499	1.940362
500	2.191483
501	2.040858
502	1.849809
503	2.256037
504	1.895945
505	2.886677
506	1.884384
507	2.567820
508	3.100984
509	2.188401
510	2.046484
511	1.990530
512	2.929076
513	1.886504
514	1.851567
515	1.787680
516	2.036614
517	2.575443
518	2.410022
519	1.905097
520	2.532228
521	2.098475
522	2.076559
523	1.914680
524	1.966064
525	1.734301
526	2.047393
527	2.714664
528	1.814551
529	1.768671
530	2.014995
531	2.176670
532	2.909881
533	2.400748
534	2.813983
535	2.966494
536	2.069248
537	2.501001
538	2.223533
539	2.000999
540	3.525688
541	3.282895
542	2.044189
543	1.754678
544	2.044164
545	2.699148
546	2.227196
547	3.319322
548	3.225041
549	2.136094
550	2.902569
551	2.628100
552	3.183094
553	1.760853
554	2.426975
555	2.509041
556	2.065647
557	3.152522
558	3.128595
559	2.033936
560	2.283157
561	2.436659
562	1.933751
563	2.110947
564	2.183669
565	2.108603
566	2.193103
567	1.946277
568	2.292705
569	2.212826
570	1.832291
571	2.641079
572	1.756901
573	1.857875
574	1.871069
575	2.050122
576	1.917315
577	3.484478
578	1.858302
579	2.891437
580	3.768476
581	3.245014
582	1.651545
583	2.983569
584	3.065516
585	3.299514
586	1.823403
587	2.184403
588	1.860541
589	2.377164
590	1.933828
591	3.564394
592	2.768017
593	2.499476
594	3.492793
595	3.583530
596	1.835210
597	2.555327
598	3.551567
599	3.608401
600	1.984790
601	2.379293
602	1.930724
603	3.416695
604	2.750370
605	2.759509
606	1.999873
607	3.382189
608	1.767092
609	1.854882
610	1.929248
611	2.748887
612	1.827295
613	2.055483
614	1.889152
615	2.576220
616	3.010868
617	1.864701
618	2.119461
619	1.955662
620	2.043351
621	1.717584
622	3.182720
623	2.445916
624	3.173093
625	2.231524
626	3.252229
627	1.648787
628	3.221971
629	2.047462
630	1.751657
631	2.990819
632	2.043869
633	3.354156
634	3.513019
635	2.977193
636	2.116338
637	2.469784
638	1.977727
639	1.882812
640	1.989073
641	2.966180
642	2.026850
643	1.953077
644	2.554149
645	3.320542
646	1.928832
647	3.280761
648	2.562248
649	2.637599
650	2.708171
651	3.051785
652	1.896260
653	3.229275
654	3.093189
655	3.109226
656	1.912097
657	2.437810
658	3.462787
659	2.199299
660	1.901949
661	2.622480
662	3.363494
663	1.791146
664	3.118297
665	3.398734
666	2.616811
667	3.571641
668	1.834699
669	3.485112
670	2.952525
671	2.188963
672	3.121044
673	2.365354
674	2.222366
675	3.476775
676	2.160577
677	3.048829
678	1.771894
679	1.879865
680	2.186955
681	2.097759
682	1.780478
683	2.011690
684	2.523510
685	2.319267
686	1.701560
687	1.882795
688	2.250112
689	1.947459
690	1.963287
691	1.886636
692	1.825845
693	2.131711
694	1.856959
695	2.201873
696	2.795950
697	2.221281
698	2.230045
699	1.855372
700	2.888616
701	2.592050
702	2.031695
703	2.109834
704	1.819750
705	1.743618
706	1.821122
707	1.943527
708	1.831202
709	2.030912
710	1.789135
711	2.167970
712	1.891669
713	1.717703
714	1.746081
715	2.164001
716	2.187370
717	2.140303
718	1.796943
719	1.926529
720	1.889498
721	1.908953
722	2.873620
723	1.809476
724	1.857120
725	1.984256
726	1.746940
727	1.821922
728	1.950948
729	1.709181
730	2.268765
731	1.811576
732	2.148325
733	1.709883
734	3.109049
735	2.941323
736	1.706604
737	1.729421
738	2.433495
739	2.073982
740	3.365871
741	1.883320
742	3.457584
743	1.986833
744	2.016754
745	2.530534
746	2.139673
747	2.036763
748	2.721360
749	2.524778
750	1.757528
751	3.234902
752	3.019288
753	1.815626
754	2.493371
755	2.124571
756	2.954606
757	3.260614
758	3.199530
759	2.515114
760	3.300500
761	3.345116
762	2.005117
763	3.181257
764	3.738277
765	1.976510
766	2.185795
767	1.944507
768	2.333195
769	1.929842
770	3.398972
771	2.125699
772	3.940331
773	3.927467
774	2.077255
775	3.471296
776	2.071739
777	2.007309
778	2.569828
779	2.608620
780	1.839049
781	3.020895
782	2.831362
783	3.407066
784	2.337540
785	2.736749
786	3.119697
787	3.206650
788	2.854646
789	3.657540
790	2.042034
791	3.614679
792	1.916924
793	3.706777
794	3.737779
795	3.735425
796	2.070022
797	2.170956
798	2.252687
799	2.443238
800	2.860173
801	1.992009
802	2.375417
803	2.034356
804	1.821346
805	2.178187
806	2.108863
807	2.454260
808	2.011127
809	3.023062
810	2.053704
811	2.979480
812	2.058206
813	1.835979
814	2.417789
815	2.297236
816	1.763433
817	1.728412
818	2.143525
819	2.228657
820	2.666574
821	1.944896
822	1.955789
823	2.042204
824	1.909540
825	2.023646
826	1.929848
827	1.881786
828	2.235487
829	1.768842
830	1.710847
831	2.076079
832	2.170026
833	1.995344
834	1.819756
835	2.175593
836	1.771976
837	2.032338
838	2.348236
839	2.550628
840	2.098691
841	2.026102
842	2.648487
843	2.095852
844	2.147928
845	1.765019
846	2.113434
847	1.733004
848	1.828145
849	2.025510
850	1.945146
851	2.462192
852	1.936236
853	2.016975
854	3.027393
855	2.485519
856	1.957089
857	1.764112
858	2.178097
859	2.914891
860	1.764227
861	1.952563
862	1.880984
863	1.850917
864	1.849270
865	1.909775
866	2.240179
867	2.755703
868	1.834256
869	2.366558
870	2.103971
871	1.869411
872	1.992284
873	1.908928
874	2.215335
875	1.877714
876	1.907512
877	3.139252
878	2.809612
879	1.985573
880	1.868585
881	2.237680
882	1.843203
883	1.898872
884	1.858386
885	3.317502
886	3.587553
887	3.543129
888	3.795491
889	3.456657
890	2.221216
891	2.099620
892	1.994720
893	3.271788
894	3.144611
895	3.220409
896	3.041318
897	2.349260
898	3.533383
899	3.594594
900	2.981329
901	2.418222
902	1.971446
903	1.841603
904	2.035045
905	2.042669
906	2.448874
907	2.249645
908	3.424180
909	2.263560
910	2.015416
911	1.906855
912	2.349809
913	2.468055
914	2.335570
915	2.372342
916	2.258006
917	1.905151
918	2.562207
919	2.989665
920	3.734890
921	3.187788
922	2.988931
923	1.797497
924	2.129226
925	3.599083
926	1.799833
927	2.312788
928	1.907771
929	2.040121
930	2.059467
931	3.107574
932	3.459973
933	1.753938
934	1.746255
935	3.034434
936	1.783618
937	1.741554
938	1.958169
939	1.876515
940	3.303029
941	1.789220
942	2.816483
943	2.724867
944	2.048488
945	3.687562
946	3.616145
947	1.892432
948	1.802834
949	1.931473
950	3.101245
951	2.128031
952	3.377941
953	2.239465
954	1.924812
955	2.003275
956	1.969644
957	2.136563
958	2.016475
959	1.987213
960	1.819533
961	1.846428
962	2.163957
963	2.156386
964	3.531161
965	2.299438
966	1.759602
967	1.987383
968	1.928652
969	3.463074
970	2.567273
971	1.768446
972	1.879867
973	1.904680
974	1.979244
975	2.132508
976	1.896156
977	1.900899
978	1.830054
979	1.849137
980	2.926839
981	3.265486
982	2.341901
983	2.957513
984	2.346294
985	2.142545
986	2.136023
987	3.408138
988	1.954815
989	2.885983
990	3.150843
991	1.909685
992	2.050562
993	2.002048
994	2.476632
995	3.275501
996	1.954201
997	1.878561
998	2.064607
999	1.853888
1000	1.756390
1001	2.838043
1002	3.303165
1003	1.715137
1004	3.192257
1005	2.982567
1006	3.250445
1007	2.570097
1008	2.075886
1009	1.750516
1010	3.159083
1011	2.525015
1012	3.075549
1013	3.340148
1014	3.664233
1015	1.762782
1016	2.386400
1017	2.138551
1018	2.875464
1019	1.944119
1020	2.020050
1021	1.768108
1022	3.512463
1023	2.404452
1024	3.740054
1025	3.423490
1026	2.160624
1027	2.181399
1028	2.381782
1029	2.698000
1030	2.221215
1031	1.848459
1032	3.041791
1033	3.372210
1034	2.973532
1035	1.875046
1036	1.977624
1037	2.781474
1038	2.212940
1039	1.803856
1040	2.004272
1041	3.324140
1042	1.923278
1043	2.948798
1044	2.681734
1045	3.242545
1046	1.762754
1047	3.250816
1048	3.291580
1049	3.352999
1050	2.937840
1051	2.426617
1052	2.814695
1053	3.481724
1054	3.208753
1055	3.313322
1056	3.026236
1057	3.015910
1058	2.188264
1059	2.191209
1060	1.862713
1061	2.008930
1062	3.081395
1063	2.943025
1064	3.158878
1065	3.054882
1066	2.864490
1067	2.972945
1068	3.662634
1069	3.527644
1070	3.214605
1071	3.341048
1072	2.114095
1073	1.807374
1074	3.227602
1075	3.303030
1076	2.693848
1077	3.502756
1078	2.840441
1079	3.325432
1080	1.912014
1081	3.371318
1082	2.035017
1083	2.616982
1084	3.061649
1085	2.978155
1086	3.509591
1087	3.002185
1088	2.969720
1089	1.969416
1090	2.380510
1091	2.034353
1092	3.405550
1093	2.361125
1094	2.136585
1095	1.834913
1096	1.971804
1097	2.272074
1098	2.669548
1099	2.038553
1100	2.961991
1101	1.846670
1102	3.884288
1103	1.909790
1104	3.044537
1105	1.902684
1106	3.081461
1107	3.036526
1108	3.535759
1109	3.120800
1110	1.910524
1111	2.003122
1112	2.023609
1113	3.319050
1114	2.126076
1115	3.393228
1116	2.920017
1117	1.814774
1118	3.097258
1119	2.348050
1120	1.934371
1121	1.836001
1122	3.126579
1123	3.602403
1124	1.908324
1125	1.948872
1126	3.721760
1127	2.444851
1128	1.875606
1129	1.821922
1130	1.853969
1131	1.846781
1132	1.961174
1133	3.002000
1134	3.141974
1135	1.860050
1136	1.963544
1137	1.865986
1138	2.726243
1139	1.870272
1140	2.118751
1141	1.952768
1142	1.932094
1143	1.806810
1144	2.756906
1145	3.448420
1146	2.590617
1147	2.186344
1148	1.801056
1149	1.980228
1150	1.969126
1151	3.518075
1152	3.160546
1153	3.601610
1154	2.235307
1155	3.275776
1156	1.839267
1157	1.854345
1158	3.497670
1159	2.183322
1160	3.108328
1161	2.779136
1162	2.768067
1163	2.855504
1164	3.417294
1165	3.295269
1166	2.183436
1167	3.346999
1168	2.928344
1169	3.232338
1170	3.045439
1171	1.924448
1172	3.572953
1173	2.764580
1174	2.848630
1175	1.837416
1176	3.647753
1177	3.296634
1178	3.307733
1179	3.010183
1180	1.682913
1181	2.738210
1182	1.837416
1183	1.886399
1184	2.289322
1185	2.181261
1186	3.115605
1187	2.936291
1188	1.957268
1189	2.455076
1190	3.283595
1191	3.629779
1192	2.043281
1193	3.610720
1194	1.961529
1195	3.255825
1196	1.880662
1197	1.858522
1198	1.937859
1199	3.579859
1200	3.008470
1201	1.838342
1202	2.157059
1203	3.373085
1204	2.657365
1205	1.801054
1206	1.988821
1207	3.500658
1208	2.804193
1209	2.501239
1210	2.824517
1211	1.799500
1212	1.866039
1213	1.948666
1214	3.134900
1215	1.959412
1216	1.840462
1217	1.957831
1218	3.525039
1219	2.838468
1220	2.104330
1221	1.866494
1222	2.734685
1223	2.514458
1224	2.282915
1225	1.831966
1226	1.962880
1227	2.313547
1228	2.115538
1229	2.866933
1230	2.341752
1231	3.136831
1232	3.405790
1233	2.094135
1234	3.102646
1235	3.552295
1236	2.189543
1237	1.989698
1238	1.846104
1239	1.891508
1240	2.016532
1241	1.934762
1242	2.468926
1243	2.102689
1244	2.003379
1245	1.791589
1246	2.010423
1247	1.965376
1248	2.255314
1249	3.656255
1250	1.926160
1251	2.085593
1252	2.807741
1253	1.931735
1254	3.274293
1255	2.383064
1256	1.781292
1257	3.624183
1258	3.226717
1259	3.643658
1260	2.168239
1261	3.334517
1262	3.426791
1263	1.934736
1264	2.024328
1265	3.570562
1266	2.943060
1267	1.980757
1268	2.000649
1269	2.029507
1270	2.021782
1271	2.898225
1272	3.713986
1273	2.128404
1274	2.491970
1275	1.728267
1276	1.868823
1277	1.965146
1278	2.009678
1279	2.290151
1280	3.128482
1281	3.457049
1282	2.160416
1283	1.888332
1284	2.877030
1285	1.870854
1286	2.104280
1287	3.337499
1288	2.667621
1289	2.140794
1290	2.213188
1291	2.470142
1292	1.902236
1293	1.847674
1294	2.171196
1295	2.537460
1296	2.068501
1297	3.151127
1298	2.082042
1299	1.842200
1300	2.421736
1301	2.424912
1302	1.968908
1303	3.156042
1304	2.571264
1305	1.946125
1306	3.393435
1307	1.943553
1308	2.581277
1309	2.680634
1310	1.947769
1311	3.076133
1312	2.171197
1313	2.884317
1314	2.864973
1315	1.728779
1316	2.116273
1317	2.071956
1318	1.888095
1319	2.790932
1320	3.225325
1321	3.629450
1322	3.039375
1323	3.415977
1324	2.404516
1325	3.403234
1326	2.351913
1327	3.677853
1328	2.415781
1329	3.423930
1330	3.202827
1331	2.955317
1332	1.966595
1333	3.037384
1334	3.262408
1335	1.969872
1336	3.109356
1337	2.952609
1338	1.827430
1339	1.754111
1340	3.506424
1341	3.548535
1342	1.826855
1343	1.913194
1344	1.905889
1345	1.871256
1346	3.254055
1347	2.830067
1348	3.304209
1349	1.817525
1350	2.988161
1351	2.428688
1352	1.803994
1353	2.995282
1354	1.884939
1355	1.807043
1356	2.240893
1357	1.820054
1358	3.270199
1359	3.611992
1360	3.247970
1361	2.668518
1362	1.828030
1363	3.357665
1364	2.290872
1365	1.794743
1366	2.868257
1367	1.973653
1368	3.292747
1369	2.110260
1370	2.481087
1371	1.947742
1372	1.899499
1373	1.976738
1374	3.432789
1375	1.865457
1376	1.957652
1377	2.970557
1378	2.073017
1379	1.871154
1380	2.816489
1381	3.291819
1382	1.903085
1383	1.966572
1384	1.791481
1385	1.819615
1386	2.097569
1387	1.924419
1388	1.869866
1389	1.805244
1390	2.420082
1391	3.265262
1392	2.908073
1393	1.777187
1394	2.057061
1395	2.125039
1396	3.173338
1397	3.092749
1398	2.640871
1399	3.416387
1400	3.192043
1401	3.120834
1402	3.695513
1403	2.130585
1404	3.031190
1405	1.985397
1406	2.352896
1407	1.825842
1408	1.757782
1409	1.923409
1410	2.560254
1411	3.675359
1412	3.486045
1413	2.145973
1414	3.461125
1415	1.931605
1416	3.504312
1417	3.394961
1418	2.990256
1419	1.842446
1420	3.416559
1421	3.221633
1422	1.939614
1423	2.141984
1424	1.786421
1425	1.972966
1426	2.861015
1427	1.915699
1428	2.242742
1429	1.737757
1430	1.951892
1431	3.119203
1432	2.113080
1433	1.984489
1434	3.286820
1435	1.953587
1436	3.138169
1437	2.336046
1438	1.971241
1439	1.750799
1440	2.038945
1441	2.207916
1442	1.820826
1443	2.372720
1444	2.467770
1445	2.330423
1446	1.917160
1447	1.956758
1448	3.150699
1449	1.966315
1450	2.133003
1451	2.301544
1452	2.181077
1453	2.060443
1454	1.909189
1455	2.213256
1456	1.790557
1457	1.820688
1458	1.894756
1459	1.903731
1460	1.820383
1461	3.450810
1462	1.755761
1463	3.040544
1464	3.395777
1465	1.899554
1466	2.567060
1467	3.380030
1468	2.009528
1469	2.159560
1470	3.429343
1471	1.759942
1472	2.364109
1473	3.299303
1474	3.360790
1475	3.495568
1476	2.940919
1477	1.747826
1478	2.456441
1479	3.114946
1480	2.050365
1481	2.006539
1482	3.508047
1483	2.069999
1484	2.588378
1485	1.872911
1486	1.970634
1487	2.263913
1488	2.781529
1489	2.404372
1490	3.333229
1491	3.263831
1492	3.033992
1493	3.452724
1494	2.379369
1495	2.019235
1496	3.136892
1497	3.123860
1498	2.012881
1499	3.050328
1500	1.895813
1501	1.955429
1502	1.850029
1503	3.450001
1504	2.041594
1505	2.177041
1506	1.920025
1507	2.059634
1508	2.971026
1509	2.152067
1510	2.259511
1511	2.413006
1512	3.142259
1513	2.114475
1514	3.861839
1515	2.345249
1516	1.895785
1517	1.930931
1518	2.483465
1519	1.956656
1520	2.332833
1521	2.670169
1522	1.989497
1523	1.909242
1524	1.880161
1525	2.450692
1526	2.378170
1527	3.189540
1528	2.505074
1529	1.837674
1530	2.034919
1531	1.834612
1532	3.153000
1533	1.939201
1534	1.680327
1535	1.788574
1536	3.667477
1537	1.961353
1538	1.856071
1539	2.185451
1540	3.290609
1541	1.814770
1542	3.356471
1543	2.106206
1544	2.054677
1545	1.941185
1546	1.797637
1547	1.961759
1548	2.062378
1549	1.876193
1550	2.887680
1551	1.795912
1552	2.048756
1553	1.859193
1554	1.763802
1555	1.991934
1556	3.182781
1557	1.843746
1558	1.926940
1559	1.880134
0	1.811795
1	2.115800
2	2.096783
3	1.993790
4	1.792204
5	1.715055
6	2.014372
7	3.669116
8	1.918879
9	2.385917
10	3.326531
11	3.695794
12	2.333344
13	3.446461
14	3.143056
15	1.860484
16	1.872138
17	2.519801
18	1.851187
19	3.256146
20	3.653215
21	2.258162
22	2.213165
23	3.259892
24	3.602085
25	2.214497
26	1.876938
27	2.345611
28	1.966951
29	2.300720
30	2.149745
31	2.180021
32	1.966190
33	2.304670
34	2.411761
35	2.250179
36	1.888330
37	2.029210
38	1.894518
39	1.897814
40	2.155435
41	2.324930
42	2.124404
43	2.005191
44	2.446978
45	1.962678
46	2.054312
47	2.588687
48	3.094203
49	2.173245
50	2.318728
51	2.060168
52	1.891191
53	1.851972
54	2.223624
55	2.194970
56	2.048366
57	1.849893
58	2.238641
59	1.750087
60	2.001049
61	1.880769
62	2.106204
63	2.092726
64	2.360802
65	1.970330
66	1.998151
67	2.443462
68	1.852782
69	2.718713
70	1.679792
71	2.113503
72	2.312268
73	1.816234
74	1.814855
75	2.044064
76	1.779353
77	2.057812
78	2.037107
79	2.880364
80	2.116271
81	1.849893
82	2.136094
83	2.080602
84	1.810469
85	1.863412
86	2.009924
87	1.917004
88	1.899556
89	2.076247
90	1.802220
91	1.864670
92	2.003297
93	1.850541
94	2.413503
95	2.067681
96	1.808785
97	1.883109
98	2.345441
99	1.904807
100	2.437088
101	2.269140
102	2.336710
103	1.994093
104	1.777272
105	2.027611
106	1.861881
107	2.038503
108	1.742812
109	2.055505
110	1.919377
111	2.028054
112	2.004745
113	2.734978
114	3.054046
115	2.653073
116	1.840706
117	2.195473
118	2.260882
119	1.786227
120	2.223085
121	2.053825
122	2.321398
123	2.113883
124	1.974592
125	2.520596
126	2.230985
127	1.990802
128	1.862417
129	2.249801
130	2.040934
131	3.790685
132	3.587159
133	2.191643
134	2.318470
135	1.959998
136	2.644428
137	2.534641
138	2.151697
139	2.325208
140	2.466576
141	2.116554
142	2.525512
143	2.179220
144	2.957601
145	2.062500
146	1.957448
147	1.969595
148	2.231368
149	2.358942
150	1.889975
151	1.883215
152	2.984459
153	2.081176
154	2.262322
155	3.156597
156	2.525806
157	2.511115
158	2.597033
159	2.090380
160	2.635186
161	2.075910
162	1.847752
163	2.144435
164	2.777427
165	1.910967
166	2.512748
167	2.270331
168	2.068741
169	2.205766
170	1.947124
171	2.080914
172	2.112179
173	1.971522
174	1.840543
175	1.899735
176	1.807652
177	3.227165
178	2.998751
179	2.017670
180	2.247912
181	2.097568
182	3.275576
183	2.246797
184	2.045702
185	2.212238
186	2.829910
187	2.386502
188	2.909741
189	1.884994
190	1.864431
191	1.835157
192	1.898370
193	2.971769
194	2.480103
195	2.024007
196	2.011045
197	2.140162
198	1.849459
199	2.149746
200	1.725977
201	1.989096
202	2.057790
203	3.210454
204	1.837688
205	1.805604
206	2.502682
207	1.842606
208	2.558163
209	1.878458
210	1.900788
211	2.024918
212	2.756827
213	2.542617
214	2.379013
215	1.954508
216	2.053801
217	2.133029
218	3.005778
219	3.280504
220	2.134504
221	2.421902
222	1.829589
223	2.033149
224	1.942243
225	1.988817
226	3.385171
227	3.327836
228	2.410103
229	2.561736
230	2.361928
231	2.167810
232	2.269382
233	2.632527
234	3.204044
235	2.211379
236	1.958724
237	1.955989
238	2.298456
239	1.970659
240	2.184330
241	2.064895
242	2.569842
243	2.062960
244	2.045556
245	2.744941
246	2.147697
247	1.898763
248	2.277917
249	1.957294
250	2.289759
251	1.970304
252	2.174809
253	2.288710
254	2.338055
255	3.557497
256	2.056088
257	1.946125
258	1.927072
259	1.918461
260	2.095901
261	1.914628
262	2.283637
263	1.836136
264	2.415658
265	1.943117
266	1.868208
267	2.278286
268	2.225601
269	1.826278
270	2.171750
271	2.617137
272	3.150033
273	2.328131
274	1.735541
275	2.424726
276	2.058275
277	2.795782
278	2.269824
279	2.192715
280	1.901711
281	3.076833
282	3.167000
283	1.807705
284	2.470343
285	2.161435
286	2.037916
287	2.223806
288	1.872137
289	2.468580
290	1.788687
291	2.861644
292	2.152068
293	2.029974
294	1.956474
295	1.850676
296	2.330321
297	2.967508
298	1.896654
299	2.441086
300	2.393512
301	2.146393
302	2.161991
303	2.138807
304	1.913162
305	3.573138
306	3.633082
307	2.994630
308	1.883455
309	1.732888
310	2.412864
311	2.622154
312	2.048171
313	2.748925
314	1.713271
315	1.895335
316	2.661674
317	2.007685
318	2.015789
319	1.981135
320	2.341412
321	2.252932
322	2.370001
323	2.156363
324	2.123582
325	2.062306
326	3.162168
327	2.109240
328	1.723108
329	1.802139
330	3.684577
331	1.945071
332	2.434051
333	2.580174
334	2.805567
335	3.099598
336	1.736519
337	2.272686
338	3.190454
339	3.519813
340	2.000625
341	2.028620
342	1.977549
343	1.849488
344	2.193628
345	1.799138
346	2.883020
347	1.966137
348	1.843394
349	2.294560
350	3.447476
351	3.676015
352	2.330538
353	1.825624
354	1.942189
355	2.615263
356	3.438385
357	2.042477
358	2.011715
359	2.017053
360	2.134151
361	2.124078
362	1.718984
363	1.897498
364	1.800750
365	1.994721
366	1.868421
367	2.622005
368	2.986719
369	3.302091
370	1.919816
371	3.358110
372	3.542583
373	2.135884
374	2.165592
375	1.899950
376	3.595860
377	3.051508
378	3.427304
379	1.792372
380	3.020595
381	3.155359
382	3.727533
383	3.091052
384	3.182847
385	3.123971
386	3.172714
387	3.174160
388	3.051772
389	3.188387
390	3.106155
391	3.250721
392	2.340086
393	1.801000
394	3.302317
395	2.572412
396	3.132204
397	3.150793
398	3.234733
399	3.690813
400	3.038324
401	3.263831
402	3.293417
403	2.843750
404	2.712283
405	2.765952
406	3.379260
407	3.009518
408	3.157120
409	2.371940
410	3.605247
411	2.423678
412	2.040836
413	2.122382
414	2.916764
415	3.293355
416	3.026452
417	3.668909
418	2.576509
419	2.216868
420	2.999566
421	3.919654
422	2.420801
423	2.610345
424	1.815573
425	3.091378
426	2.413916
427	3.151351
428	2.988526
429	3.462542
430	3.485240
431	3.111415
432	2.877883
433	2.319182
434	3.439692
435	3.206898
436	2.192668
437	2.005291
438	2.287814
439	1.968984
440	1.942884
441	3.871396
442	2.569433
443	1.992411
444	1.999297
445	3.401208
446	3.099741
447	2.203884
448	1.793712
449	1.965017
450	2.345252
451	2.231838
452	2.139390
453	3.448203
454	2.036561
455	3.174791
456	2.888951
457	2.286353
458	2.151491
459	1.967360
460	2.677409
461	2.891975
462	2.376257
463	1.870452
464	2.524336
465	3.230525
466	2.772582
467	2.962582
468	2.107934
469	2.025536
470	3.092541
471	2.109171
472	3.457759
473	1.744626
474	1.872432
475	1.861212
476	2.325788
477	2.473924
478	3.373148
479	2.044359
480	2.194497
481	1.778596
482	2.287378
483	1.890768
484	1.895308
485	2.165384
486	2.819571
487	2.097353
488	2.093628
489	2.064772
490	2.201113
491	2.083414
492	3.175048
493	2.302906
494	2.725749
495	2.040320
496	1.946406
497	1.822658
498	2.613677
499	2.286922
500	2.147419
501	2.105797
502	2.121985
503	1.836573
504	1.885995
505	3.155265
506	1.914443
507	2.208004
508	2.214886
509	1.806467
510	2.106606
511	2.098330
512	3.414688
513	2.860014
514	2.998182
515	2.017869
516	1.906276
517	3.024529
518	1.796216
519	1.959694
520	2.099332
521	2.053021
522	2.088253
523	2.102785
524	1.918176
525	1.694724
526	2.742422
527	2.930421
528	2.065791
529	1.917347
530	2.427551
531	2.676304
532	3.153861
533	1.811796
534	2.723736
535	3.436000
536	2.720088
537	3.657113
538	2.089449
539	2.932900
540	2.878195
541	3.360610
542	3.455498
543	3.175749
544	2.320989
545	2.139045
546	2.186715
547	1.891274
548	2.048772
549	3.307826
550	3.764838
551	2.553389
552	2.516124
553	1.835508
554	1.878803
555	2.364344
556	1.947740
557	1.969998
558	2.019094
559	2.318469
560	1.800973
561	2.124405
562	1.818407
563	2.087605
564	2.343612
565	2.922639
566	1.768867
567	2.016953
568	1.760992
569	2.102786
570	2.264950
571	2.633266
572	2.416321
573	3.308260
574	2.505715
575	2.268325
576	2.645454
577	2.204290
578	3.028965
579	1.761047
580	3.414226
581	2.010918
582	2.394013
583	2.230273
584	3.039969
585	1.822651
586	1.914810
587	2.060831
588	3.220344
589	3.571921
590	1.831013
591	2.439840
592	2.296388
593	2.296844
594	3.404204
595	2.087728
596	3.415770
597	3.136020
598	3.199046
599	2.248023
600	2.057161
601	3.512901
602	2.320045
603	1.997094
604	2.216423
605	2.136167
606	3.290930
607	1.812802
608	3.059544
609	1.745739
610	2.114210
611	2.916879
612	1.778786
613	1.860776
614	1.860782
615	3.793189
616	2.926242
617	1.900791
618	2.594474
619	2.146177
620	2.922754
621	1.842231
622	1.947536
623	3.093364
624	1.734877
625	1.830054
626	2.835877
627	2.177564
628	2.055580
629	2.027138
630	2.102899
631	1.905591
632	3.080564
633	2.929606
634	1.765614
635	3.240212
636	2.467995
637	2.273363
638	1.851481
639	2.942719
640	2.412071
641	3.464391
642	3.524427
643	2.565482
644	4.166388
645	1.918074
646	3.480821
647	1.951132
648	3.345535
649	3.581151
650	1.773665
651	3.085999
652	1.878032
653	3.056879
654	1.943761
655	2.149278
656	2.233520
657	3.144409
658	1.843638
659	2.171683
660	2.699446
661	3.190016
662	3.132358
663	1.984592
664	3.537819
665	3.515198
666	2.964541
667	2.565273
668	3.329667
669	2.567703
670	2.094617
671	3.137004
672	3.135773
673	2.110757
674	2.092025
675	3.621907
676	2.870035
677	3.347338
678	2.104311
679	3.721569
680	1.787598
681	1.907776
682	2.030612
683	2.183278
684	2.584064
685	1.856367
686	1.863896
687	3.730980
688	1.934761
689	3.434429
690	3.287702
691	1.785440
692	3.537953
693	2.797088
694	2.183897
695	2.569883
696	1.955582
697	2.029656
698	1.740747
699	2.155758
700	3.154365
701	2.597384
702	3.562667
703	2.452632
704	2.085164
705	2.064100
706	2.067897
707	2.326500
708	2.675333
709	1.876832
710	1.890448
711	1.715197
712	1.956350
713	1.862551
714	1.808647
715	1.940593
716	1.876834
717	2.514500
718	2.729631
719	2.753525
720	1.865556
721	1.787763
722	2.425901
723	2.787489
724	3.103078
725	1.772006
726	1.813449
727	2.627812
728	2.276248
729	1.868181
730	1.867619
731	2.208785
732	2.049132
733	1.832922
734	1.887980
735	1.713717
736	2.298961
737	1.824308
738	1.915516
739	1.862559
740	1.839864
741	2.023133
742	3.507420
743	2.341815
744	1.928860
745	1.917994
746	1.881044
747	1.764114
748	1.851915
749	1.784657
750	2.559316
751	3.185985
752	1.875580
753	2.050659
754	2.370338
755	1.857013
756	2.208757
757	1.927694
758	2.036026
759	2.306187
760	2.086096
761	1.986027
762	1.851620
763	2.117286
764	1.995620
765	2.056062
766	1.702996
767	1.751142
768	1.756275
769	2.936768
770	2.168226
771	2.167232
772	2.071787
773	2.104875
774	1.953613
775	1.779325
776	3.385513
777	3.172145
778	2.267225
779	2.069253
780	2.043574
781	2.039558
782	1.933312
783	1.759261
784	1.897101
785	1.688814
786	1.956734
787	2.011117
788	2.319588
789	2.026275
790	2.361228
791	2.033126
792	1.755361
793	2.662125
794	2.785877
795	1.937679
796	1.922089
797	1.971343
798	2.008034
799	2.250911
800	1.950666
801	1.849838
802	1.921822
803	1.958036
804	2.036394
805	2.334397
806	2.089091
807	2.051097
808	1.848324
809	2.165039
810	2.349319
811	1.822249
812	1.900053
813	2.331864
814	2.018366
815	3.304252
816	1.872995
817	1.934553
818	2.108082
819	1.974922
820	1.939069
821	2.230582
822	1.891612
823	1.952869
824	2.982719
825	1.882366
826	1.825950
827	2.066131
828	1.766436
829	2.616409
830	2.814568
831	2.284052
832	2.180206
833	2.186207
834	2.920979
835	2.642440
836	1.951743
837	2.821172
838	1.929715
839	2.100976
840	2.123088
841	2.306817
842	1.783762
843	2.310433
844	1.739481
845	2.257652
846	1.973525
847	1.969036
848	1.931244
849	1.905439
850	2.231479
851	1.896892
852	1.941184
853	1.918461
854	1.768139
855	1.735139
856	3.047133
857	1.947976
858	1.809115
859	1.810220
860	2.159005
861	1.824447
862	1.927305
863	1.995643
864	2.171921
865	1.971675
866	3.144062
867	2.394786
868	1.885442
869	1.939096
870	2.067704
871	3.723296
872	3.452546
873	3.370317
874	2.964899
875	1.806014
876	2.042768
877	2.945829
878	2.227513
879	2.122523
880	2.268766
881	1.736346
882	2.039870
883	2.055944
884	2.118749
885	1.732297
886	1.846908
887	1.870507
888	3.466793
889	3.341451
890	2.392795
891	2.196384
892	1.752285
893	2.464995
894	2.329847
895	1.837120
896	2.011394
897	2.883245
898	1.867326
899	1.912173
900	1.820355
901	2.188468
902	1.823759
903	1.757784
904	2.918646
905	1.833929
906	1.958926
907	2.158241
908	2.135369
909	1.750572
910	2.158036
911	2.162544
912	1.868049
913	2.106202
914	1.870647
915	1.924814
916	1.757672
917	1.929274
918	2.239750
919	1.825760
920	2.883916
921	1.774959
922	1.795945
923	1.870774
924	3.383861
925	3.285409
926	1.712159
927	3.855616
928	2.121716
929	2.511132
930	2.010298
931	1.814687
932	2.607275
933	1.942730
934	1.904783
935	2.082764
936	3.012735
937	1.966979
938	2.539228
939	2.143687
940	1.869466
941	2.027830
942	2.766336
943	1.784518
944	2.252754
945	2.095449
946	1.776826
947	3.097901
948	1.804883
949	2.012808
950	2.427591
951	2.728701
952	2.477617
953	2.240094
954	2.522737
955	1.862767
956	2.138068
957	1.956166
958	1.895811
959	1.779717
960	1.905910
961	1.750973
962	2.140046
963	2.038499
964	1.861771
965	2.159656
966	1.888090
967	1.861641
968	2.281254
969	1.876516
970	1.762443
971	3.269904
972	2.115914
973	2.076479
974	1.954425
975	1.777102
976	2.299525
977	2.072343
978	1.799584
979	1.855884
980	2.097043
981	1.860348
982	2.312916
983	1.893171
984	1.878138
985	1.958293
986	2.072599
987	2.266060
988	1.968577
989	1.834126
990	2.042768
991	1.777843
992	1.666555
993	1.933447
994	1.958695
995	2.151485
996	1.857552
997	1.994115
998	2.052539
999	2.068089
1000	1.777665
1001	2.426385
1002	1.935097
1003	2.100475
1004	1.946023
1005	1.815295
1006	2.593935
1007	1.926889
1008	2.531976
1009	2.499678
1010	1.778175
1011	1.887566
1012	1.919353
1013	2.287990
1014	2.072728
1015	1.929014
1016	1.922186
1017	3.152495
1018	3.272550
1019	3.029752
1020	1.750571
1021	2.155597
1022	2.125206
1023	2.122087
1024	1.936797
1025	3.360726
1026	3.384108
1027	2.786049
1028	2.572994
1029	3.364239
1030	3.306913
1031	3.668486
1032	3.732155
1033	2.969664
1034	2.358241
1035	3.233509
1036	2.362663
1037	3.129318
1038	3.602570
1039	2.501220
1040	3.473860
1041	3.366213
1042	4.112595
1043	1.877182
1044	1.960332
1045	3.199924
1046	3.347011
1047	2.829380
1048	2.067147
1049	3.566792
1050	3.275497
1051	1.900735
1052	3.253254
1053	3.228223
1054	1.776376
1055	3.502470
1056	1.849345
1057	2.820660
1058	3.847156
1059	4.115152
1060	3.493210
1061	3.580924
1062	3.269387
1063	3.325932
1064	3.155153
1065	3.362099
1066	3.036841
1067	1.894885
1068	2.302828
1069	3.749627
1070	2.788029
1071	2.127929
1072	2.805600
1073	3.452621
1074	2.253242
1075	2.039442
1076	3.223801
1077	2.835098
1078	3.069719
1079	1.955759
1080	2.657104
1081	1.921590
1082	1.924835
1083	2.103971
1084	2.781402
1085	3.429578
1086	3.566595
1087	3.394492
1088	2.183533
1089	2.065797
1090	3.085937
1091	3.112860
1092	1.849378
1093	3.382442
1094	3.083990
1095	1.820467
1096	3.394440
1097	3.207148
1098	3.542783
1099	3.310197
1100	1.913397
1101	3.314953
1102	3.285679
1103	3.349478
1104	2.964287
1105	2.016136
1106	1.790784
1107	2.042181
1108	3.171215
1109	3.155887
1110	1.862282
1111	3.933510
1112	1.742731
1113	1.919503
1114	1.856612
1115	3.375001
1116	2.592705
1117	2.051854
1118	1.816535
1119	3.510417
1120	1.921481
1121	2.010471
1122	2.481350
1123	2.627693
1124	1.863682
1125	1.861933
1126	1.872564
1127	3.596740
1128	2.347361
1129	3.040872
1130	1.964230
1131	1.834886
1132	3.711670
1133	1.877365
1134	2.918376
1135	2.291222
1136	1.886901
1137	2.333539
1138	2.365273
1139	1.943116
1140	2.419091
1141	3.279363
1142	2.981112
1143	2.259027
1144	3.071025
1145	3.431942
1146	3.474912
1147	1.822824
1148	2.593837
1149	1.826474
1150	1.828254
1151	1.831502
1152	1.778006
1153	2.526461
1154	2.740145
1155	2.423924
1156	1.977725
1157	2.537108
1158	1.715428
1159	1.987435
1160	2.186755
1161	2.014472
1162	1.923591
1163	2.438586
1164	1.786447
1165	2.539312
1166	2.506571
1167	1.879255
1168	2.208597
1169	1.814249
1170	3.005745
1171	1.925358
1172	1.964332
1173	1.983179
1174	2.045509
1175	2.493770
1176	2.010399
1177	1.959027
1178	2.599327
1179	2.063225
1180	2.323059
1181	2.017991
1182	1.778003
1183	1.969974
1184	3.279421
1185	2.161575
1186	4.386868
1187	3.322185
1188	2.179129
1189	3.679037
1190	3.011591
1191	3.673443
1192	1.945740
1193	1.839836
1194	1.896468
1195	2.098977
1196	1.800718
1197	2.016232
1198	1.822003
1199	2.159139
1200	3.223927
1201	2.551512
1202	2.767147
1203	1.772259
1204	1.940953
1205	3.422427
1206	2.091455
1207	2.078917
1208	2.021237
1209	2.897357
1210	2.582129
1211	1.920260
1212	2.916900
1213	1.957421
1214	2.049122
1215	1.923877
1216	2.196386
1217	2.073186
1218	1.840679
1219	2.816682
1220	2.612852
1221	1.916062
1222	1.934244
1223	1.885338
1224	1.736257
1225	1.911175
1226	1.925124
1227	1.983182
1228	2.837238
1229	1.896867
1230	1.798471
1231	1.711836
1232	2.146945
1233	3.566873
1234	3.772118
1235	2.476228
1236	2.757552
1237	1.918411
1238	2.060754
1239	1.822004
1240	3.232749
1241	1.910337
1242	1.794939
1243	2.577866
1244	2.935996
1245	1.856232
1246	2.046728
1247	2.101625
1248	2.637765
1249	2.463449
1250	2.094972
1251	2.056435
1252	2.374236
1253	2.297914
1254	1.860568
1255	2.158199
1256	2.048146
1257	2.251976
1258	1.891247
1259	3.050672
1260	3.246735
1261	2.939425
1262	2.285563
1263	1.920574
1264	2.118982
1265	1.855000
1266	1.897235
1267	3.370130
1268	3.606796
1269	2.057620
1270	2.003921
1271	2.721784
1272	2.223827
1273	2.835593
1274	3.354003
1275	2.154088
1276	1.964538
1277	2.518135
1278	2.194493
1279	2.284925
1280	2.042696
1281	1.810223
1282	1.822770
1283	2.982567
1284	3.020015
1285	2.551586
1286	2.366618
1287	3.323946
1288	2.260882
1289	2.084083
1290	1.932119
1291	1.982269
1292	1.856283
1293	1.829756
1294	2.475564
1295	1.873023
1296	1.916929
1297	2.233317
1298	2.380191
1299	2.208754
1300	2.085666
1301	1.789775
1302	2.190049
1303	3.342110
1304	2.002823
1305	2.039876
1306	3.126687
1307	3.492431
1308	2.650920
1309	3.723386
1310	3.055934
1311	2.153367
1312	3.561981
1313	2.685181
1314	3.347560
1315	2.599309
1316	2.915974
1317	3.047322
1318	2.897530
1319	1.920751
1320	3.281279
1321	2.040124
1322	1.966064
1323	1.932121
1324	2.330342
1325	3.142942
1326	2.918694
1327	3.531938
1328	3.480429
1329	2.434528
1330	3.241159
1331	3.318692
1332	2.814546
1333	2.035636
1334	1.948388
1335	2.858218
1336	2.123515
1337	1.977398
1338	3.053048
1339	3.363420
1340	3.213256
1341	3.609114
1342	2.284078
1343	2.596322
1344	2.854087
1345	2.808577
1346	2.616944
1347	3.264797
1348	2.910411
1349	1.929584
1350	3.109612
1351	2.157895
1352	1.898924
1353	3.002027
1354	2.408920
1355	2.967470
1356	2.060797
1357	2.282897
1358	1.824967
1359	2.502978
1360	1.983079
1361	1.978615
1362	2.707855
1363	3.500295
1364	1.848048
1365	2.175983
1366	2.315039
1367	2.003148
1368	2.008430
1369	1.808600
1370	1.906722
1371	2.516064
1372	2.069287
1373	3.119567
1374	2.661844
1375	2.018400
1376	1.763287
1377	2.244509
1378	1.977144
1379	1.790562
1380	1.849813
1381	1.818488
1382	2.104609
1383	2.092972
1384	2.942968
1385	3.322117
1386	2.057839
1387	1.960742
1388	3.358831
1389	2.078010
1390	2.349195
1391	2.030197
1392	1.926372
1393	2.204855
1394	2.202410
1395	1.982425
1396	1.806902
1397	2.893598
1398	3.147984
1399	1.770905
1400	2.172374
1401	2.031405
1402	1.979842
1403	2.141270
1404	2.383731
1405	2.425062
1406	1.932116
1407	3.005683
1408	2.868090
1409	1.860912
1410	2.020907
1411	2.032382
1412	3.409652
1413	1.866452
1414	2.547340
1415	1.887374
1416	1.826303
1417	2.361621
1418	2.642361
1419	2.088757
1420	2.195311
1421	2.056288
1422	2.410522
1423	1.829640
1424	2.004752
1425	1.886165
1426	2.576575
1427	1.893831
1428	1.755364
1429	1.828932
1430	2.274303
1431	1.939413
1432	2.193214
1433	1.923244
1434	1.919919
1435	2.233572
1436	1.788961
1437	1.962527
1438	1.694258
1439	2.228051
1440	2.826838
1441	3.388747
1442	2.166217
1443	2.156338
1444	3.139061
1445	2.179401
1446	2.959816
1447	2.595165
1448	2.139674
1449	2.742374
1450	2.511433
1451	3.199812
1452	2.154273
1453	1.818815
1454	2.113083
1455	2.075119
1456	2.973706
1457	2.063517
1458	2.082785
1459	1.853944
1460	2.675969
1461	1.912725
1462	1.981036
1463	2.023064
1464	2.340105
1465	1.922240
1466	1.842770
1467	2.535373
1468	3.077223
1469	1.933367
1470	1.700916
1471	2.023410
1472	2.660471
1473	2.926527
1474	2.868167
1475	1.982676
1476	2.530037
1477	3.303406
1478	2.756615
1479	1.996270
1480	1.964309
1481	2.388324
1482	2.243857
1483	2.387756
1484	2.966912
1485	1.747138
1486	2.166609
1487	2.317776
1488	2.452799
1489	2.035117
1490	2.457902
1491	1.870965
1492	1.951253
1493	2.130587
1494	1.996599
1495	2.091530
1496	2.674429
1497	3.132317
1498	1.864889
1499	2.036685
1500	2.182795
1501	1.922315
1502	3.500876
1503	2.047075
1504	2.602560
1505	2.131788
1506	3.401091
1507	2.078001
1508	2.713387
1509	1.906281
1510	2.008060
1511	1.938708
1512	2.160860
1513	2.822416
1514	1.905177
1515	2.392785
1516	1.960562
1517	1.873124
1518	2.180572
1519	2.507806
1520	2.246464
1521	1.662946
1522	2.277846
1523	2.031872
1524	1.947767
1525	3.591296
1526	2.604806
1527	1.751716
1528	2.176921
1529	3.362391
1530	2.912780
1531	1.896548
1532	2.010325
1533	1.939226
1534	2.728018
1535	1.820908
1536	1.933629
1537	2.657068
1538	3.237292
1539	2.283330
1540	2.836225
1541	1.853784
1542	3.100090
1543	1.876831
1544	2.001827
1545	1.847539
1546	1.886424
1547	2.120026
1548	2.007408
1549	3.162955
1550	2.288863
1551	2.040218
1552	2.388532
1553	3.084061
1554	2.100237
1555	1.836628
1556	1.990202
1557	2.460627
1558	2.851893
1559	1.976178
1560	1.940336
1561	1.782244
1562	2.642820
1563	2.170484
1564	2.736000
1565	2.162542
1566	2.073022
1567	3.393447
1568	2.921953
1569	2.352981
1570	1.958111
