0	2.030025
1	1.907273
2	1.928136
3	1.783959
4	1.708976
5	1.857767
6	1.758947
7	2.033150
8	1.795717
9	1.714789
10	2.050318
11	1.825840
12	1.895125
13	1.763322
14	1.797444
15	2.181879
16	1.720091
17	1.841763
18	1.810361
19	1.807626
20	2.132229
21	2.015566
22	1.758918
23	1.862581
24	2.081467
25	1.807043
26	1.947770
27	1.793988
28	1.813090
29	1.777665
30	1.887751
31	1.877524
32	1.875474
33	1.882844
34	1.667966
35	1.942036
36	2.132157
37	1.849217
38	1.954815
39	1.704963
40	1.783283
41	1.847891
42	1.705433
43	1.825183
44	1.727022
45	1.828524
46	2.263162
47	1.751599
48	1.843609
49	1.845751
50	1.787568
51	1.866575
52	1.824885
53	1.782893
54	1.988714
55	1.855398
56	1.690564
57	1.780253
58	1.827923
59	1.832541
60	1.989698
61	1.968983
62	1.920131
63	2.082068
64	1.672989
65	1.822992
66	1.782831
67	1.840271
68	1.761845
69	1.774968
70	1.925048
71	1.839156
72	1.886161
73	1.907511
74	1.773980
75	2.024600
76	2.020196
77	1.823212
78	1.840435
79	1.814085
80	1.830655
81	1.898711
82	1.713302
83	1.814690
84	1.919427
85	1.891377
86	1.919319
87	1.891086
88	1.842850
89	1.825872
90	1.768445
91	1.843314
92	1.801414
93	1.828471
94	1.771156
95	2.067609
96	1.706752
97	1.768448
98	1.783648
99	1.881781
100	1.688607
101	1.804247
102	1.956681
103	1.878990
104	1.893489
105	1.849702
106	1.728122
107	1.749314
108	1.896839
109	1.788267
110	1.928653
111	1.780955
112	1.792038
113	1.837662
114	1.872031
115	1.764322
116	1.939949
117	1.868582
118	1.861665
119	1.790279
120	1.795578
121	1.875580
122	1.827020
123	1.731271
124	1.722151
125	1.822002
126	1.832539
127	1.864778
128	2.192896
129	1.839592
130	1.887353
131	1.824748
132	2.018243
133	1.847459
134	1.945610
135	1.651901
136	1.951435
137	2.181606
138	1.805253
139	1.894043
140	2.001326
141	1.936001
142	1.705902
143	1.894044
144	1.739283
145	1.795243
146	1.824389
147	1.855236
148	1.819231
149	1.859194
150	1.976311
151	1.812677
152	1.877472
153	1.888282
154	1.869116
155	1.960894
156	1.908324
157	1.817169
158	2.168295
159	1.752952
160	2.284216
161	1.894921
162	1.715896
163	1.775980
164	1.911387
165	1.755250
166	1.988844
167	2.041765
168	2.144901
169	1.827595
170	1.762414
171	1.805990
172	2.148440
173	1.966926
174	1.704287
175	1.695464
176	1.987311
177	1.858439
178	1.996195
179	1.786197
180	1.891084
181	1.961736
182	1.826717
183	1.694257
184	1.704522
185	1.842637
186	1.957882
187	1.831011
188	1.778116
189	1.834149
190	1.823650
191	1.893305
192	2.167833
193	1.757670
194	1.830982
195	1.762754
196	1.969089
197	1.786449
198	1.847050
199	1.889261
200	1.956198
201	1.747451
202	1.651452
203	1.867217
204	1.931114
205	1.753340
206	1.848622
207	1.863293
208	1.792791
209	1.680897
210	2.106020
211	1.740517
212	1.829701
213	1.910733
214	1.798726
215	1.746338
216	1.924812
217	1.717582
218	1.846645
219	2.030616
220	1.902336
221	1.689849
222	1.793716
223	1.708945
224	1.773837
225	2.004122
226	1.773811
227	1.750283
228	1.830684
229	1.844179
230	1.985673
231	1.831611
232	1.827592
233	1.913404
234	1.888308
235	1.678212
236	1.880770
237	1.767541
238	1.761279
239	1.809446
240	1.987685
241	2.041005
242	1.980001
243	1.744879
244	1.805215
245	1.810882
246	1.803581
247	1.805907
248	1.905227
249	1.900685
250	1.808065
251	1.895969
252	1.869490
253	2.178596
254	1.843070
255	1.931737
256	1.893228
257	1.842440
258	1.781768
259	1.695790
260	1.782388
261	2.281951
262	1.791565
263	1.896867
264	1.916616
265	1.945305
266	1.813179
267	1.751143
268	2.127935
269	1.675382
270	1.660906
271	1.860132
272	1.769292
273	1.878934
274	1.814109
275	1.874400
276	2.027067
277	1.888938
278	1.897924
279	1.889055
280	1.726191
281	1.774657
282	1.788576
283	1.919531
284	2.588300
285	1.963183
286	1.835977
287	1.751886
288	1.789468
289	1.813204
290	1.900261
291	1.919842
292	1.820469
293	2.041567
294	1.640029
295	2.048438
296	1.759947
297	1.838099
298	1.897655
299	1.784235
300	1.983353
301	1.814745
302	1.841167
303	1.799581
304	2.039535
305	1.843855
306	1.907197
307	1.724007
308	1.717293
309	1.883640
310	1.728960
311	1.859086
312	1.820990
313	1.782525
314	1.724703
315	1.786674
316	1.822801
317	1.764707
318	1.792793
319	1.786030
320	1.810939
321	1.954277
322	1.863656
323	1.838694
324	1.750316
325	1.904467
326	1.828524
327	2.026348
328	1.907719
329	1.833683
330	2.063156
331	1.753256
332	1.731187
333	1.684608
334	1.698411
335	1.880453
336	1.679111
337	1.831149
338	1.828931
339	1.709534
340	1.789772
341	1.772989
342	1.900894
343	1.707660
344	1.690268
345	1.828960
346	1.656325
347	1.724700
348	1.771468
349	1.822688
350	1.661146
351	1.805439
352	1.767991
353	1.959030
354	1.774429
355	1.758579
356	1.757099
357	1.912616
358	1.927537
359	1.754366
360	1.763774
361	1.854238
362	1.807789
363	1.720290
364	1.683717
365	1.787596
366	1.827595
367	1.818461
368	1.686210
369	1.747942
370	1.817390
371	1.950615
372	1.887538
373	1.849351
374	1.900894
375	1.939975
376	1.716537
377	1.797164
378	1.785889
379	1.633187
380	1.898922
381	1.924238
382	1.647604
383	1.751571
384	1.840434
385	1.771044
386	1.875126
387	1.741064
388	1.869063
389	1.907696
390	1.756588
391	1.925252
392	1.769293
393	1.839919
394	1.815158
395	1.913270
396	1.794382
397	1.969494
398	1.985197
399	1.779382
400	1.912822
401	1.962473
402	1.756533
403	1.743272
404	1.753567
405	1.970426
406	1.766440
407	1.898790
408	1.798803
409	1.750682
410	1.693104
411	1.781742
412	1.706048
413	1.788713
414	1.847430
415	1.643501
416	1.842444
417	1.716306
418	1.721455
419	1.784907
420	1.785639
421	1.788099
422	1.819067
423	1.738218
424	1.688254
425	1.834884
426	1.790949
427	1.658944
428	1.986857
429	1.990251
430	1.760313
431	1.751027
432	1.889812
433	1.707074
434	1.861855
435	1.795660
436	2.037109
437	1.851408
438	1.676607
439	1.864029
440	1.913063
441	1.882284
442	2.014474
443	1.655780
444	1.690387
445	1.751142
446	1.900394
447	1.703966
448	1.694966
449	1.737266
450	1.729998
451	1.794463
452	1.816892
453	1.719099
454	1.996947
455	1.829807
456	1.912094
457	1.784292
458	1.934244
459	2.206581
460	1.912616
461	1.878990
462	1.894334
463	1.800888
464	1.958010
465	1.775501
466	1.685081
467	1.757896
468	1.839402
469	1.724094
470	1.663912
471	1.837118
472	1.728902
473	1.824007
474	1.686654
475	1.815655
476	1.777104
477	1.763944
478	1.782639
479	1.787205
480	1.758551
481	1.721511
482	1.682765
483	1.938891
484	1.937550
485	1.712483
486	1.692601
487	1.807374
488	1.967889
489	1.919036
490	1.887199
491	1.765984
492	1.982558
493	1.657040
494	1.650242
495	1.737591
496	1.907511
497	1.708391
498	2.345710
499	1.983860
500	1.863357
501	1.688165
502	1.960969
503	1.823211
504	1.681576
505	1.711199
506	1.819148
507	1.845778
508	1.801138
509	2.016482
510	1.871390
511	1.891667
512	1.845318
513	1.794798
514	1.943939
515	2.134034
516	1.727715
517	1.747026
518	1.911260
519	1.808213
520	1.716538
521	1.844696
522	1.852458
523	2.032659
524	2.008606
525	1.789358
526	1.942601
527	1.713272
528	2.371013
529	1.692631
530	1.802083
531	1.667124
532	1.907197
533	1.958213
534	1.723864
535	1.886028
536	1.948974
537	1.749429
538	2.293708
539	1.767541
540	1.901315
541	1.848729
542	1.806239
543	1.793488
544	1.792708
545	1.733782
546	1.761163
547	1.900263
548	1.652240
549	1.908429
550	1.936621
551	1.959381
552	1.724356
553	1.862552
554	1.852729
555	1.969823
556	1.911309
557	1.978005
558	1.813449
559	1.903340
560	1.845806
561	1.631502
562	1.765475
563	1.668861
564	1.699559
565	1.774964
566	1.773669
567	1.832512
568	1.795271
569	1.717264
570	1.838207
571	1.844614
572	1.765249
573	1.741435
574	1.683953
575	1.724558
576	1.736146
577	1.725514
578	1.634808
579	1.757897
580	1.788715
581	1.801694
582	1.713302
583	1.802581
584	1.812484
585	1.686416
586	1.771610
587	1.782863
588	1.830655
589	1.767287
590	1.935303
591	1.658224
592	1.756957
593	1.825213
594	1.652231
595	1.707455
596	1.774109
597	1.820933
598	1.834638
599	1.832075
600	1.717236
601	1.788939
602	1.734992
603	2.014671
604	1.856071
605	1.847215
606	1.763093
607	1.604807
608	1.704610
609	1.809226
610	1.848728
611	1.765106
612	1.891745
613	1.815323
614	1.796162
615	1.804273
616	1.849027
617	1.773528
618	2.000725
619	2.216529
620	1.917368
621	1.844343
622	1.691804
623	1.874087
624	1.986606
625	1.788686
626	1.858010
627	1.725979
628	1.722846
629	1.842877
630	1.789358
631	1.732425
632	1.747369
633	1.921302
634	1.735340
635	1.757412
636	1.863600
637	1.812263
638	1.708889
639	1.740747
640	1.816197
641	1.747834
642	1.713155
643	1.702841
644	1.744707
645	1.960204
646	1.819312
647	1.662377
648	1.740747
649	1.971904
650	1.796558
651	1.722962
652	2.015688
653	2.171750
654	1.799471
655	1.780197
656	1.760369
657	1.805464
658	1.894255
659	1.912005
660	1.894334
661	1.967461
662	1.953690
663	2.006838
664	1.909398
665	1.932693
666	1.865504
667	1.843123
668	1.792735
669	1.732456
670	1.799471
671	1.910602
672	1.819368
673	2.024278
674	1.760966
675	1.743731
676	1.896181
677	1.779803
678	2.140233
679	1.776570
680	1.952792
681	1.872778
682	1.960536
683	1.655928
684	1.780027
685	1.686891
686	1.692867
687	1.953997
688	1.788548
689	1.775078
690	1.862981
691	1.969188
692	1.936904
693	1.762895
694	2.064994
695	2.190366
696	1.787993
697	1.889576
698	1.899737
699	1.897709
700	1.615363
701	1.697557
702	1.888755
703	1.992586
704	1.951768
705	1.965629
706	1.768220
707	2.009378
708	1.851433
709	1.813450
710	1.769915
711	1.839238
712	1.941700
713	1.927329
714	1.825513
715	1.827567
716	1.861477
717	1.986605
718	1.824418
719	1.797108
720	1.911989
721	1.640000
722	2.069783
723	1.724472
724	1.814965
725	1.723948
726	1.899367
727	1.821455
728	2.163907
729	1.929482
730	1.789609
731	1.882896
732	1.814249
733	1.726817
734	1.725051
735	1.777357
736	1.901394
737	1.933752
738	1.822580
739	1.866575
740	1.847080
741	1.642466
742	1.824007
743	1.867217
744	1.791480
745	1.873874
746	2.233047
747	1.931580
748	1.749686
749	1.789023
750	2.079087
751	1.748199
752	1.750115
753	1.814194
754	1.922862
755	1.951154
756	1.804135
757	1.997849
758	2.057693
759	1.821703
760	1.818048
761	1.895627
762	1.897498
763	1.825814
764	1.667424
765	4.365444
766	4.220190
767	5.046584
768	3.206914
769	3.200766
770	3.308776
771	2.536257
772	2.917980
773	2.745762
774	2.919418
775	2.647886
776	2.971279
777	2.803212
778	2.890225
779	2.449183
780	2.367973
781	2.783255
782	2.615206
783	2.566456
784	3.156296
785	2.744686
786	2.737774
787	2.738540
788	3.535167
789	2.734905
790	2.820886
791	2.650075
792	2.623091
793	3.162184
794	3.245443
795	3.219969
796	2.597343
797	3.138551
798	2.918235
799	2.975282
800	2.675911
801	2.365945
802	2.678899
803	2.512707
804	2.867002
805	2.861136
806	2.883696
807	3.064539
808	2.830142
809	3.099855
810	2.564313
811	2.688067
812	2.794923
813	2.613695
814	2.088779
815	2.843114
816	2.482759
817	2.627014
818	3.733979
819	2.784438
820	2.891678
821	2.784637
822	2.476490
823	2.834607
824	2.816558
825	2.647735
826	2.754089
827	2.846999
828	3.131660
829	2.803873
830	2.781474
831	3.037335
832	2.687172
833	2.510557
834	2.610919
835	2.746944
836	2.452957
837	2.497000
838	2.487791
839	2.732234
840	2.715381
841	2.636305
842	3.227477
843	2.546467
844	2.484130
845	3.439375
846	3.495640
847	4.453258
848	3.842304
849	4.397648
850	3.242037
851	2.932064
852	3.325026
853	3.186393
854	3.041907
855	3.090404
856	3.331562
857	3.157357
858	2.683505
859	3.184681
860	2.879134
861	3.987206
862	3.299256
863	4.723567
864	3.143659
865	2.572818
866	2.957431
867	2.478106
868	2.805173
869	2.738722
870	2.996162
871	2.583969
872	2.667978
873	2.872351
874	2.523986
875	2.980369
876	2.593126
877	3.012472
878	3.239707
879	2.925646
880	2.929881
881	2.369344
882	2.723766
883	2.964220
884	2.527549
885	3.150666
886	2.761539
887	2.605183
888	3.105237
889	2.830353
890	2.765012
891	2.363683
892	2.586889
893	3.149938
894	2.545683
895	3.143406
896	3.501472
897	3.167255
898	2.255239
899	2.720314
900	3.329578
901	3.297485
902	3.060098
903	3.514341
904	2.656989
905	3.246136
906	2.597501
907	3.378254
908	2.984359
909	2.368567
910	2.934776
911	2.295341
912	2.566204
913	2.350873
914	2.608084
915	2.723325
916	3.438763
917	2.988394
918	3.223879
919	2.833562
920	3.031468
921	3.054259
922	2.465218
923	2.966901
924	2.845876
925	2.886693
926	3.291716
927	2.777210
928	2.646109
929	3.325896
930	3.030791
931	2.683153
932	3.289003
933	3.315108
934	2.757426
935	2.629030
936	3.149998
937	2.625910
938	2.778739
939	2.870783
940	3.087927
941	2.918029
942	2.561679
943	3.359003
944	2.852386
945	2.605168
946	2.882958
947	2.827366
948	2.614001
949	2.810499
950	3.452766
951	2.770181
952	2.849069
953	3.272600
954	2.988411
955	2.598982
956	2.849053
957	3.260524
958	3.021291
959	2.856256
960	3.510244
961	2.493892
962	3.352209
963	2.804819
964	3.043781
965	3.539604
966	2.952100
967	2.547958
968	3.347730
969	2.736459
970	3.034519
971	2.450510
972	2.769639
973	2.909724
974	2.827950
975	2.940085
976	2.823721
977	3.039967
978	2.657669
979	3.140924
980	2.592161
981	2.632015
982	3.781613
983	2.557519
984	2.932320
985	2.684939
986	2.397102
987	2.767688
988	2.491606
989	3.245843
990	2.917859
991	2.959476
992	2.613924
993	2.538306
994	2.718105
995	2.529763
996	2.284972
997	2.749145
998	2.648864
999	2.821523
1000	2.749107
1001	3.140837
1002	2.784062
1003	2.042205
1004	2.428271
1005	3.196337
1006	2.701393
1007	2.410382
1008	2.584436
1009	2.528755
1010	2.516837
1011	3.269618
1012	3.199082
1013	3.032507
1014	2.869808
1015	3.020265
1016	3.089324
1017	2.412171
1018	3.120481
1019	2.967979
1020	2.738923
1021	3.004930
1022	2.775305
1023	2.963569
1024	2.880076
1025	2.709380
1026	2.515770
1027	3.151702
1028	3.352943
1029	2.725693
1030	2.380273
1031	2.802142
1032	2.710147
1033	2.838133
1034	3.007805
1035	2.910520
1036	2.713121
1037	2.391150
1038	2.793600
1039	3.096195
1040	2.630799
1041	2.508466
1042	3.051114
1043	2.881701
1044	2.749872
1045	2.746453
1046	2.680467
1047	2.706030
1048	2.553449
1049	2.488253
1050	2.917311
1051	2.543737
1052	2.359491
1053	3.353296
1054	2.735361
1055	2.127087
1056	2.988110
1057	3.536793
1058	2.956316
1059	2.830795
1060	2.902999
1061	2.551353
1062	2.365883
1063	3.356396
1064	2.477257
1065	2.685573
1066	3.072117
1067	3.011727
1068	3.038322
1069	2.536356
1070	2.688791
1071	2.779447
1072	2.473399
1073	2.725509
1074	3.054652
1075	3.038963
1076	2.894599
1077	2.705254
1078	2.902723
1079	3.011312
1080	2.659436
1081	2.697647
1082	3.245928
1083	2.513205
1084	2.810213
1085	2.812797
1086	2.956991
1087	2.899414
1088	2.823367
1089	2.816185
1090	3.089276
1091	2.833761
1092	2.133190
1093	2.284053
1094	2.355610
1095	2.663795
1096	3.470533
1097	2.915390
1098	3.275927
1099	2.442661
1100	3.284403
1101	3.008571
1102	2.934263
1103	2.686801
1104	2.764236
1105	2.654731
1106	2.497318
1107	2.956585
1108	2.746362
1109	2.702388
1110	3.010182
1111	3.061404
1112	2.778778
1113	3.017714
1114	2.974576
1115	3.109341
1116	2.540255
1117	3.088785
1118	2.996015
1119	3.175327
1120	2.756700
1121	2.810658
1122	2.628459
1123	3.137435
1124	3.199468
1125	2.477801
1126	2.569726
1127	2.660940
1128	2.718990
1129	3.266204
1130	3.027953
1131	2.766603
1132	2.622155
1133	2.736622
1134	3.084122
1135	2.489458
1136	3.045883
1137	3.081478
1138	3.294070
1139	2.766840
1140	4.730846
1141	3.402911
1142	4.732230
1143	4.263684
1144	3.111029
1145	3.301166
1146	3.610846
1147	3.354907
1148	3.020861
1149	2.979362
1150	2.755305
1151	2.445508
1152	3.153189
1153	2.783864
1154	2.333925
1155	2.668593
1156	3.051312
1157	2.831008
1158	2.885500
1159	3.457687
1160	3.391666
1161	2.766280
1162	3.143278
1163	3.251600
1164	2.631141
1165	2.511096
1166	2.809021
1167	3.213239
1168	2.879827
1169	2.594629
1170	3.042154
1171	2.688495
1172	2.789356
1173	3.181351
1174	2.600481
1175	2.721121
1176	2.828940
1177	3.136847
1178	2.635338
1179	3.048310
1180	2.970707
1181	3.213143
1182	3.264919
1183	2.867370
1184	2.694900
1185	2.966293
1186	3.010484
1187	2.678451
1188	2.713173
1189	2.972692
1190	2.817906
1191	2.030392
1192	2.948643
1193	2.727599
1194	2.709632
1195	3.250245
1196	2.998701
1197	2.511753
1198	2.721415
1199	2.573306
1200	3.011942
1201	2.966883
1202	3.244243
1203	2.590040
1204	3.026106
1205	2.856815
1206	3.177202
1207	2.640947
1208	2.686278
1209	3.074313
1210	2.841920
1211	2.850576
1212	2.670208
1213	3.209190
1214	3.023856
1215	2.661933
1216	2.851122
1217	2.946899
1218	3.114659
1219	3.242990
1220	2.544524
1221	3.173595
1222	3.093768
1223	2.834411
1224	2.902656
1225	2.989464
1226	3.033777
1227	2.689404
1228	3.164255
1229	2.823684
1230	2.812990
1231	2.706656
1232	2.521230
1233	2.431851
1234	2.946082
1235	2.729873
1236	2.666348
1237	2.973702
1238	2.731849
1239	2.892539
1240	2.698336
1241	2.511354
1242	3.525507
1243	2.447325
1244	2.415491
1245	2.827829
1246	2.830601
1247	3.149477
1248	3.132891
1249	2.388515
1250	2.870924
1251	2.683320
1252	2.581587
1253	2.488254
1254	2.741568
1255	2.476933
1256	2.777841
1257	2.743738
1258	2.268834
1259	3.004879
1260	2.900017
1261	3.099838
1262	3.267431
1263	2.726848
1264	3.035604
1265	3.211806
1266	2.778219
1267	2.643955
1268	2.197474
1269	2.371604
1270	2.732417
1271	2.818402
1272	2.710959
1273	2.394179
1274	2.810300
1275	2.259382
1276	2.857968
1277	2.631007
1278	2.968063
1279	2.707859
1280	2.450739
1281	2.257898
1282	2.192122
1283	2.812845
1284	2.350426
1285	3.200968
1286	2.344203
1287	2.469819
1288	2.880103
1289	3.147476
1290	2.480866
1291	3.298274
1292	2.847560
1293	2.280877
1294	2.734723
1295	2.613695
1296	2.438975
1297	3.411760
1298	4.000900
1299	2.485358
1300	2.922276
1301	2.549686
1302	2.725307
1303	2.479073
1304	2.712343
1305	2.934589
1306	2.786933
1307	3.133400
1308	2.727747
1309	2.306383
1310	2.837147
1311	2.453691
1312	3.011396
1313	2.552507
1314	2.727945
1315	2.765013
1316	2.552118
1317	2.814552
1318	2.474146
1319	2.352127
1320	2.386734
1321	2.760526
1322	2.933445
1323	2.699276
1324	2.606454
1325	2.933990
1326	2.706010
1327	2.398667
1328	3.239427
1329	2.524242
1330	2.630938
1331	3.302372
1332	2.935798
1333	2.476568
1334	2.678917
1335	2.855139
1336	2.809607
1337	3.089433
1338	3.049984
1339	4.287681
1340	3.238610
1341	3.471035
1342	2.395098
1343	3.310439
1344	3.250617
1345	3.853828
1346	4.767348
1347	3.722555
1348	3.131618
1349	3.351138
1350	3.695118
1351	2.695141
1352	4.203071
1353	3.416474
1354	3.186238
1355	3.179844
1356	2.915568
1357	4.044617
1358	4.575687
1359	3.178426
1360	4.502954
1361	4.697456
1362	3.225569
1363	3.415980
1364	2.952212
1365	2.690461
1366	3.692451
1367	4.666466
1368	3.548582
1369	3.222522
1370	3.757113
1371	2.793921
1372	2.959965
1373	2.407343
1374	2.869249
1375	2.390505
1376	2.542867
1377	2.684791
1378	2.795723
1379	2.401192
1380	2.850912
1381	3.246245
1382	4.652650
1383	2.807615
1384	2.686814
1385	2.896701
1386	2.562909
1387	4.241475
1388	2.622027
1389	2.724255
1390	3.448506
1391	3.428708
1392	2.858338
1393	2.975131
1394	3.555856
1395	4.513637
1396	2.987933
1397	2.878580
1398	3.164636
1399	4.212901
1400	4.318020
1401	3.275894
1402	3.291748
1403	2.890706
1404	3.292433
1405	3.298410
1406	4.638291
1407	3.119507
1408	3.041793
1409	2.705333
1410	2.883679
1411	3.141991
1412	2.333600
1413	3.130783
1414	2.612777
1415	2.984899
1416	2.807458
1417	2.883208
1418	3.045935
1419	2.824147
1420	2.336772
1421	3.199060
1422	2.915905
1423	3.074817
1424	2.681976
1425	3.095044
1426	3.131391
1427	2.495716
1428	2.898724
1429	3.153506
1430	3.401382
1431	2.989749
1432	3.127043
1433	3.161676
1434	2.745433
1435	3.384273
1436	2.955300
1437	2.173407
1438	2.661317
1439	3.197343
1440	2.821968
1441	3.394304
1442	3.112988
1443	3.000684
1444	2.345378
1445	2.990052
1446	2.439844
1447	2.829576
1448	3.085515
1449	2.955182
1450	2.614747
1451	2.510856
1452	2.522717
1453	2.627566
1454	3.859041
1455	2.976340
1456	3.160807
1457	2.470085
1458	3.320062
1459	4.225080
1460	2.714462
1461	3.271375
1462	2.995705
1463	4.360161
1464	3.270549
1465	3.771154
1466	3.199671
1467	3.177357
1468	2.914809
1469	3.789591
1470	4.697721
1471	4.482603
1472	3.970574
1473	3.313674
1474	3.208832
1475	3.843606
1476	3.449088
1477	3.146760
1478	4.554065
1479	3.267935
1480	4.591655
1481	3.469683
1482	4.332033
1483	4.078063
1484	3.792559
1485	3.483963
1486	3.817027
1487	4.535151
1488	3.174996
1489	4.090097
1490	4.733508
1491	4.738671
1492	4.223341
1493	4.483682
1494	3.854906
1495	3.535010
1496	3.267201
1497	4.191395
1498	2.872318
1499	3.360506
1500	4.812350
1501	4.263448
1502	2.908917
1503	4.602674
1504	3.482814
1505	4.484696
1506	2.722095
1507	4.540275
1508	4.543754
1509	3.497928
1510	3.005695
1511	4.705795
1512	4.377819
1513	3.225523
1514	3.514061
1515	2.850771
1516	4.702213
1517	3.156168
1518	2.969425
1519	3.132490
1520	2.724581
1521	3.318041
1522	2.863233
1523	2.478927
1524	2.483627
1525	2.913779
1526	2.658439
1527	2.708672
1528	2.798946
1529	3.096110
1530	2.622232
1531	3.199671
1532	2.970538
1533	2.744395
1534	2.548039
1535	3.028465
1536	3.416401
1537	3.379822
1538	2.903377
1539	3.113550
1540	2.237611
1541	2.463189
1542	2.715659
1543	2.821277
1544	2.847982
1545	2.829806
1546	2.777876
1547	3.290059
1548	3.974154
1549	4.261209
1550	3.217546
1551	3.201932
1552	3.635451
1553	3.081703
1554	3.482385
1555	4.447089
1556	3.287034
1557	3.330661
1558	3.709177
1559	4.863496
1560	2.618406
1561	2.764145
1562	2.907899
1563	3.083332
1564	3.175232
1565	3.284208
1566	2.564001
1567	3.209890
1568	3.209611
1569	3.159880
1570	3.336080
1571	2.991020
1572	3.085920
1573	3.024136
1574	3.734632
1575	4.036398
1576	2.910427
1577	2.764380
1578	2.826677
1579	3.656051
1580	3.713974
1581	3.789525
1582	3.282500
1583	4.544899
1584	4.777091
1585	4.489845
1586	3.461576
1587	4.919085
1588	5.125134
1589	3.696836
1590	3.067034
1591	3.273239
1592	3.502042
1593	2.428744
1594	3.833036
1595	2.911442
1596	4.390592
1597	3.488910
1598	3.005079
1599	4.541409
1600	4.752408
1601	4.867073
1602	2.887371
1603	3.698554
1604	4.229046
1605	2.684213
1606	3.391814
1607	2.775717
1608	3.408738
1609	3.015197
1610	3.306448
1611	3.196279
1612	2.976842
1613	2.881475
1614	2.244748
1615	3.328017
1616	2.455890
1617	3.158181
1618	2.879096
1619	2.754796
1620	2.380042
1621	2.723015
1622	2.962720
1623	2.832928
1624	2.826643
1625	2.830318
1626	3.210497
1627	2.557578
1628	3.442914
1629	3.073970
1630	2.751837
1631	2.896895
1632	3.022995
1633	3.372204
1634	3.172050
1635	3.769035
1636	2.470540
1637	2.832206
1638	2.943143
1639	2.241628
1640	2.545107
1641	2.618588
1642	3.372718
1643	2.410610
1644	2.959347
1645	2.620489
1646	3.117998
1647	2.750742
1648	2.422022
1649	3.107122
1650	2.782897
1651	2.211650
1652	3.099179
1653	2.654129
1654	3.081477
1655	3.037863
1656	3.110724
1657	2.438566
1658	2.886848
1659	2.287225
1660	2.340554
1661	2.905666
1662	2.345762
1663	3.038325
1664	2.527825
1665	2.754288
1666	2.563805
1667	3.123428
1668	2.795854
1669	3.262591
1670	2.766966
1671	2.100903
1672	2.908368
1673	3.361636
1674	2.816114
1675	2.944572
1676	3.274278
1677	3.134614
1678	3.069086
1679	2.955182
1680	2.955537
1681	2.821719
1682	2.709595
1683	3.315554
1684	2.787490
1685	3.093428
1686	2.359067
1687	2.371959
1688	2.861800
1689	3.162736
1690	2.848226
1691	3.039803
1692	2.312423
1693	2.793438
1694	2.401791
1695	2.758496
1696	2.993198
1697	2.172856
1698	2.824148
1699	2.162729
1700	2.820959
1701	2.790769
1702	2.775573
1703	2.583604
1704	2.809002
1705	2.672097
1706	2.892267
1707	2.593260
1708	2.487990
1709	2.797928
1710	2.493371
1711	2.994322
1712	2.593782
1713	3.573598
1714	2.469026
1715	3.054195
1716	2.851211
1717	2.564429
1718	2.647943
1719	2.890036
1720	2.857832
1721	2.800874
1722	2.361399
1723	2.709630
1724	2.586210
1725	3.267108
1726	3.259416
1727	2.551882
1728	2.737553
1729	2.361143
1730	2.311387
1731	3.031121
1732	2.713764
1733	2.766983
1734	2.561972
1735	2.734081
1736	2.435345
1737	2.639887
1738	3.130510
1739	2.539821
1740	2.271254
1741	2.829172
1742	2.560508
1743	2.721654
1744	2.364106
1745	2.791095
1746	2.415367
1747	2.687952
1748	2.468744
1749	2.601694
1750	2.978725
1751	2.848526
1752	2.822536
1753	3.141052
1754	2.663905
1755	2.964370
1756	2.673481
1757	2.247168
1758	2.737390
1759	2.992288
1760	2.468198
1761	2.887023
1762	2.543164
1763	2.421632
1764	2.569551
1765	2.506173
1766	2.751183
1767	2.637367
1768	3.439160
1769	3.065467
1770	2.174903
1771	2.795458
1772	2.969508
1773	2.857013
1774	3.178834
1775	3.122097
1776	2.729485
1777	2.617328
1778	2.770428
1779	2.430659
1780	2.911116
1781	3.595565
1782	2.877951
1783	2.798461
1784	3.031403
1785	3.042943
1786	2.998351
1787	3.054341
1788	3.748786
1789	2.744119
1790	3.312717
1791	2.955757
1792	3.028846
1793	2.458475
1794	2.341451
1795	2.534661
1796	2.557459
1797	2.600079
1798	3.305299
1799	2.627869
1800	2.385834
1801	2.293253
1802	3.289893
1803	2.680634
1804	3.587784
1805	2.665449
1806	2.783558
1807	2.526047
1808	2.603189
1809	2.929658
1810	3.091488
1811	2.520098
1812	3.097565
1813	2.767344
1814	3.431212
1815	2.698819
1816	3.233869
1817	3.313743
1818	3.117723
1819	2.956941
1820	3.774480
1821	2.912351
1822	3.122835
1823	2.708321
1824	2.859232
1825	2.634787
1826	4.043776
1827	2.569380
1828	2.691581
1829	3.409913
1830	2.733549
1831	2.832705
1832	3.017896
1833	2.836514
1834	3.885331
1835	3.285271
1836	3.134420
1837	2.812919
1838	2.337928
1839	2.699574
1840	2.317974
1841	2.779696
1842	3.462095
1843	3.021954
1844	2.764834
1845	3.240447
1846	3.052390
1847	2.991674
1848	2.669642
1849	2.922650
1850	2.952523
1851	2.726480
1852	3.045538
1853	3.224003
1854	3.086179
1855	2.369934
1856	2.378782
1857	2.886712
1858	2.573149
1859	2.781526
1860	3.230574
1861	2.894218
1862	2.464829
1863	2.797607
1864	2.548840
1865	3.160157
1866	2.461280
1867	2.498100
1868	2.697591
1869	2.507012
1870	2.271784
1871	2.889517
1872	3.072618
1873	2.634561
1874	2.211269
1875	2.964222
1876	2.924260
1877	2.411596
1878	2.555817
1879	2.241295
1880	3.381791
1881	2.561054
1882	2.631047
1883	2.187557
1884	2.313116
1885	2.542382
1886	2.393615
1887	2.924963
1888	2.555015
1889	2.585227
1890	2.845980
1891	2.989918
1892	2.672285
1893	3.083293
1894	2.290613
1895	2.463007
1896	2.618740
1897	2.514179
1898	2.934434
1899	2.545053
1900	2.918390
1901	2.389477
1902	2.278355
1903	2.418181
1904	2.783201
1905	2.604343
1906	2.670674
1907	3.044881
1908	2.708800
1909	3.657731
1910	3.019933
1911	2.824430
1912	2.640171
1913	2.981576
1914	2.477861
1915	3.594009
1916	2.940782
1917	2.827897
1918	2.865327
1919	3.175311
1920	2.839630
1921	3.236495
1922	2.984124
1923	2.787740
1924	2.796678
1925	3.265793
1926	2.384576
1927	2.613751
1928	2.755542
1929	2.424995
1930	2.780738
1931	2.885656
1932	2.956586
1933	3.215495
1934	2.590308
1935	3.171718
1936	2.742372
1937	2.435674
1938	2.764093
1939	2.904807
1940	2.235375
1941	2.920582
1942	2.544699
1943	2.909019
1944	2.767109
1945	2.956030
1946	2.642783
1947	2.831449
1948	2.783900
1949	3.149301
1950	2.896101
1951	2.921010
1952	2.488553
1953	2.602787
1954	2.455892
1955	2.703202
1956	2.687360
1957	2.524143
1958	3.061649
1959	2.661935
1960	2.274335
1961	2.572354
1962	2.702760
1963	2.984774
1964	3.355964
1965	2.899048
1966	3.102402
1967	2.652057
1968	3.371202
1969	2.861012
1970	2.473498
1971	2.877656
1972	2.445094
1973	2.609637
1974	2.741297
1975	2.731614
1976	2.763618
1977	2.558630
1978	3.264075
1979	3.034600
1980	2.427015
1981	2.396455
1982	2.619507
1983	2.655919
1984	2.898725
1985	2.712160
1986	2.652169
1987	2.783613
1988	2.364783
1989	2.586290
1990	2.090382
1991	2.810585
1992	2.500441
1993	2.572253
1994	2.791382
1995	2.337307
1996	2.617019
1997	2.390048
1998	2.697131
1999	1.934373
2000	2.769171
