0	2.785861
1	3.424896
2	3.348761
3	2.764888
4	3.175498
5	3.537416
6	2.754194
7	3.336240
8	3.162165
9	2.934997
10	2.351190
11	2.835364
12	2.516860
13	3.010928
14	2.874457
15	2.675539
16	2.953034
17	2.923780
18	2.822555
19	2.870835
20	3.551266
21	3.269570
22	3.220621
23	2.926946
24	3.420380
25	2.803586
26	2.239175
27	2.566611
28	2.378823
29	3.410500
30	2.994561
31	2.547686
32	2.396622
33	2.453181
34	2.538187
35	2.727692
36	2.897190
37	2.759821
38	2.434379
39	2.476812
40	2.704811
41	2.692620
42	2.576259
43	3.235322
44	2.681755
45	2.279866
46	3.192756
47	2.379200
48	2.385164
49	2.648376
50	2.411100
51	2.471925
52	2.201299
53	2.630701
54	2.840525
55	2.985111
56	3.118303
57	2.580234
58	2.882914
59	2.204743
60	2.174421
61	2.538384
62	2.355778
63	2.346637
64	2.976677
65	2.820959
66	2.852189
67	2.407343
68	3.393183
69	2.940582
70	2.093465
71	2.224545
72	2.300741
73	2.709499
74	2.317886
75	2.572469
76	2.072099
77	2.078319
78	2.246862
79	2.758369
80	2.735872
81	2.281008
82	2.644751
83	2.812010
84	3.146362
85	2.698537
86	3.056696
87	2.359851
88	2.566184
89	2.174328
90	2.385163
91	2.607856
92	2.645203
93	2.466454
94	2.843254
95	2.744195
96	3.097371
97	2.791880
98	2.967524
99	2.751090
100	2.766388
101	2.675164
102	3.168265
103	2.662405
104	2.151022
105	2.658477
106	2.577188
107	2.452162
108	3.047506
109	2.649227
110	2.841600
111	2.886538
112	3.024385
113	2.799820
114	2.671517
115	2.570052
116	2.268810
117	2.580659
118	2.583100
119	2.991338
120	2.371265
121	3.317078
122	2.269911
123	3.223462
124	2.959409
125	2.390084
126	3.333196
127	3.257669
128	2.587470
129	2.758889
130	2.398354
131	2.419050
132	2.750146
133	2.744176
134	2.683696
135	2.349581
136	2.489718
137	2.668689
138	3.096288
139	2.446559
140	2.517420
141	2.410851
142	2.585749
143	3.287766
144	3.131869
145	3.000683
146	2.832049
147	2.771354
148	1.992737
149	2.434317
150	2.323209
151	2.492509
152	2.492388
153	2.450447
154	2.904153
155	2.699888
156	2.709926
157	2.445281
158	2.666909
159	3.176155
160	3.998435
161	2.468182
162	2.714314
163	2.315406
164	2.486323
165	2.835260
166	2.158727
167	3.103692
168	3.480718
169	3.134709
170	2.675574
171	2.650830
172	2.729304
173	2.850999
174	2.508466
175	2.487750
176	2.919589
177	2.494374
178	2.903928
179	2.671199
180	2.681399
181	2.814713
182	2.782876
183	2.314930
184	2.618301
185	2.218197
186	3.121154
187	2.339850
188	2.374785
189	2.785787
190	3.035490
191	2.431829
192	2.308808
193	2.805194
194	2.197340
195	2.423921
196	2.409089
197	2.554426
198	2.328544
199	2.061848
200	2.230581
201	2.477715
202	2.317174
203	2.457112
204	2.008701
205	2.187831
206	2.704551
207	2.938921
208	2.677254
209	2.387199
210	2.576309
211	2.456587
212	3.002151
213	2.922162
214	2.753339
215	3.100712
216	2.965338
217	2.966579
218	2.256458
219	2.021696
220	2.359276
221	2.381464
222	2.733224
223	2.320387
224	2.781960
225	2.754217
226	2.214677
227	2.399934
228	2.629333
229	2.436186
230	2.646675
231	2.409583
232	2.083409
233	2.655450
234	2.489602
235	2.327960
236	2.673216
237	2.418882
238	2.507313
239	2.411345
240	2.678902
241	3.149175
242	2.782967
243	2.593843
244	2.944338
245	2.735872
246	2.493953
247	2.230561
248	2.315556
249	2.640057
250	2.560879
251	2.741349
252	3.180923
253	3.295548
254	2.359854
255	2.560470
256	2.856816
257	2.441188
258	2.571109
259	2.733168
260	2.941326
261	3.638270
262	2.321831
263	2.854191
264	3.011046
265	3.082371
266	2.973772
267	2.034058
268	3.202826
269	2.534601
270	2.587547
271	2.993828
272	2.925243
273	2.691854
274	2.684511
275	2.992778
276	3.052950
277	2.713386
278	2.635790
279	2.232141
280	2.779201
281	2.819721
282	2.961869
283	2.905596
284	2.853577
285	2.705864
286	2.790804
287	2.655525
288	2.922842
289	3.151144
290	3.170709
291	2.264707
292	2.607393
293	2.733661
294	2.708381
295	2.808148
296	2.632281
297	2.335167
298	2.751763
299	2.330901
300	2.541280
301	3.021738
302	2.721965
303	3.003031
304	2.516605
305	3.107957
306	3.027358
307	3.150508
308	3.080925
309	2.736220
310	2.856326
311	3.124531
312	2.494915
313	2.427551
314	2.583061
315	2.529349
316	2.673837
317	3.037977
318	2.331972
319	2.466313
320	2.795961
321	2.603843
322	2.206380
323	2.858479
324	2.555035
325	2.848174
326	2.386753
327	1.919038
328	2.830725
329	2.553921
330	2.696313
331	2.716066
332	2.928036
333	2.815849
334	2.335250
335	2.969396
336	2.652811
337	2.733171
338	2.389032
339	3.037663
340	2.941069
341	2.682946
342	3.008740
343	2.292795
344	2.801515
345	2.587935
346	2.909933
347	2.786126
348	2.850035
349	2.788743
350	2.692658
351	2.376826
352	2.758950
353	2.155273
354	2.699667
355	2.818137
356	3.121698
357	2.439795
358	2.382940
359	2.543737
360	2.467995
361	2.267510
362	2.536159
363	2.138925
364	2.730732
365	2.906991
366	2.734611
367	2.910446
368	3.040708
369	2.712784
370	2.712674
371	1.978889
372	2.423076
373	3.040082
374	2.686466
375	3.225802
376	2.650302
377	2.728388
378	2.747144
379	2.746197
380	2.976929
381	3.000849
382	2.873691
383	3.036264
384	2.741714
385	2.622384
386	2.353933
387	2.480505
388	2.700556
389	2.769206
390	2.683597
391	2.167694
392	2.515434
393	2.802052
394	2.946065
395	2.241518
396	2.655747
397	2.739436
398	3.187789
399	2.923713
400	2.540196
401	2.929268
402	2.373899
403	2.783683
404	2.450385
405	2.628553
406	2.600020
407	2.640416
408	2.606167
409	2.726075
410	2.390712
411	2.783544
412	2.651550
413	2.585728
414	3.136463
415	3.033447
416	3.128354
417	2.820001
418	2.385835
419	2.459632
420	2.563223
421	2.806172
422	3.371721
423	2.679738
424	2.953135
425	2.338335
426	3.065551
427	2.760471
428	2.996548
429	2.729762
430	2.654713
431	2.424788
432	2.882325
433	2.735489
434	2.439385
435	2.975852
436	3.025657
437	2.865328
438	2.623930
439	3.045817
440	3.075794
441	3.015211
442	3.223492
443	2.938945
444	2.901534
445	2.857884
446	2.875934
447	2.967473
448	2.647414
449	2.749417
450	2.600038
451	2.517419
452	2.730639
453	2.642821
454	3.311404
455	3.079026
456	2.537263
457	3.087476
458	3.451507
459	3.306600
460	2.650925
461	2.697221
462	2.355887
463	2.800089
464	3.164523
465	2.923508
466	2.689796
467	2.988075
468	3.029142
469	2.967911
470	3.009933
471	2.959155
472	3.082500
473	2.373962
474	2.729504
475	2.311407
476	2.439448
477	2.878299
478	2.661222
479	2.891799
480	2.743392
481	3.012922
482	2.940442
483	2.417976
484	2.920599
485	2.933086
486	2.860943
487	2.711327
488	2.775321
489	2.849598
490	3.198721
491	2.790090
492	2.892631
493	2.392631
494	2.629848
495	2.868567
496	2.490643
497	2.768556
498	3.381047
499	2.808416
500	3.175549
501	2.748007
502	2.191620
503	2.870696
504	2.883297
505	3.035935
506	2.650038
507	3.147349
508	2.900241
509	2.814871
510	2.640852
511	2.897671
512	2.656125
513	3.062679
514	2.694086
515	3.185262
516	2.735619
517	2.734337
518	2.642067
519	2.439668
520	2.660845
521	2.791040
522	2.707582
523	3.372328
524	2.901000
525	3.063341
526	3.626403
527	2.789986
528	3.274202
529	2.808577
530	2.386671
531	3.055438
532	2.780306
533	3.371216
534	2.674658
535	2.939880
536	3.098725
537	2.830760
538	3.489656
539	2.920000
540	2.814764
541	2.915561
542	2.984225
543	3.186440
544	2.960017
545	2.722223
546	2.918167
547	2.927217
548	3.001733
549	2.855923
550	2.752181
551	2.955046
552	2.839243
553	2.662499
554	2.680186
555	3.437920
556	3.430568
557	2.211719
558	2.412370
559	2.173386
560	2.327639
561	2.942686
562	2.918304
563	2.855872
564	2.859282
565	2.981878
566	2.942460
567	2.988412
568	2.478266
569	2.782427
570	2.685256
571	2.389017
572	2.787293
573	2.724995
574	2.845400
575	2.604803
576	2.684660
577	2.733935
578	2.601922
579	2.944928
580	2.933564
581	3.344802
582	2.474673
583	2.924056
584	2.631140
585	2.739142
586	2.704256
587	3.092669
588	3.183159
589	2.757879
590	2.559473
591	2.533002
592	2.798625
593	2.825349
594	2.794767
595	2.898994
596	2.879348
597	2.122626
598	2.554494
599	2.918579
600	2.513703
601	2.747745
602	2.575616
603	2.622021
604	2.755758
605	2.723032
606	2.317693
607	2.760526
608	2.964473
609	2.832066
610	2.699889
611	2.981291
612	3.075223
613	3.290760
614	2.802961
615	2.583302
616	2.568171
617	2.709377
618	2.774905
619	2.642139
620	2.334120
621	2.370569
622	2.646318
623	2.624862
624	2.198727
625	2.610153
626	2.508087
627	2.722224
628	3.096918
629	3.293539
630	3.335072
631	3.033957
632	2.571964
633	2.537755
634	2.558066
635	2.743483
636	2.619866
637	2.975785
638	3.089255
639	2.939949
640	2.490468
641	2.724647
642	2.918837
643	2.768461
644	3.065025
645	2.793434
646	2.948236
647	2.633799
648	2.616582
649	2.562655
650	2.805595
651	2.353827
652	3.344309
653	2.998566
654	2.777715
655	2.540517
656	2.852139
657	3.010215
658	2.624905
659	3.028096
660	2.200228
661	2.577091
662	2.355971
663	2.132112
664	2.506012
665	2.805886
666	2.252862
667	2.442008
668	2.710811
669	3.065045
670	3.038650
671	3.086632
672	2.785786
673	3.196451
674	3.003098
675	2.642481
676	3.113487
677	2.888390
678	3.018046
679	3.396911
680	2.536237
681	2.507868
682	3.092071
683	2.687805
684	3.142627
685	3.181210
686	2.731410
687	2.609924
688	2.394765
689	2.848543
690	2.776293
691	2.555876
692	2.296781
693	2.901550
694	2.838063
695	3.356010
696	3.164165
697	3.003330
698	2.702794
699	3.555813
700	2.645203
701	2.409149
702	2.711070
703	2.387657
704	3.147602
705	2.492448
706	2.657161
707	2.851419
708	3.106800
709	2.690744
710	2.675762
711	2.688847
712	2.473479
713	2.617785
714	3.184980
715	2.395851
716	2.186755
717	2.363598
718	2.649038
719	2.357074
720	3.019140
721	2.447815
722	2.367827
723	2.528023
724	2.350447
725	2.608984
726	2.875413
727	2.671216
728	2.270595
729	3.026201
730	2.145181
731	2.853945
732	2.728003
733	2.489919
734	2.560742
735	2.510040
736	2.769060
737	2.496898
738	2.629716
739	2.392028
740	2.688234
741	2.512966
742	2.778291
743	2.903946
744	2.384659
745	3.195419
746	3.358928
747	3.051525
748	2.664996
749	2.443687
750	2.422169
751	2.524380
752	3.065633
753	2.592952
754	2.976088
755	2.379937
756	3.038240
757	2.867927
758	3.028845
759	3.261733
760	2.570719
761	3.061798
762	2.685554
763	2.575307
764	2.789660
765	3.535110
766	2.795460
767	3.733592
768	1.963925
769	1.772681
770	1.916350
771	1.779017
772	1.764114
773	1.802388
774	1.833329
775	1.716973
776	1.792345
777	1.763888
778	1.954072
779	1.744534
780	1.825624
781	1.753683
782	1.774431
783	2.019332
784	1.871310
785	1.751286
786	1.861424
787	1.700235
788	1.848891
789	1.646268
790	1.829152
791	1.775895
792	1.811354
793	1.923669
794	2.140163
795	1.713507
796	1.670838
797	1.881861
798	1.759261
799	1.888385
800	1.748686
801	1.852134
802	1.883083
803	2.227600
804	1.660994
805	1.786561
806	1.880771
807	1.823403
808	1.773950
809	2.361906
810	1.793237
811	1.857821
812	1.945585
813	1.917185
814	1.683478
815	1.806903
816	1.807485
817	1.711315
818	2.134127
819	1.734214
820	1.822114
821	1.750714
822	1.782498
823	1.884913
824	1.743473
825	1.949282
826	2.070001
827	1.778116
828	2.013306
829	1.708040
830	1.761306
831	1.700206
832	1.759260
833	1.804605
834	1.843692
835	1.720262
836	1.887936
837	1.858278
838	1.842987
839	1.916664
840	1.999225
841	1.873206
842	1.965579
843	2.039877
844	1.731617
845	1.960968
846	1.793544
847	3.188950
848	2.088589
849	2.916266
850	1.847431
851	1.724298
852	1.950514
853	1.813809
854	1.859326
855	2.205561
856	2.013479
857	1.923174
858	1.815985
859	1.766409
860	2.015987
861	2.561738
862	1.901604
863	3.429314
864	1.825952
865	1.915751
866	1.853969
867	1.834691
868	1.736434
869	1.823978
870	1.799584
871	2.013878
872	1.929482
873	1.883853
874	1.906673
875	1.899947
876	1.700381
877	1.750685
878	1.715489
879	1.736548
880	1.851783
881	1.714293
882	1.760852
883	1.906829
884	1.866682
885	1.833412
886	1.740059
887	1.793934
888	1.886238
889	1.766154
890	1.713302
891	1.807790
892	1.665711
893	1.902867
894	1.834069
895	1.812208
896	1.986630
897	1.967130
898	1.680775
899	1.840924
900	1.957880
901	1.877951
902	1.669042
903	1.863277
904	2.080120
905	1.806238
906	1.850108
907	2.005143
908	1.906435
909	1.789106
910	1.853564
911	1.961250
912	1.794575
913	1.734274
914	1.807622
915	1.867779
916	1.993137
917	1.886163
918	1.796692
919	1.731177
920	1.924838
921	1.867056
922	1.794380
923	1.868867
924	2.010360
925	1.915437
926	2.013182
927	1.869599
928	1.752285
929	1.961479
930	1.789134
931	1.913166
932	1.873941
933	1.812263
934	1.804800
935	1.733378
936	1.988793
937	1.788492
938	1.699323
939	1.651514
940	1.817855
941	1.776907
942	1.646511
943	2.053046
944	1.766635
945	1.725022
946	1.989302
947	1.770932
948	1.737671
949	1.778398
950	2.006665
951	1.956783
952	1.913035
953	1.853889
954	1.770113
955	2.057523
956	1.769153
957	1.933209
958	1.967994
959	1.871202
960	2.084946
961	1.850784
962	1.892353
963	2.003348
964	1.818736
965	2.037719
966	1.693045
967	1.721018
968	2.071352
969	1.677647
970	1.901288
971	1.944583
972	1.738880
973	1.746110
974	1.641462
975	1.738563
976	1.823979
977	1.702322
978	1.783087
979	1.787765
980	1.738418
981	1.737728
982	2.027511
983	1.828906
984	1.851405
985	1.761278
986	1.764681
987	1.876114
988	1.887564
989	1.705549
990	2.065841
991	1.728207
992	1.754567
993	1.686267
994	1.797136
995	1.758124
996	1.799723
997	1.742499
998	1.841944
999	1.730657
1000	1.780390
1001	1.994081
1002	1.719303
1003	1.879201
1004	1.762867
1005	1.826781
1006	1.768684
1007	1.724240
1008	1.824747
1009	1.905518
1010	1.837553
1011	1.925487
1012	1.882976
1013	1.829344
1014	1.780393
1015	1.746138
1016	1.926889
1017	1.850662
1018	1.916324
1019	1.792567
1020	1.974436
1021	1.728467
1022	1.702792
1023	1.848918
1024	1.745972
1025	1.750144
1026	1.881568
1027	1.764114
1028	1.828114
1029	1.806156
1030	1.904862
1031	1.726268
1032	1.770707
1033	1.765276
1034	1.744162
1035	1.822773
1036	1.970692
1037	1.965146
1038	1.713301
1039	1.755164
1040	1.922212
1041	1.688372
1042	1.868528
1043	1.742097
1044	1.780870
1045	1.901867
1046	1.713418
1047	1.834557
1048	1.875820
1049	1.850757
1050	1.941211
1051	1.703585
1052	1.789665
1053	1.782750
1054	1.753539
1055	1.749429
1056	1.940567
1057	2.017201
1058	1.827266
1059	1.893225
1060	2.045410
1061	1.674335
1062	1.872431
1063	1.884622
1064	1.763435
1065	1.876193
1066	1.886743
1067	1.928885
1068	1.979975
1069	1.737643
1070	1.965248
1071	1.754248
1072	1.921719
1073	2.016035
1074	2.002348
1075	1.940516
1076	1.962498
1077	1.761079
1078	1.756986
1079	1.804743
1080	1.693340
1081	1.876859
1082	1.725268
1083	1.829563
1084	2.204132
1085	1.750942
1086	1.813449
1087	1.812788
1088	1.807844
1089	1.738995
1090	1.860087
1091	1.880373
1092	1.856502
1093	1.642376
1094	1.708480
1095	1.671945
1096	2.004644
1097	1.887539
1098	1.879388
1099	1.824773
1100	2.026353
1101	1.792233
1102	1.851000
1103	2.209570
1104	1.821043
1105	1.959541
1106	1.900579
1107	1.631871
1108	1.773810
1109	1.702410
1110	1.833929
1111	1.910340
1112	1.893305
1113	1.894914
1114	1.778482
1115	1.841359
1116	1.796553
1117	1.782246
1118	1.765077
1119	1.839129
1120	1.768531
1121	1.685261
1122	1.688787
1123	1.786450
1124	1.761505
1125	1.696732
1126	1.682677
1127	1.780956
1128	1.766579
1129	1.772596
1130	1.845346
1131	1.641797
1132	1.847836
1133	2.030517
1134	1.972841
1135	1.738073
1136	1.991131
1137	1.978206
1138	1.836163
1139	1.728293
1140	3.465862
1141	1.839484
1142	4.021156
1143	2.878523
1144	1.728988
1145	1.738161
1146	2.238748
1147	1.912747
1148	1.772342
1149	1.837334
1150	1.805631
1151	1.770649
1152	1.910288
1153	1.761166
1154	1.765077
1155	1.913032
1156	1.668203
1157	2.261283
1158	1.944996
1159	1.869626
1160	1.863599
1161	1.770875
1162	2.035412
1163	1.707922
1164	1.860967
1165	1.774430
1166	1.878990
1167	2.023388
1168	1.770565
1169	1.779128
1170	1.825897
1171	1.705638
1172	1.735424
1173	1.817305
1174	1.779074
1175	1.736375
1176	1.834829
1177	1.749972
1178	1.776315
1179	1.837118
1180	1.844370
1181	1.807704
1182	2.015290
1183	1.741437
1184	1.693192
1185	1.925695
1186	2.022697
1187	1.811436
1188	1.765022
1189	1.944274
1190	1.865770
1191	1.940129
1192	1.784881
1193	1.763945
1194	1.758551
1195	2.117593
1196	1.788911
1197	1.932097
1198	1.715226
1199	1.958852
1200	1.832812
1201	1.900158
1202	1.988266
1203	1.786113
1204	2.037107
1205	1.837063
1206	1.893938
1207	1.770509
1208	1.974690
1209	1.689260
1210	1.809170
1211	1.804328
1212	1.672753
1213	1.865299
1214	1.844205
1215	1.924526
1216	1.902891
1217	1.897105
1218	1.990979
1219	1.818943
1220	1.789524
1221	1.893234
1222	2.036420
1223	1.758010
1224	1.809586
1225	2.083723
1226	1.756531
1227	1.749800
1228	1.890405
1229	2.163468
1230	1.963543
1231	1.819037
1232	1.761307
1233	1.662468
1234	1.727716
1235	1.779579
1236	1.687840
1237	1.795383
1238	1.694726
1239	1.707162
1240	1.768942
1241	1.903574
1242	2.067511
1243	1.923251
1244	1.820934
1245	1.752742
1246	1.889497
1247	1.718233
1248	1.834721
1249	1.703203
1250	1.739137
1251	1.820689
1252	1.814084
1253	1.798889
1254	1.825950
1255	1.738678
1256	1.659485
1257	1.691094
1258	1.967486
1259	1.760598
1260	1.755162
1261	1.912615
1262	1.918179
1263	2.060316
1264	1.873874
1265	1.891190
1266	1.746368
1267	1.704964
1268	2.045531
1269	1.784853
1270	1.764199
1271	1.874727
1272	1.746856
1273	1.754305
1274	1.818134
1275	1.826610
1276	1.772454
1277	1.672037
1278	1.689493
1279	1.758803
1280	1.923074
1281	1.902866
1282	2.064242
1283	1.746340
1284	1.840352
1285	1.771611
1286	1.833603
1287	1.658100
1288	1.885179
1289	1.958417
1290	1.801554
1291	1.906960
1292	1.864646
1293	1.766579
1294	1.656535
1295	1.778229
1296	1.928886
1297	1.982172
1298	2.501220
1299	1.730464
1300	1.888968
1301	1.760283
1302	1.875553
1303	1.778452
1304	1.913478
1305	1.795163
1306	1.807044
1307	1.735337
1308	1.843393
1309	1.953280
1310	1.954763
1311	1.836000
1312	2.040321
1313	1.849051
1314	1.696259
1315	1.749799
1316	1.883350
1317	1.774121
1318	1.821703
1319	1.868393
1320	1.879894
1321	1.838313
1322	1.724124
1323	1.836164
1324	1.853671
1325	2.003399
1326	1.713299
1327	1.784293
1328	1.842118
1329	1.798249
1330	1.749604
1331	1.946738
1332	1.782362
1333	1.948357
1334	1.870135
1335	1.700999
1336	1.757868
1337	1.852161
1338	1.652878
1339	3.033825
1340	1.607731
1341	1.926785
1342	1.826199
1343	1.926996
1344	2.302454
1345	2.207849
1346	3.283076
1347	2.144459
1348	1.830222
1349	1.953815
1350	1.954200
1351	1.873628
1352	2.649415
1353	1.900581
1354	1.965326
1355	2.004744
1356	1.798726
1357	2.695086
1358	3.268468
1359	1.709794
1360	3.035044
1361	3.294511
1362	1.682795
1363	2.089523
1364	1.835513
1365	1.876295
1366	2.153163
1367	3.153693
1368	2.076196
1369	1.799251
1370	2.282391
1371	1.854753
1372	1.825622
1373	1.741982
1374	2.269581
1375	1.896972
1376	1.892987
1377	1.877047
1378	1.771578
1379	1.814222
1380	1.875732
1381	1.877927
1382	3.676815
1383	2.173339
1384	1.755533
1385	1.828770
1386	1.784965
1387	3.401067
1388	1.715199
1389	1.764200
1390	1.962780
1391	1.944865
1392	1.758663
1393	1.809560
1394	2.174238
1395	3.142124
1396	1.850839
1397	1.805132
1398	1.751454
1399	2.688982
1400	2.502214
1401	2.152086
1402	1.967284
1403	1.791452
1404	2.063152
1405	1.968601
1406	3.317618
1407	1.830551
1408	1.883539
1409	1.768193
1410	2.018414
1411	1.751147
1412	2.015785
1413	1.809696
1414	2.037991
1415	1.801419
1416	1.782838
1417	1.953511
1418	2.143662
1419	1.710231
1420	1.854966
1421	1.998147
1422	1.728959
1423	2.128404
1424	2.006639
1425	1.712104
1426	1.784855
1427	1.678869
1428	1.845671
1429	1.864027
1430	1.945817
1431	1.738763
1432	1.779692
1433	1.824965
1434	1.850027
1435	1.905834
1436	2.022719
1437	1.919218
1438	2.024451
1439	1.838342
1440	1.843528
1441	1.975399
1442	1.837907
1443	1.744276
1444	1.658764
1445	2.162337
1446	1.687879
1447	1.972536
1448	1.950616
1449	1.867566
1450	1.667663
1451	1.857229
1452	1.724500
1453	1.886611
1454	2.903101
1455	1.935640
1456	1.800694
1457	1.839728
1458	1.731849
1459	2.858443
1460	1.812760
1461	1.926084
1462	1.826412
1463	3.009158
1464	1.890529
1465	2.077378
1466	1.979773
1467	1.849568
1468	1.867992
1469	1.983179
1470	3.295779
1471	3.038111
1472	2.562644
1473	1.829480
1474	1.813588
1475	2.002599
1476	1.994315
1477	1.818875
1478	3.027357
1479	1.872619
1480	3.321852
1481	2.410166
1482	2.863390
1483	2.295997
1484	2.141588
1485	2.099096
1486	3.464000
1487	3.018361
1488	1.966953
1489	2.759330
1490	3.101887
1491	3.692993
1492	2.842762
1493	3.365307
1494	2.529902
1495	2.147882
1496	1.949231
1497	3.261195
1498	1.737614
1499	2.088253
1500	3.408828
1501	2.840634
1502	1.819972
1503	3.331922
1504	1.938814
1505	3.185262
1506	1.722499
1507	2.983438
1508	2.985448
1509	2.200590
1510	2.103163
1511	3.361027
1512	3.083164
1513	1.810469
1514	2.086025
1515	1.856475
1516	3.193234
1517	1.705931
1518	1.809498
1519	1.918281
1520	1.863937
1521	1.925435
1522	1.921041
1523	1.734906
1524	1.741494
1525	1.816095
1526	1.786344
1527	1.881515
1528	1.845725
1529	1.781516
1530	1.806046
1531	1.792205
1532	1.962880
1533	1.877392
1534	1.769768
1535	1.774345
1536	2.041813
1537	2.234122
1538	1.779129
1539	1.798305
1540	1.966240
1541	1.704377
1542	1.783059
1543	2.001624
1544	1.896022
1545	1.760596
1546	1.994317
1547	1.999950
1548	2.579341
1549	3.274783
1550	1.931140
1551	1.696928
1552	2.258207
1553	1.845671
1554	1.722730
1555	2.785901
1556	1.827512
1557	1.816618
1558	1.931244
1559	3.637389
1560	1.888229
1561	1.870268
1562	1.934270
1563	1.792514
1564	1.841602
1565	2.071835
1566	1.799194
1567	1.981793
1568	1.911048
1569	1.601936
1570	2.015284
1571	1.924032
1572	1.827730
1573	1.846402
1574	2.093155
1575	3.323386
1576	1.904363
1577	1.871737
1578	2.081105
1579	2.069396
1580	2.404684
1581	2.468785
1582	2.166010
1583	3.203779
1584	3.359375
1585	3.441541
1586	1.943733
1587	3.293995
1588	3.330390
1589	2.741770
1590	1.801389
1591	1.758862
1592	2.076632
1593	1.713038
1594	3.440814
1595	1.754167
1596	3.144344
1597	1.731300
1598	1.732196
1599	3.363897
1600	3.252431
1601	3.308141
1602	2.020174
1603	2.216619
1604	3.135898
1605	1.877233
1606	1.824418
1607	2.159490
1608	1.878217
1609	1.819365
1610	2.202407
1611	1.791647
1612	1.807208
1613	1.803470
1614	1.847025
1615	2.061941
1616	1.865247
1617	1.851405
1618	2.003647
1619	1.837307
1620	1.821317
1621	1.748257
1622	1.899420
1623	1.816863
1624	1.843857
1625	1.786897
1626	2.072729
1627	1.840027
1628	2.115394
1629	1.961172
1630	1.940776
1631	1.860670
1632	1.728032
1633	2.168896
1634	1.990326
1635	2.147085
1636	1.956346
1637	1.847186
1638	2.125416
1639	1.825649
1640	1.756388
1641	1.786840
1642	2.005118
1643	1.743361
1644	1.943735
1645	1.832893
1646	1.879096
1647	1.734185
1648	1.816673
1649	1.876514
1650	1.921800
1651	1.838829
1652	1.716656
1653	1.708830
1654	1.822606
1655	1.964970
1656	1.863037
1657	1.872192
1658	1.786335
1659	1.693931
1660	1.854749
1661	1.798805
1662	1.770565
1663	1.750457
1664	1.905071
1665	1.793377
1666	1.724124
1667	1.899632
1668	1.960714
1669	1.862390
1670	1.852809
1671	1.918280
1672	1.756275
1673	1.826198
1674	1.876512
1675	1.877738
1676	1.959208
1677	1.911018
1678	2.182658
1679	2.016259
1680	1.617436
1681	1.833620
1682	1.714615
1683	1.684547
1684	1.854994
1685	1.996221
1686	1.871203
1687	1.771467
1688	1.848676
1689	1.951614
1690	1.926499
1691	1.972461
1692	1.745482
1693	1.947125
1694	1.851379
1695	1.794575
1696	1.874726
1697	1.846861
1698	1.778933
1699	1.766267
1700	1.806490
1701	1.800253
1702	1.993213
1703	1.733721
1704	1.811167
1705	1.674634
1706	1.744333
1707	1.704376
1708	1.821345
1709	1.760938
1710	1.780702
1711	2.125770
1712	1.765163
1713	2.119458
1714	1.693929
1715	1.776345
1716	1.965833
1717	1.808370
1718	1.780618
1719	1.856987
1720	1.771270
1721	1.969620
1722	1.799439
1723	1.888702
1724	1.849324
1725	1.857471
1726	1.772681
1727	1.962549
1728	1.876113
1729	1.762867
1730	1.767626
1731	1.973093
1732	1.733235
1733	1.723542
1734	1.882897
1735	1.835293
1736	1.871177
1737	1.806463
1738	1.723514
1739	1.789928
1740	2.014373
1741	1.666014
1742	1.812363
1743	1.835627
1744	1.971623
1745	1.746111
1746	1.995445
1747	1.619195
1748	1.716537
1749	1.973550
1750	1.735427
1751	1.936257
1752	1.804301
1753	1.925098
1754	1.873952
1755	1.849000
1756	1.804688
1757	2.091817
1758	1.837879
1759	2.094419
1760	1.738535
1761	1.864886
1762	1.733609
1763	1.927226
1764	1.841601
1765	1.816480
1766	1.814993
1767	1.683360
1768	1.874197
1769	1.876862
1770	1.947355
1771	2.005940
1772	1.832240
1773	1.796553
1774	1.906668
1775	1.836771
1776	1.893277
1777	1.754824
1778	1.801327
1779	1.773220
1780	1.770898
1781	2.176992
1782	1.755246
1783	1.794013
1784	1.957756
1785	1.810249
1786	1.964182
1787	1.810107
1788	2.202908
1789	1.749314
1790	2.220921
1791	2.031012
1792	1.772963
1793	2.098619
1794	1.767596
1795	1.806683
1796	1.896816
1797	1.888336
1798	1.797106
1799	1.775049
1800	1.817638
1801	2.095167
1802	1.865545
1803	1.938301
1804	2.023360
1805	1.766639
1806	1.825674
1807	1.900683
1808	1.753538
1809	2.085668
1810	1.946586
1811	2.093605
1812	1.864563
1813	1.998852
1814	2.006715
1815	1.657865
1816	2.146835
1817	1.845807
1818	1.722147
1819	1.741519
1820	2.237881
1821	1.818789
1822	1.729331
1823	1.664843
1824	1.793880
1825	1.763487
1826	2.577927
1827	1.698706
1828	1.675505
1829	1.785077
1830	1.953997
1831	1.702063
1832	1.778367
1833	2.067536
1834	2.214973
1835	1.929404
1836	2.170828
1837	1.929689
1838	1.818380
1839	1.674815
1840	1.732659
1841	1.879735
1842	2.141634
1843	1.850350
1844	1.905389
1845	1.966545
1846	1.831064
1847	1.737904
1848	1.773019
1849	1.967002
1850	2.168433
1851	1.634808
1852	1.809335
1853	1.706488
1854	2.028473
1855	1.753566
1856	1.885366
1857	1.753965
1858	1.821951
1859	1.797719
1860	1.848595
1861	1.925905
1862	2.057766
1863	2.017153
1864	1.870988
1865	1.765306
1866	1.896602
1867	1.711989
1868	1.793125
1869	1.678124
1870	1.849487
1871	1.780142
1872	1.817937
1873	1.884543
1874	1.891269
1875	1.801999
1876	1.709536
1877	1.767516
1878	1.688340
1879	1.720549
1880	1.726588
1881	1.923593
1882	1.701119
1883	1.720989
1884	1.755734
1885	1.783422
1886	1.843286
1887	1.971652
1888	1.789356
1889	1.827183
1890	1.944890
1891	1.781320
1892	2.053118
1893	1.840516
1894	1.761932
1895	1.828909
1896	1.983811
1897	1.830246
1898	1.832101
1899	1.621416
1900	1.942881
1901	1.850786
1902	1.929921
1903	2.074465
1904	1.673142
1905	1.909999
1906	1.834637
1907	1.775893
1908	1.835947
1909	2.224634
1910	1.776147
1911	1.756503
1912	1.589371
1913	1.742729
1914	1.700294
1915	2.136634
1916	1.695198
1917	1.991331
1918	1.850215
1919	1.690975
1920	1.721801
1921	1.757641
1922	1.773698
1923	1.776541
1924	1.809695
1925	1.888835
1926	1.734735
1927	1.738130
1928	1.778933
1929	1.867646
1930	1.941367
1931	1.715868
1932	2.045336
1933	1.730058
1934	1.639205
1935	1.898235
1936	1.844696
1937	1.832513
1938	1.814965
1939	1.787205
1940	1.847917
1941	1.784099
1942	1.800390
1943	1.783787
1944	1.703703
1945	1.829235
1946	1.864216
1947	1.795494
1948	1.896470
1949	1.761903
1950	1.696732
1951	1.648302
1952	1.776908
1953	1.910735
1954	1.871147
1955	1.755250
1956	1.794965
1957	1.713505
1958	1.992937
1959	1.993414
1960	1.893568
1961	1.791647
1962	1.758864
1963	1.763091
1964	1.840979
1965	1.712366
1966	1.837417
1967	1.841035
1968	1.893278
1969	1.777215
1970	2.121650
1971	1.892853
1972	2.021136
1973	1.785385
1974	1.793404
1975	1.946924
1976	1.869465
1977	1.724211
1978	1.998849
1979	1.889894
1980	1.669522
1981	1.737414
1982	1.781094
1983	1.965019
1984	1.806074
1985	1.887141
1986	1.702994
1987	1.854858
1988	1.767089
1989	1.816947
1990	2.022895
1991	1.876433
1992	1.815351
1993	1.843422
1994	1.966241
1995	1.843502
1996	2.044064
1997	1.811105
1998	1.685526
1999	2.129600
2000	1.701056
0	2.911031
1	2.623740
2	2.702332
3	3.289592
4	3.354312
5	3.609435
6	2.976087
7	3.370548
8	3.283504
9	3.140017
10	3.525252
11	3.431545
12	3.208954
13	3.211853
14	3.552701
15	2.963512
16	3.212790
17	3.420001
18	3.483805
19	3.672274
20	2.672620
21	3.255703
22	3.396161
23	2.697052
24	3.022201
25	2.955959
26	3.457921
27	2.693492
28	2.507269
29	1.949308
30	2.584065
31	2.757714
32	2.562770
33	2.206378
34	2.908163
35	2.751636
36	2.309522
37	2.735853
38	2.696163
39	3.002149
40	2.654864
41	2.397353
42	2.728534
43	2.501782
44	2.465565
45	2.327767
46	2.991339
47	2.303695
48	2.877915
49	2.341027
50	2.512747
51	3.128354
52	2.350533
53	2.681940
54	2.443133
55	2.478667
56	2.803890
57	2.665840
58	2.898847
59	2.409918
60	2.661690
61	2.771751
62	2.724850
63	2.619389
64	3.021523
65	2.343120
66	2.780467
67	2.262253
68	2.368569
69	2.854609
70	3.153746
71	2.606913
72	3.357184
73	3.578394
74	2.959156
75	3.057646
76	2.910016
77	3.174666
78	3.083846
79	2.629448
80	3.058857
81	3.155077
82	2.772888
83	3.055437
84	2.915854
85	3.293070
86	3.064148
87	3.389452
88	2.575540
89	2.869077
90	2.799034
91	2.430906
92	3.188261
93	3.037070
94	3.193681
95	3.064949
96	2.993726
97	2.976611
98	2.882327
99	2.888633
100	3.147127
101	3.135108
102	2.554309
103	2.423261
104	3.109566
105	3.108393
106	3.400131
107	2.575752
108	3.020693
109	3.069870
110	2.713466
111	3.417045
112	3.115460
113	3.704414
114	3.624377
115	2.825084
116	3.296760
117	2.422911
118	2.886696
119	3.347985
120	3.503198
121	2.814676
122	3.131724
123	3.225694
124	3.210126
125	2.902879
126	3.628826
127	2.524383
128	3.008869
129	3.040164
130	2.770071
131	2.398686
132	2.409024
133	2.881910
134	3.237684
135	2.704218
136	2.878539
137	2.942893
138	2.869599
139	3.127953
140	3.249185
141	3.116438
142	3.089775
143	2.649434
144	2.892853
145	2.680318
146	3.186159
147	3.064245
148	2.683782
149	2.803891
150	3.214310
151	3.005679
152	2.782984
153	3.393450
154	2.628229
155	2.650020
156	3.240280
157	3.039752
158	2.789337
159	2.842060
160	3.032260
161	2.698759
162	2.645866
163	2.930885
164	2.641629
165	3.136147
166	3.121443
167	3.085919
168	2.731244
169	2.652846
170	2.787577
171	3.105623
172	2.546859
173	2.989417
174	3.016387
175	2.966698
176	2.555326
177	2.913639
178	2.779099
179	3.173231
180	2.892662
181	2.676077
182	3.763257
183	3.208768
184	2.225199
185	2.969731
186	3.308550
187	2.949490
188	2.778003
189	2.600941
190	3.447157
191	3.377128
192	3.275166
193	2.623489
194	3.314754
195	2.615358
196	2.674397
197	2.771514
198	2.895412
199	2.256235
200	2.580100
201	3.036627
202	3.245444
203	3.148429
204	2.867995
205	3.634997
206	2.789982
207	3.042300
208	2.755430
209	3.120081
210	2.611473
211	2.741330
212	3.273136
213	2.857008
214	2.681269
215	3.321053
216	2.970605
217	2.969864
218	2.926757
219	2.696833
220	3.052232
221	2.911116
222	3.530624
223	3.124435
224	2.793457
225	2.997429
226	3.122338
227	2.996062
228	2.800604
229	2.917344
230	2.813131
231	2.658289
232	2.672563
233	2.780807
234	2.983338
235	2.923064
236	2.566087
237	2.979615
238	2.976205
239	2.510615
240	3.113860
241	3.136016
242	3.066591
243	3.259727
244	3.014283
245	3.027208
246	2.896512
247	2.803287
248	3.182655
249	2.904721
250	2.450979
251	2.479396
252	2.807204
253	2.934250
254	3.044226
255	3.383623
256	2.679068
257	3.146888
258	2.672134
259	2.665279
260	2.618912
261	2.932082
262	2.715771
263	3.016835
264	2.483648
265	2.430846
266	2.793153
267	2.286963
268	2.842550
269	2.450836
270	2.811425
271	2.802768
272	3.164460
273	3.411335
274	2.775967
275	2.651565
276	3.062238
277	2.588473
278	2.908627
279	2.834871
280	3.143647
281	3.384083
282	2.795012
283	3.055437
284	2.752178
285	2.873083
286	2.962078
287	2.596192
288	2.528201
289	2.730676
290	2.741824
291	2.637328
292	2.592682
293	2.890330
294	2.765898
295	3.617996
296	2.999083
297	2.280442
298	2.582211
299	2.655351
300	3.067461
301	2.846753
302	2.325943
303	2.923388
304	3.004580
305	3.043058
306	3.052835
307	2.678319
308	2.657009
309	2.432323
310	3.017052
311	2.882948
312	3.150032
313	3.269159
314	2.588070
315	2.337221
316	2.478550
317	2.850509
318	2.809305
319	2.910310
320	2.497940
321	2.545663
322	1.964637
323	3.008222
324	2.856674
325	2.949002
326	2.415799
327	2.903136
328	2.833673
329	3.000716
330	2.582208
331	3.430756
332	2.607163
333	2.378067
334	2.143035
335	2.308244
336	2.493569
337	2.558633
338	3.265227
339	2.696701
340	2.354928
341	2.091604
342	2.532289
343	2.312685
344	2.706695
345	2.798143
346	2.407424
347	2.724739
348	2.535468
349	3.140317
350	2.843834
351	2.351871
352	2.884943
353	2.871970
354	2.751380
355	2.936665
356	3.034286
357	2.799590
358	2.685386
359	2.807187
360	2.642687
361	3.203387
362	3.007108
363	3.276874
364	2.944095
365	2.913246
366	3.003298
367	2.660262
368	2.647622
369	2.738485
370	2.485095
371	2.167072
372	2.126170
373	2.835348
374	2.327273
375	2.864716
376	2.490481
377	3.129824
378	2.768175
379	3.254444
380	2.723106
381	2.914052
382	2.951966
383	2.835455
384	2.615131
385	3.142135
386	3.366677
387	2.981726
388	3.008955
389	2.674807
390	2.781024
391	3.198031
392	2.722885
393	2.771751
394	2.191026
395	2.731172
396	2.507110
397	3.494366
398	2.729215
399	2.362902
400	2.773969
401	2.600711
402	2.391004
403	3.021025
404	2.683188
405	2.771174
406	2.781528
407	3.023393
408	2.749653
409	2.355546
410	2.931041
411	2.943772
412	2.880086
413	2.786055
414	2.792741
415	2.885775
416	2.556678
417	2.909106
418	3.020761
419	2.982765
420	2.828939
421	3.047050
422	2.667677
423	2.699535
424	2.509623
425	3.084850
426	2.758023
427	2.386086
428	2.979898
429	2.774888
430	2.686132
431	3.164176
432	2.767417
433	2.261083
434	2.869739
435	2.942194
436	2.563319
437	2.842163
438	2.793706
439	3.273253
440	2.728843
441	2.574528
442	2.870853
443	3.331218
444	2.504115
445	2.612297
446	2.700188
447	3.132233
448	2.691578
449	2.628043
450	2.736331
451	2.877847
452	2.895530
453	2.708673
454	2.946626
455	3.307279
456	2.707824
457	3.207757
458	2.814427
459	2.434213
460	2.992675
461	2.418097
462	2.585902
463	2.981443
464	3.274476
465	2.253995
466	2.463514
467	2.592625
468	2.269911
469	2.862342
470	2.339700
471	3.193463
472	2.384323
473	2.363347
474	2.341132
475	2.570135
476	2.975702
477	2.765302
478	2.659360
479	2.477055
480	2.283023
481	2.988663
482	2.799911
483	2.535133
484	2.684138
485	2.769441
486	3.039818
487	2.789785
488	2.657706
489	3.119712
490	2.635241
491	3.167158
492	2.812684
493	2.666440
494	2.422313
495	3.271299
496	2.649734
497	3.094673
498	2.676789
499	2.848104
500	2.808344
501	2.101189
502	2.868640
503	2.442131
504	3.011777
505	3.225476
506	2.810871
507	3.210685
508	2.858601
509	2.786647
510	2.317024
511	2.416154
512	2.749837
513	2.912456
514	2.552763
515	2.497438
516	2.945710
517	2.935099
518	2.834872
519	3.040741
520	2.955588
521	2.861240
522	2.523926
523	2.598403
524	2.962263
525	2.596651
526	2.925030
527	2.715456
528	2.373415
529	2.788063
530	2.133612
531	3.143183
532	2.629087
533	2.899035
534	2.432816
535	3.183992
536	2.380042
537	2.924963
538	2.515512
539	2.668839
540	2.526777
541	3.250985
542	2.921421
543	2.778003
544	2.266143
545	3.279879
546	2.851633
547	2.793295
548	2.903378
549	3.087070
550	2.437089
551	2.649566
552	2.757571
553	2.958191
554	2.979161
555	2.794708
556	3.324831
557	3.496440
558	3.136287
559	2.702389
560	2.986988
561	2.449903
562	2.594574
563	2.772254
564	2.797712
565	3.112346
566	2.999083
567	2.630609
568	2.920017
569	2.663175
570	2.976809
571	2.522161
572	2.352140
573	2.767687
574	2.315456
575	3.104580
576	2.787687
577	2.546488
578	3.048736
579	3.066676
580	3.047917
581	3.020330
582	2.312249
583	2.754887
584	2.890639
585	2.876544
586	2.731188
587	2.736274
588	2.901114
589	2.414228
590	2.784635
591	2.628575
592	2.445963
593	2.792794
594	2.733881
595	2.550706
596	2.342198
597	2.897220
598	2.613006
599	3.118878
600	3.331129
601	2.954486
602	3.385942
603	3.149636
604	2.667545
605	3.084202
606	2.800196
607	2.904753
608	3.156992
609	3.190736
610	2.919829
611	2.984541
612	2.418120
613	2.390544
614	2.871478
615	2.538189
616	2.718549
617	2.797336
618	2.560566
619	3.106783
620	3.149811
621	2.898500
622	2.636172
623	2.711695
624	2.589228
625	3.007540
626	2.616602
627	3.130832
628	2.611916
629	2.418366
630	2.641760
631	2.325641
632	2.873150
633	2.464630
634	3.050804
635	2.514774
636	2.851210
637	2.937072
638	2.183323
639	3.024499
640	3.238963
641	2.460101
642	3.291245
643	2.804052
644	3.071546
645	2.417890
646	2.763078
647	2.739544
648	3.379496
649	2.593086
650	2.767470
651	2.878854
652	2.100500
653	3.071582
654	3.059737
655	2.785498
656	2.719594
657	2.639904
658	2.597249
659	2.705753
660	2.893545
661	2.710737
662	2.933019
663	2.733257
664	3.052671
665	2.757537
666	2.666348
667	2.461746
668	2.850280
669	2.917549
670	2.767761
671	2.816042
672	2.583368
673	3.311089
674	2.345232
675	2.950999
676	2.298304
677	3.010413
678	2.493310
679	2.700388
680	3.266509
681	2.613541
682	2.526935
683	3.465514
684	2.854769
685	2.566886
686	3.513374
687	2.770954
688	2.738082
689	2.923458
690	2.867439
691	3.083472
692	2.565657
693	2.695976
694	3.216132
695	2.276837
696	3.011411
697	3.278186
698	2.639146
699	3.174303
700	2.626347
701	2.751018
702	2.648263
703	2.159862
704	2.409919
705	2.705642
706	3.000032
707	2.592854
708	2.878281
709	2.571789
710	2.875570
711	2.839190
712	2.588088
713	2.818936
714	3.241463
715	2.893226
716	2.711421
717	2.435344
718	3.046128
719	2.570456
720	2.844159
721	3.199973
722	2.622332
723	2.359046
724	2.600941
725	3.158450
726	2.485920
727	3.059984
728	2.599847
729	3.138232
730	2.864159
731	3.054456
732	3.036874
733	2.601596
734	2.730769
735	3.011278
736	3.097177
737	2.906323
738	2.667227
739	2.963099
740	2.876087
741	2.552961
742	2.406222
743	2.784440
744	2.826838
745	3.463758
746	3.329859
747	2.883365
748	2.610246
749	2.799961
750	3.012872
751	3.092475
752	3.597027
753	2.926637
754	3.151557
755	3.280334
756	2.746291
757	2.646848
758	2.761484
759	2.680187
760	2.801948
761	3.129947
762	2.124835
763	2.161736
764	2.623912
765	2.891958
766	2.610463
767	3.036222
768	3.097694
769	2.877120
770	2.944317
771	3.485324
772	2.859252
773	2.806247
774	2.804724
775	2.810871
776	2.783631
777	3.022005
778	2.869810
779	2.647813
780	3.045144
781	3.233664
782	3.008684
783	2.547590
784	2.577538
785	2.988616
786	2.782141
787	2.639114
788	2.661595
789	2.887454
790	3.175863
791	2.880710
792	3.479210
793	3.286348
794	2.823491
795	2.764115
796	3.211885
797	3.263160
798	2.297155
799	3.143980
800	3.049936
801	3.188386
802	2.865392
803	2.756120
804	2.798247
805	2.714200
806	2.754106
807	2.937089
808	3.043503
809	3.114495
810	2.741465
811	2.628195
812	2.756628
813	2.675988
814	2.695258
815	2.786857
816	2.739653
817	2.709609
818	2.834959
819	2.608714
820	3.034779
821	2.522124
822	3.177390
823	2.834520
824	2.852805
825	3.129682
826	2.885618
827	3.420194
828	3.099627
829	3.085810
830	3.292381
831	2.727916
832	2.659892
833	2.768789
834	2.799910
835	2.464041
836	2.618249
837	2.798016
838	2.964727
839	3.056418
840	2.961457
841	3.188066
842	3.166087
843	2.969340
844	3.225427
845	3.088172
846	3.013486
847	2.900945
848	2.191479
849	2.979028
850	2.995366
851	3.456777
852	2.985312
853	3.028068
854	2.885294
855	2.400398
856	2.352358
857	2.943144
858	2.807028
859	2.949326
860	2.833812
861	2.247616
862	2.996216
863	2.788512
864	2.595226
865	2.264288
866	2.731103
867	2.266853
868	3.424468
869	2.912475
870	2.662838
871	2.843274
872	2.653468
873	2.833211
874	2.707932
875	2.824998
876	2.698926
877	3.122866
878	3.113453
879	2.563380
880	2.801944
881	2.558982
882	2.902222
883	3.124403
884	2.603403
885	2.764815
886	2.719754
887	3.027359
888	2.863528
889	3.009021
890	2.598211
891	3.071742
892	2.495177
893	2.458678
894	3.218650
895	2.640170
896	2.667471
897	2.701870
898	3.169447
899	2.494651
900	2.822782
901	3.598155
902	3.208192
903	2.758512
904	2.813341
905	2.902740
906	2.955421
907	2.514698
908	2.288515
909	2.415573
910	3.014469
911	2.950843
912	2.672565
913	2.650166
914	3.287993
915	3.187018
916	2.918822
917	3.296560
918	2.840070
919	2.171036
920	2.766713
921	2.579167
922	2.395120
923	3.176634
924	3.092796
925	3.001251
926	2.921935
927	2.458575
928	2.371202
929	2.879772
930	2.559082
931	2.622785
932	2.809876
933	2.472269
934	2.675139
935	2.355844
936	2.259613
937	2.205189
938	2.170547
939	2.548606
940	2.501945
941	2.454914
942	2.452549
943	2.904411
944	2.594204
945	2.872960
946	3.045620
947	2.420683
948	2.363429
949	2.830444
950	2.492028
951	2.402541
952	2.608871
953	3.266378
954	3.041611
955	2.798902
956	2.893322
957	2.660751
958	2.741550
959	3.415277
960	3.229567
961	3.366942
962	3.287932
963	3.069431
964	2.422156
965	2.711033
966	2.559883
967	2.396623
968	2.489698
969	2.337799
970	2.502918
971	2.873483
972	3.370251
973	2.291921
974	2.502220
975	2.837410
976	2.206785
977	2.263559
978	2.461239
979	2.028620
980	2.900156
981	2.054313
982	2.532191
983	2.600556
984	2.722406
985	2.670377
986	2.534013
987	2.472190
988	2.159585
989	2.382038
990	2.551255
991	3.209518
992	3.103467
993	2.692249
994	2.811369
995	2.590946
996	2.923456
997	2.475965
998	2.391336
999	3.374757
1000	2.567453
1001	2.799317
1002	2.609250
1003	2.822658
1004	2.808290
1005	2.948661
1006	2.460527
1007	2.836282
1008	2.914408
1009	2.546882
1010	2.881128
1011	2.825952
1012	3.334757
1013	2.715676
1014	2.877742
1015	2.999382
1016	2.530848
1017	2.834182
1018	2.454972
1019	3.144216
1020	3.373747
1021	2.552041
1022	2.655918
1023	3.494570
1024	2.824694
1025	2.313893
1026	2.822268
1027	2.624881
1028	2.738065
1029	2.916107
1030	2.840881
1031	2.000276
1032	2.769928
1033	2.618874
1034	2.964200
1035	2.412699
1036	3.267014
1037	2.576086
1038	2.878144
1039	3.378019
1040	2.976403
1041	2.570875
1042	3.070422
1043	3.016386
1044	3.112844
1045	2.812274
1046	2.930636
1047	3.105691
1048	2.866043
1049	2.748550
1050	2.992343
1051	2.678004
1052	3.057991
1053	2.861012
1054	2.792916
1055	2.268830
1056	3.293191
1057	3.299332
1058	2.455713
1059	2.982117
1060	2.334135
1061	3.386003
1062	2.395039
1063	2.436577
1064	3.140069
1065	2.849004
1066	2.913439
1067	2.843395
1068	2.605857
1069	2.836872
1070	2.967655
1071	2.853789
1072	2.523289
1073	2.858144
1074	2.694067
1075	2.975131
1076	2.661772
1077	3.060327
1078	3.054719
1079	2.878695
1080	2.250115
1081	2.582747
1082	2.452370
1083	2.821593
1084	2.970289
1085	3.125446
1086	3.210317
1087	2.632414
1088	2.743285
1089	2.556772
1090	2.720662
1091	3.052314
1092	2.902088
1093	2.480269
1094	2.700259
1095	2.890696
1096	2.692751
1097	2.719022
1098	3.494369
1099	2.814450
1100	3.085096
1101	2.749200
1102	2.283464
1103	2.908501
1104	2.571436
1105	2.633436
1106	3.230978
1107	2.877238
1108	2.754629
1109	3.094609
1110	2.852525
1111	3.289426
1112	2.726259
1113	2.845103
1114	2.645204
1115	2.774415
1116	2.901879
1117	2.456242
1118	2.142294
1119	2.343456
1120	2.766551
1121	2.858988
1122	2.935541
1123	3.084232
1124	2.798498
1125	2.816203
1126	2.767385
1127	2.221888
1128	2.835839
1129	3.283110
1130	3.404760
1131	2.867143
1132	3.029869
1133	2.816911
1134	3.358779
1135	3.027637
1136	2.837852
1137	2.368416
1138	2.834941
1139	3.255687
1140	3.026829
1141	2.731117
1142	2.739051
1143	2.918424
1144	3.489945
1145	2.886956
1146	2.787563
1147	2.329338
1148	2.870329
1149	2.429426
1150	3.004693
1151	3.027822
1152	3.186361
1153	3.018393
1154	2.971783
1155	2.801584
1156	2.616982
1157	2.996701
1158	2.669553
1159	3.162482
1160	2.887864
1161	2.974994
1162	3.171704
1163	2.272467
1164	3.912607
1165	3.144304
1166	2.840086
1167	2.733842
1168	2.998355
1169	2.932770
1170	2.973673
1171	2.800963
1172	3.226821
1173	2.398853
1174	2.801913
1175	3.160267
1176	3.293898
1177	3.434602
1178	3.184746
1179	2.699224
1180	3.112906
1181	2.798585
1182	3.005696
1183	2.741204
1184	2.614634
1185	3.295055
1186	2.891108
1187	3.241235
1188	3.046430
1189	2.638731
1190	2.255035
1191	3.330256
1192	2.758366
1193	2.674867
1194	2.725605
1195	3.048555
1196	3.295814
1197	3.061027
1198	2.579809
1199	2.891747
1200	2.956705
1201	3.199455
1202	2.785118
1203	3.336977
1204	3.322817
1205	2.734138
1206	3.031212
1207	3.086521
1208	3.236245
1209	2.842969
1210	3.279421
1211	2.965756
1212	2.926262
1213	2.722381
1214	3.428347
1215	3.624433
1216	2.946847
1217	2.458721
1218	2.432897
1219	2.927456
1220	2.728443
1221	2.377057
1222	3.254319
1223	2.917344
1224	3.117641
1225	3.032903
1226	3.067915
1227	3.201092
1228	2.413151
1229	3.129808
1230	2.900862
1231	3.132885
1232	3.228885
1233	2.774405
1234	2.718419
1235	2.922431
1236	2.918659
1237	2.766872
1238	2.344873
1239	2.582266
1240	2.803962
1241	3.094204
1242	2.844029
1243	2.720018
1244	2.864157
1245	2.384239
1246	3.062564
1247	3.061910
1248	2.799517
1249	3.224036
1250	2.637916
1251	3.270199
1252	3.033381
1253	2.773391
1254	3.163748
1255	2.467753
1256	2.579380
1257	2.508825
1258	2.332210
1259	2.753470
1260	3.119119
1261	2.820035
1262	3.217484
1263	3.455445
1264	3.276232
1265	3.005029
1266	2.792346
1267	2.637594
1268	3.182548
1269	2.933768
1270	2.953321
1271	2.961434
1272	3.401029
1273	2.791075
1274	3.203701
1275	2.657330
1276	2.974728
1277	3.242777
1278	2.866513
1279	3.100547
1280	2.711477
1281	3.330616
1282	3.156993
1283	3.248630
1284	3.220325
1285	3.085674
1286	2.994811
1287	2.956181
1288	2.874735
1289	2.764888
1290	3.086892
1291	3.083602
1292	2.917783
1293	2.900050
1294	3.273939
1295	3.042796
1296	3.741243
1297	2.962998
1298	2.765651
1299	2.696776
1300	2.771769
1301	2.263406
1302	3.079820
1303	3.427096
1304	3.021075
1305	2.986017
1306	2.596767
1307	2.544995
1308	2.937653
1309	2.951289
1310	3.206914
1311	3.464190
1312	3.110595
1313	2.737584
1314	2.898982
1315	2.655162
1316	2.894303
1317	2.558202
1318	2.764526
1319	2.940243
1320	2.845941
1321	3.193990
1322	2.874710
1323	2.883852
1324	2.650528
1325	3.074443
1326	3.115558
1327	2.556576
1328	2.843343
1329	2.745779
1330	2.903033
1331	3.267996
1332	2.724500
1333	3.148576
1334	2.869860
1335	3.522911
1336	2.698166
1337	2.668846
1338	2.657624
1339	2.717294
1340	2.586572
1341	2.979833
1342	2.771029
1343	2.965148
1344	2.886572
1345	3.058541
1346	3.386433
1347	2.705074
1348	3.285451
1349	3.018477
1350	3.224596
1351	2.565813
1352	3.341917
1353	2.673723
1354	3.253934
1355	3.266414
1356	2.600690
1357	3.159385
1358	3.002237
1359	3.329401
1360	2.585696
1361	2.929596
1362	2.977264
1363	2.800519
1364	3.023278
1365	2.932735
1366	2.865862
1367	2.971817
1368	2.802628
1369	2.712265
1370	2.764705
1371	3.480062
1372	2.905203
1373	2.702670
1374	3.068615
1375	3.534171
1376	2.617785
1377	2.994761
1378	3.132108
1379	3.193415
1380	2.721213
1381	2.597191
1382	2.481491
1383	3.311208
1384	2.867246
1385	3.192273
1386	3.127716
1387	2.378445
1388	2.767834
1389	3.087037
1390	3.166292
1391	3.082807
1392	2.426150
1393	2.938708
1394	2.864768
1395	2.551097
1396	3.036660
1397	3.112347
1398	3.060539
1399	2.787562
1400	3.032457
1401	2.825173
1402	2.742864
1403	3.148207
1404	2.973701
1405	2.638845
1406	2.514817
1407	3.629380
1408	2.475924
1409	3.311479
1410	3.312190
1411	2.746361
1412	3.037251
1413	3.094964
1414	2.767003
1415	2.881718
1416	3.246060
1417	2.666102
1418	2.909815
1419	3.220636
1420	3.221613
1421	2.744179
1422	2.617367
1423	2.979531
1424	2.552294
1425	2.598634
1426	3.048458
1427	3.226392
1428	2.640853
1429	2.749745
1430	2.620955
1431	2.797678
1432	3.075792
1433	2.900275
1434	2.810912
1435	2.859984
1436	3.138693
1437	3.141161
1438	3.056059
1439	2.234302
1440	2.411763
1441	2.627907
1442	2.920975
1443	2.948220
1444	2.410062
1445	2.798768
1446	2.891418
1447	3.092603
1448	2.688309
1449	2.362647
1450	2.438237
1451	2.759529
1452	3.044683
1453	2.776095
1454	2.614077
1455	2.914533
1456	2.917037
1457	3.098676
1458	2.792991
1459	2.606032
1460	3.146300
1461	2.762553
1462	2.846489
1463	3.165976
1464	3.227104
1465	3.054931
1466	3.068779
1467	3.372876
1468	3.123925
1469	2.570915
1470	3.101144
1471	2.542086
1472	2.758732
1473	2.837692
1474	2.513644
1475	2.782121
1476	2.254440
1477	2.999599
1478	2.989984
1479	2.584434
1480	2.313310
1481	2.763584
1482	3.043846
1483	3.152712
1484	2.882793
1485	3.392580
1486	2.877932
1487	2.847402
1488	2.459146
1489	2.395684
1490	2.866949
1491	3.249985
1492	2.844749
1493	2.639905
1494	3.006408
1495	2.241651
1496	3.375603
1497	2.505134
1498	2.994060
1499	2.594493
1500	2.357415
1501	2.565071
1502	2.991873
1503	3.641581
1504	3.133576
1505	2.747854
1506	2.628309
1507	2.914876
1508	3.203716
1509	3.068175
1510	2.553703
1511	2.756608
1512	2.904154
1513	2.911803
1514	2.959410
1515	2.666909
1516	3.058465
1517	3.708275
1518	3.003781
1519	2.417560
1520	2.839541
1521	3.351671
1522	3.456385
1523	3.284965
1524	3.087102
1525	2.718565
1526	3.115044
1527	3.083602
1528	2.585053
1529	3.183254
1530	2.366051
1531	3.031270
1532	2.832967
1533	3.389868
1534	3.393214
1535	2.846260
1536	3.099033
1537	2.856309
1538	3.225462
1539	2.742590
1540	3.170063
1541	2.903549
1542	3.146220
1543	2.900534
1544	2.943705
1545	3.411700
1546	2.880035
1547	3.126851
1548	2.497319
1549	2.594244
1550	3.317906
1551	2.892438
1552	3.049376
1553	3.423098
1554	2.860856
1555	2.887595
1556	2.839894
1557	2.677108
1558	3.083732
1559	2.943519
0	2.564645
1	3.127056
2	2.771479
3	2.753994
4	2.806152
5	2.395288
6	2.566085
7	2.716561
8	2.822017
9	2.510579
10	3.091683
11	2.544996
12	2.352638
13	2.615836
14	2.823117
15	2.442539
16	2.598210
17	2.767436
18	2.104403
19	2.787132
20	2.343968
21	2.823935
22	2.296564
23	2.403519
24	2.695237
25	2.715969
26	2.821790
27	2.242788
28	2.837339
29	2.914806
30	2.525116
31	2.831468
32	2.445938
33	3.161422
34	3.367982
35	2.514479
36	2.474047
37	2.580098
38	2.193306
39	2.438954
40	2.649280
41	2.755739
42	2.639091
43	2.375415
44	2.863600
45	2.641101
46	1.971346
47	2.839334
48	2.592912
49	2.675915
50	2.432285
51	2.405704
52	3.008468
53	3.037001
54	2.671780
55	2.484616
56	2.728571
57	2.831450
58	2.555506
59	2.344420
60	2.586235
61	2.681378
62	3.137848
63	2.891311
64	2.252306
65	2.490387
66	2.580348
67	2.195833
68	2.496799
69	2.579092
70	2.841756
71	2.503551
72	2.381389
73	2.763246
74	2.812280
75	2.612314
76	2.571266
77	2.432940
78	2.740289
79	2.552742
80	3.304753
81	2.775103
82	2.351807
83	2.584201
84	2.314930
85	3.032180
86	2.330860
87	2.457214
88	2.419796
89	3.130113
90	2.686112
91	2.688013
92	2.701869
93	2.761447
94	2.480580
95	2.418781
96	2.425982
97	3.127652
98	2.627277
99	2.858325
100	2.736972
101	2.187922
102	2.494437
103	2.742373
104	2.424072
105	2.845239
106	2.090669
107	2.696923
108	2.791311
109	3.239030
110	2.857884
111	2.919864
112	2.777372
113	2.510196
114	2.779556
115	2.507851
116	2.523706
117	2.976344
118	3.121885
119	2.984112
120	2.830226
121	2.872993
122	2.600093
123	2.767690
124	2.581200
125	3.156362
126	2.548818
127	2.757195
128	2.619067
129	2.738116
130	2.821168
131	3.068760
132	2.455458
133	2.607393
134	2.770756
135	2.636075
136	3.158133
137	3.104446
138	2.598504
139	2.527171
140	2.800238
141	2.387761
142	2.507869
143	2.690184
144	2.528912
145	3.193333
146	2.668204
147	2.737825
148	2.185611
149	2.202140
150	2.559747
151	2.619998
152	2.723103
153	1.910861
154	2.861481
155	2.630094
156	2.873152
157	2.518988
158	2.679869
159	2.424995
160	2.218427
161	2.531028
162	2.432322
163	2.761519
164	2.736750
165	2.498397
166	2.914262
167	2.928509
168	2.960848
169	2.833302
170	2.427444
171	2.563322
172	2.320365
173	2.930357
174	3.053553
175	2.667281
176	2.738649
177	2.661371
178	2.404354
179	2.664545
180	2.504177
181	2.503241
182	2.569003
183	2.636456
184	2.296870
185	3.140062
186	2.237365
187	3.128017
188	2.285303
189	2.796160
190	2.988262
191	2.787351
192	2.305752
193	3.159763
194	2.638389
195	2.821719
196	2.031770
197	2.705441
198	2.663627
199	2.161715
200	2.827754
201	2.552137
202	2.385854
203	3.063102
204	3.281430
205	2.822427
206	2.882861
207	2.986202
208	2.574045
209	3.070277
210	2.305561
211	3.106315
212	2.375438
213	2.844837
214	2.914618
215	2.800643
216	2.559024
217	2.813719
218	3.056369
219	2.864156
220	2.781133
221	2.645543
222	2.548059
223	2.788746
224	2.822482
225	3.119759
226	2.804459
227	2.342754
228	3.162688
229	2.608771
230	2.281969
231	2.702092
232	2.780717
233	2.403543
234	2.858427
235	2.299172
236	2.367718
237	2.697129
238	2.758422
239	2.411099
240	2.507467
241	2.879254
242	2.474046
243	2.665147
244	2.384619
245	2.735434
246	2.614079
247	2.641003
248	2.499042
249	2.552393
250	2.856761
251	2.720406
252	2.729946
253	2.958173
254	2.822232
255	2.678097
256	2.871672
257	2.881320
258	2.892713
259	2.842498
260	2.276860
261	2.478809
262	2.906853
263	2.263336
264	2.138880
265	2.853347
266	2.546488
267	2.488416
268	2.565657
269	2.600652
270	2.764256
271	2.491647
272	2.778649
273	2.209727
274	3.275894
275	2.404247
276	2.255970
277	2.981223
278	2.574920
279	3.123124
280	2.532566
281	2.708617
282	2.822377
283	2.995431
284	2.765355
285	2.817003
286	2.759295
287	2.564314
288	2.432572
289	2.719304
290	2.621947
291	3.024350
292	2.708376
293	2.629642
294	2.474084
295	3.298685
296	3.027755
297	2.990280
298	2.636631
299	2.672790
300	2.490884
301	2.761229
302	3.189182
303	2.745668
304	2.870015
305	2.959594
306	2.555018
307	2.978151
308	2.625008
309	2.539016
310	2.743921
311	2.800303
312	2.410208
313	2.707969
314	2.455728
315	2.526675
316	2.292837
317	2.780180
318	2.272489
319	2.743372
320	3.100001
321	2.731831
322	2.746707
323	2.626881
324	2.591023
325	2.870629
326	2.668352
327	2.183141
328	2.806169
329	2.583699
330	2.617290
331	3.065715
332	2.972136
333	2.792274
334	2.273193
335	2.786610
336	2.423181
337	2.877951
338	2.267465
339	2.652114
340	2.468400
341	2.369852
342	2.667978
343	3.144216
344	2.469453
345	2.959726
346	2.761339
347	2.501140
348	2.674359
349	3.019486
350	2.491469
351	2.891734
352	2.886343
353	2.331479
354	2.936152
355	3.005380
356	2.816411
357	3.010866
358	2.670485
359	2.805086
360	2.374763
361	2.507336
362	3.205138
363	2.812063
364	2.782122
365	2.553921
366	2.770721
367	2.587313
368	2.938843
369	2.656805
370	2.652456
371	2.663084
372	2.504033
373	2.639580
374	2.713284
375	2.389474
376	2.302174
377	2.937632
378	2.274488
379	2.374723
380	2.818763
381	2.860676
382	2.017568
383	3.033098
384	2.539544
385	2.576315
386	2.689181
387	2.562886
388	2.621624
389	2.464468
390	2.798807
391	2.877952
392	2.563123
393	2.395850
394	2.279037
395	3.001214
396	2.639582
397	2.741881
398	2.407218
399	2.441536
400	2.260222
401	2.613448
402	2.795177
403	3.023706
404	2.654167
405	2.474206
406	2.723125
407	2.565609
408	2.927765
409	2.932880
410	2.684882
411	2.679961
412	2.774475
413	2.874457
414	2.634176
415	2.710590
416	2.590346
417	3.128927
418	2.540809
419	2.512968
420	2.593395
421	2.476651
422	2.788567
423	2.719649
424	2.585848
425	3.176131
426	2.828533
427	2.426953
428	2.422193
429	2.220182
430	2.878699
431	3.071907
432	3.003232
433	2.408733
434	2.744978
435	2.497959
436	2.431564
437	2.037892
438	2.348233
439	2.610461
440	2.680635
441	3.327749
442	2.747671
443	2.949028
444	3.182326
445	2.882255
446	2.398855
447	2.687470
448	2.105634
449	2.384870
450	3.205797
451	2.698594
452	2.883211
453	2.987322
454	3.329535
455	2.910549
456	2.985849
457	3.472107
458	2.641912
459	3.130158
460	2.926545
461	3.211012
462	3.392098
463	2.887801
464	3.321729
465	3.152984
466	3.077238
467	3.120271
468	3.157610
469	3.332418
470	2.767057
471	3.074118
472	4.841333
473	3.383044
474	3.081494
475	3.084701
476	4.092934
477	2.760741
478	2.613446
479	3.020415
480	3.222064
481	2.943027
482	2.855101
483	2.893941
484	2.898154
485	2.877967
486	2.570487
487	2.405261
488	2.846510
489	2.696995
490	2.938743
491	3.211811
492	2.669776
493	3.037251
494	2.916725
495	2.962502
496	2.723732
497	3.155407
498	2.358814
499	2.874196
500	3.134356
501	2.629242
502	2.742574
503	3.385779
504	2.668517
505	2.532943
506	2.782896
507	2.702740
508	2.512094
509	2.318578
510	2.517299
511	2.512728
512	2.791506
513	2.458150
514	2.811228
515	2.290962
516	3.015393
517	2.736440
518	2.295670
519	2.108507
520	2.826392
521	2.488172
522	2.779748
523	2.556442
524	2.632508
525	2.458983
526	2.265592
527	3.770810
528	2.368016
529	2.340726
530	2.524877
531	2.648655
532	2.415368
533	2.759818
534	2.528420
535	2.585596
536	2.737482
537	2.427037
538	2.740237
539	2.598056
540	3.183157
541	2.776508
542	2.613760
543	2.581276
544	2.563554
545	2.732288
546	2.534775
547	3.197529
548	2.451897
549	2.620570
550	2.365375
551	2.703718
552	2.591256
553	2.376826
554	2.717721
555	2.675929
556	2.578140
557	3.276126
558	2.610500
559	3.184838
560	2.540296
561	2.588240
562	2.495938
563	2.514042
564	2.778293
565	2.766264
566	2.600000
567	2.596457
568	2.395284
569	2.313094
570	2.676359
571	2.665557
572	2.386001
573	2.676714
574	3.011988
575	2.753726
576	2.708098
577	2.712731
578	2.787292
579	2.770000
580	2.504794
581	2.508981
582	2.942127
583	2.729176
584	3.105400
585	2.692156
586	2.225984
587	2.779266
588	2.312467
589	2.637747
590	2.284971
591	2.721395
592	2.544210
593	2.445509
594	2.900847
595	2.221576
596	2.788226
597	2.286153
598	2.530832
599	2.551861
600	2.537616
601	2.844187
602	2.202297
603	2.394284
604	2.718142
605	2.270353
606	2.835949
607	2.195676
608	2.496977
609	2.640494
610	2.807950
611	2.561209
612	2.417558
613	2.216414
614	2.940560
615	2.828706
616	2.320713
617	2.450325
618	2.435568
619	2.212398
620	2.478991
621	2.444872
622	3.022895
623	2.907510
624	3.060508
625	3.204277
626	2.450082
627	2.535548
628	2.871742
629	2.803675
630	2.714279
631	2.266517
632	2.776238
633	2.817692
634	2.724223
635	2.721582
636	2.734614
637	2.740606
638	3.031287
639	2.553449
640	2.862304
641	2.851629
642	2.728698
643	2.906442
644	2.506796
645	2.744376
646	2.990217
647	2.953877
648	2.407693
649	2.537837
650	2.994493
651	3.138596
652	3.217873
653	2.954865
654	2.787846
655	3.033991
656	2.711572
657	3.502876
658	2.529922
659	2.329228
660	2.761364
661	2.229013
662	2.246444
663	2.396952
664	2.512070
665	2.749732
666	2.631725
667	2.491487
668	2.545959
669	2.454711
670	2.757480
671	2.389162
672	2.329163
673	2.876907
674	2.622553
675	2.486026
676	2.295123
677	2.810717
678	2.790289
679	2.406118
680	2.902845
681	2.698817
682	2.712657
683	2.789729
684	2.374490
685	2.974850
686	2.521467
687	2.538188
688	2.849805
689	2.922926
690	2.377752
691	2.302563
692	2.170280
693	2.829932
694	2.806455
695	2.493752
696	2.593797
697	2.916130
698	2.614976
699	2.879575
700	3.143278
701	2.975536
702	2.611628
703	2.661820
704	2.699388
705	2.253488
706	3.309987
707	2.911031
708	3.007473
709	2.481175
710	2.230294
711	2.658290
712	2.721856
713	3.077189
714	2.499321
715	2.928788
716	2.431850
717	2.620117
718	2.543721
719	2.833036
720	2.959864
721	2.788491
722	2.311581
723	2.726481
724	2.363936
725	3.271345
726	2.831501
727	2.963207
728	2.527470
729	2.572332
730	2.527646
731	2.880453
732	2.658157
733	2.623069
734	3.082353
735	2.823915
736	2.707045
737	2.391985
738	2.874315
739	2.884945
740	2.768987
741	2.643407
742	2.639300
743	2.902102
744	2.651544
745	3.071643
746	2.313027
747	3.125348
748	2.678130
749	2.532863
750	3.029886
751	2.822338
752	2.784852
753	2.886209
754	2.397164
755	2.873097
756	2.654919
757	2.984041
758	2.416008
759	2.510000
760	2.437727
761	2.732929
762	2.953421
763	2.962599
764	2.395826
765	2.762693
766	3.101322
767	2.545148
768	3.074846
769	2.653072
770	2.712363
771	2.792886
772	2.589281
773	2.523530
774	2.545150
775	2.488595
776	2.821667
777	2.846653
778	2.053751
779	2.672941
780	2.521429
781	2.836864
782	2.298998
783	2.340494
784	2.428456
785	2.974441
786	3.151646
787	2.901305
788	3.291636
789	2.171408
790	2.774800
791	3.224932
792	2.912009
793	2.971242
794	2.880103
795	2.466781
796	2.756333
797	2.927008
798	3.058125
799	2.800444
800	3.355187
801	2.786074
802	2.517322
803	2.787545
804	2.969813
805	3.078522
806	2.877237
807	3.222933
808	3.144917
809	2.956976
810	2.818264
811	3.112216
812	2.551585
813	2.614880
814	2.768404
815	2.584258
816	2.592413
817	2.866832
818	2.619490
819	2.546292
820	2.516248
821	2.634658
822	2.887490
823	2.358876
824	2.857362
825	2.120939
826	3.120611
827	2.467164
828	2.387346
829	2.137870
830	3.279970
831	2.451847
832	2.692400
833	2.611122
834	2.856029
835	2.401087
836	2.597726
837	2.961537
838	2.942176
839	2.590094
840	2.765735
841	2.640343
842	2.958295
843	2.589245
844	2.374231
845	2.811797
846	3.230198
847	3.125265
848	2.870159
849	2.528597
850	3.001120
851	3.113105
852	2.854297
853	2.957583
854	2.782174
855	2.966293
856	2.194858
857	2.453020
858	2.601018
859	2.270267
860	3.059445
861	2.600271
862	2.829949
863	2.075137
864	3.068892
865	2.699683
866	3.127235
867	3.042924
868	2.436922
869	2.614920
870	2.733222
871	3.239148
872	2.548588
873	2.557286
874	2.670504
875	2.777500
876	2.716945
877	3.152981
878	3.078020
879	2.984977
880	2.928651
881	2.582654
882	2.494818
883	2.547273
884	3.197576
885	2.508563
886	2.810941
887	2.701331
888	2.008880
889	2.551407
890	2.517615
891	2.501553
892	2.621012
893	2.665089
894	2.887507
895	2.471680
896	2.054142
897	2.494692
898	2.802803
899	3.092328
900	2.544425
901	2.708968
902	3.251909
903	2.570020
904	2.609918
905	2.896397
906	3.396503
907	2.755993
908	2.588802
909	2.742429
910	3.124239
911	2.603560
912	3.075417
913	2.902965
914	2.652432
915	2.709431
916	2.624041
917	2.306947
918	2.797386
919	2.415388
920	2.508805
921	2.483285
922	2.857147
923	2.483929
924	2.626098
925	3.189048
926	3.172159
927	2.889190
928	2.171340
929	3.053019
930	2.844942
931	2.742173
932	2.582651
933	3.024502
934	2.519724
935	2.892821
936	2.951933
937	2.114590
938	2.845804
939	2.607648
940	2.818329
941	2.848250
942	2.901882
943	2.151415
944	2.928515
945	2.960574
946	3.050426
947	3.206760
948	2.704997
949	3.238736
950	2.370062
951	2.692030
952	2.518250
953	2.767672
954	1.987108
955	3.213190
956	2.729633
957	2.445626
958	3.004346
959	2.760810
960	3.158498
961	2.969512
962	2.816540
963	3.346448
964	2.641551
965	2.515256
966	2.651395
967	2.669423
968	2.951028
969	2.398878
970	2.442724
971	2.488010
972	3.196200
973	2.656371
974	3.148426
975	2.921473
976	2.933410
977	2.743244
978	2.946338
979	2.378420
980	2.642374
981	2.694325
982	3.142167
983	2.729872
984	2.490885
985	2.962566
986	2.975529
987	2.552979
988	2.460812
989	2.692139
990	2.441573
991	2.639488
992	2.572488
993	2.413233
994	2.953115
995	2.910532
996	2.641746
997	2.968309
998	2.695127
999	2.956431
1000	2.610861
1001	3.033315
1002	2.454607
1003	3.121875
1004	2.822375
1005	2.271674
1006	2.396288
1007	2.696256
1008	2.327703
1009	2.655312
1010	2.619178
1011	2.691021
1012	2.877168
1013	2.078678
1014	2.536849
1015	3.408153
1016	3.012825
1017	2.461501
1018	2.916404
1019	2.897499
1020	2.856343
1021	2.327129
1022	2.520596
1023	2.746445
1024	2.597074
1025	2.415741
1026	2.457009
1027	2.857026
1028	2.766894
1029	2.954354
1030	2.918168
1031	3.021207
1032	2.816630
1033	2.425551
1034	2.672826
1035	2.518927
1036	2.545898
1037	2.861644
1038	2.979765
1039	2.720511
1040	2.683579
1041	2.620096
1042	2.767852
1043	2.698241
1044	3.103433
1045	2.563240
1046	2.555953
1047	2.489460
1048	2.796802
1049	2.521786
1050	2.828840
1051	2.411079
1052	2.436596
1053	2.316658
1054	2.784977
1055	2.500038
1056	2.361947
1057	2.482759
1058	2.307402
1059	2.954776
1060	2.481954
1061	2.788565
1062	2.949865
1063	2.242187
1064	2.469838
1065	2.555248
1066	2.704607
1067	2.729834
1068	2.562536
1069	2.881493
1070	2.834325
1071	2.982971
1072	2.760471
1073	3.180707
1074	2.739105
1075	2.361039
1076	2.805797
1077	2.543582
1078	2.806350
1079	2.269758
1080	2.692378
1081	2.670486
1082	3.140368
1083	2.557441
1084	2.617145
1085	2.404661
1086	2.548510
1087	2.554778
1088	2.568287
1089	3.339971
1090	3.067133
1091	2.686056
1092	2.609463
1093	2.971092
1094	2.735104
1095	2.584982
1096	2.583453
1097	2.387198
1098	2.904907
1099	2.418038
1100	2.526364
1101	2.825918
1102	2.942295
1103	2.715033
1104	2.370189
1105	2.178546
1106	2.026176
1107	2.451323
1108	2.926379
1109	2.363153
1110	3.059819
1111	3.461707
1112	2.469859
1113	2.414186
1114	2.625679
1115	2.634655
1116	2.769929
1117	2.884181
1118	2.592417
1119	2.822477
1120	2.642125
1121	2.476390
1122	2.698964
1123	2.393075
1124	2.444897
1125	3.122768
1126	2.579866
1127	2.644257
1128	2.892691
1129	3.021475
1130	2.638732
1131	2.539861
1132	2.161967
1133	3.115761
1134	2.339635
1135	2.641964
1136	2.509123
1137	2.691279
1138	2.460752
1139	1.905939
1140	2.386650
1141	2.703238
1142	2.853947
1143	2.576898
1144	2.637782
1145	2.236807
1146	2.349829
1147	2.427366
1148	2.712546
1149	2.435034
1150	2.278467
1151	2.256944
1152	2.445671
1153	2.499698
1154	2.781277
1155	2.577324
1156	3.001482
1157	3.065125
1158	2.587296
1159	2.651902
1160	2.772742
1161	2.625663
1162	3.040821
1163	2.475019
1164	3.024464
1165	2.837266
1166	2.191113
1167	2.443729
1168	2.456399
1169	2.703440
1170	2.633286
1171	2.479698
1172	2.640262
1173	2.737077
1174	2.633949
1175	2.499481
1176	2.224477
1177	2.615338
1178	2.843763
1179	2.527805
1180	2.910967
1181	3.076637
1182	2.625514
1183	2.421732
1184	2.967255
1185	2.086838
1186	2.927764
1187	3.154317
1188	2.613254
1189	2.885706
1190	2.576628
1191	3.023274
1192	2.715846
1193	2.902154
1194	2.505412
1195	2.967659
1196	2.066522
1197	2.622358
1198	2.851125
1199	2.665080
1200	2.876541
1201	3.096464
1202	2.716082
1203	2.729596
1204	2.337416
1205	2.562522
1206	2.797534
1207	3.077991
1208	2.582615
1209	2.714546
1210	2.841050
1211	2.635793
1212	2.620398
1213	2.307513
1214	2.823773
1215	2.722610
1216	2.412877
1217	2.672564
1218	2.330626
1219	2.723389
1220	2.882716
1221	2.742132
1222	2.404134
1223	3.010960
1224	2.934986
1225	2.759347
1226	2.938975
1227	2.791976
1228	2.684690
1229	2.634180
1230	2.604578
1231	3.030825
1232	2.792382
1233	3.370119
1234	2.892369
1235	2.877170
1236	2.543091
1237	3.123283
1238	2.907455
1239	3.105946
1240	2.918802
1241	2.524283
1242	2.951694
1243	2.774635
1244	2.849720
1245	2.834836
1246	3.311600
1247	2.710885
1248	2.938657
1249	3.002833
1250	2.802909
1251	2.971969
1252	2.749000
1253	3.120817
1254	3.106588
1255	2.593028
1256	2.596305
1257	2.758079
1258	2.840297
1259	2.819398
1260	2.781475
1261	2.477902
1262	2.290722
1263	2.656860
1264	2.630513
1265	2.659171
1266	3.067864
1267	2.531364
1268	2.277941
1269	2.507669
1270	2.513046
1271	2.066131
1272	2.906957
1273	2.472933
1274	3.012456
1275	2.693419
1276	2.774851
1277	2.727985
1278	2.504678
1279	2.856239
1280	2.781764
1281	2.657176
1282	2.985515
1283	2.584355
1284	2.499782
1285	2.808577
1286	2.710479
1287	2.760907
1288	2.956620
1289	2.115465
1290	2.369598
1291	2.499479
1292	2.629639
1293	2.917124
1294	3.002614
1295	2.483187
1296	2.367635
1297	2.744066
1298	2.979833
1299	2.519087
1300	3.186111
1301	2.627356
1302	2.502808
1303	2.791794
1304	2.816263
1305	2.711334
1306	2.681957
1307	2.664207
1308	3.138312
1309	3.019221
1310	2.302281
1311	2.619573
1312	3.072151
1313	2.887230
1314	2.329676
1315	2.859529
1316	2.387441
1317	2.671374
1318	2.659886
1319	2.763566
1320	2.994074
1321	2.677069
1322	2.499061
1323	2.367386
1324	3.186583
1325	2.536950
1326	2.960577
1327	2.359162
1328	2.517198
1329	3.372149
1330	2.661338
1331	2.365520
1332	2.357156
1333	2.822680
1334	2.725749
1335	2.264751
1336	2.397039
1337	2.775803
1338	2.515612
1339	2.947341
1340	2.668217
1341	2.878208
1342	2.370276
1343	2.288509
1344	2.501138
1345	2.724904
1346	2.332148
1347	2.600426
1348	2.689478
1349	2.643806
1350	2.395679
1351	2.423671
1352	2.605552
1353	2.889814
1354	2.719372
1355	2.559314
1356	3.049348
1357	2.684793
1358	2.737825
1359	3.096542
1360	2.655952
1361	3.106993
1362	2.809481
1363	2.663152
1364	2.827879
1365	2.772399
1366	2.326824
1367	2.764305
1368	2.737936
1369	2.923249
1370	2.628213
1371	2.406430
1372	3.015463
1373	2.330494
1374	2.749801
1375	2.998767
1376	2.810373
1377	3.013452
1378	2.725602
1379	2.796100
1380	2.598881
1381	2.543541
1382	2.694535
1383	2.677479
1384	3.094140
1385	3.183909
1386	2.816062
1387	2.595770
1388	2.527571
1389	2.876895
1390	2.558783
1391	2.495718
1392	2.678563
1393	3.032182
1394	3.076462
1395	2.480199
1396	2.664598
1397	3.336059
1398	2.689918
1399	3.181163
1400	3.108524
1401	2.444507
1402	2.606930
1403	3.304132
1404	3.104418
1405	2.704516
1406	2.977145
1407	2.934687
1408	3.065031
1409	3.015055
1410	2.692882
1411	2.744669
1412	2.421344
1413	2.875342
1414	3.005928
1415	3.004632
1416	2.761035
1417	2.642897
1418	3.100207
1419	2.793205
1420	2.687614
1421	2.930404
1422	3.182528
1423	3.167097
1424	2.841372
1425	2.981037
1426	2.805155
1427	2.861016
1428	3.070994
1429	2.851598
1430	2.659283
1431	2.731853
1432	2.467894
1433	3.077193
1434	3.444504
1435	2.708084
1436	2.995528
1437	3.072300
1438	2.687245
1439	3.504482
1440	2.831151
1441	3.097837
1442	2.519102
1443	2.601306
1444	2.605795
1445	2.599812
1446	2.564586
1447	3.233156
1448	2.802624
1449	2.511688
1450	2.353084
1451	2.691927
1452	2.826677
1453	2.718543
1454	2.415244
1455	2.687042
1456	2.741169
1457	2.953744
1458	2.349999
1459	2.866092
1460	2.638329
1461	2.718915
1462	2.559860
1463	2.586945
1464	2.833247
1465	2.910551
1466	2.654071
1467	2.274839
1468	2.901188
1469	2.743681
1470	2.504832
1471	2.901815
1472	2.745234
1473	2.571264
1474	2.677326
1475	2.656818
1476	4.956533
1477	2.677554
1478	3.146188
1479	2.495712
1480	2.685890
1481	2.568828
1482	2.355335
1483	2.236272
1484	2.334260
1485	2.981450
1486	2.564593
1487	2.800542
1488	2.534813
1489	2.458413
1490	2.772689
1491	2.648330
1492	2.668688
1493	2.375900
1494	2.831709
1495	2.520791
1496	2.971326
1497	2.668571
1498	2.952461
1499	2.735597
1500	2.408607
1501	2.734776
1502	2.881758
1503	2.543916
1504	2.974586
1505	2.490381
1506	2.808316
1507	2.849450
1508	2.557353
1509	2.746612
1510	2.231867
1511	2.521652
1512	2.872517
1513	2.731472
1514	2.408341
1515	2.670599
1516	2.841864
1517	2.846504
1518	2.795516
1519	3.059248
1520	2.725254
1521	2.558696
1522	3.070604
1523	2.675369
1524	2.344419
1525	2.566340
1526	3.007892
1527	2.801627
1528	2.613541
1529	2.339427
1530	3.042843
1531	3.030525
1532	2.952870
1533	2.563027
1534	2.662650
1535	2.909174
1536	2.706771
1537	2.523710
1538	2.203294
1539	2.543069
1540	2.510876
1541	2.414065
1542	2.607871
1543	2.575638
1544	2.378737
1545	2.387029
1546	3.047720
1547	2.838114
1548	2.334997
1549	2.952559
1550	2.467831
1551	3.001415
1552	2.998633
1553	2.673743
1554	3.165784
1555	2.636534
1556	2.220835
1557	2.872629
1558	2.313848
1559	2.804459
1560	2.496681
1561	2.097548
1562	2.920310
1563	2.524143
1564	2.486080
1565	2.343714
1566	2.781384
1567	2.708467
1568	2.876491
1569	3.204886
1570	2.670094
