0	2.229102
1	3.924871
2	5.638420
3	4.301733
4	4.860504
5	6.888277
6	6.817946
7	5.216838
8	4.210854
9	4.600110
10	6.562819
11	5.626838
12	6.871913
13	2.036393
14	1.983483
15	2.410396
16	1.803632
17	1.826060
18	5.204247
19	2.009826
20	2.469433
21	2.085400
22	1.858040
23	3.034090
24	1.814111
25	2.968938
26	2.050023
27	3.703632
28	4.954805
29	2.871690
30	2.754397
31	3.765435
32	2.091746
33	3.069383
34	1.797719
35	3.470462
36	1.956247
37	2.753777
38	1.997449
39	4.131899
40	2.286067
41	3.179262
42	2.044137
43	5.003489
44	1.886955
45	4.460504
46	1.880666
47	3.236339
48	1.857443
49	2.230221
50	1.839348
51	2.045725
52	2.776344
53	1.891665
54	2.771536
55	2.174254
56	4.410407
57	2.237636
58	4.941437
59	3.547224
60	1.813671
61	2.963695
62	4.539903
63	4.504018
64	3.446869
65	1.881117
66	1.852731
67	2.838041
68	2.227354
69	2.760144
70	5.304948
71	2.118253
72	2.002821
73	1.821926
74	1.892325
75	2.363472
76	3.994535
77	1.941466
78	1.998152
79	2.071082
80	2.025290
81	5.193670
82	4.026464
83	4.093864
84	4.197273
85	3.079141
86	3.632606
87	2.401936
88	2.039756
89	3.655941
90	3.552644
91	1.919533
92	2.117762
93	1.869143
94	3.407254
95	4.544684
96	3.034420
97	4.120787
98	2.209864
99	1.753112
100	2.104328
101	2.369683
102	4.157161
103	3.725886
104	2.185131
105	1.896258
106	2.112842
107	2.069058
108	2.335252
109	2.011766
110	2.396414
111	1.957599
112	3.596154
113	3.448086
114	2.064243
115	2.014450
116	1.719854
117	1.840462
118	2.053533
119	2.003872
120	3.099241
121	2.135534
122	2.156015
123	2.095805
124	2.108460
125	2.273741
126	3.750347
127	2.204677
128	2.144436
129	3.838351
130	3.508759
131	3.298650
132	5.119717
133	4.628540
134	3.888366
135	4.286885
136	4.261428
137	4.830799
138	2.235734
139	1.886958
140	3.295587
141	1.827268
142	2.174329
143	3.866392
144	4.330674
145	4.852247
146	2.697943
147	1.889893
148	3.268197
149	4.190479
150	4.695133
151	2.252420
152	5.027683
153	3.879524
154	2.063158
155	3.885746
156	5.047039
157	3.843709
158	4.953764
159	4.216469
160	4.066400
161	3.480117
162	3.825039
163	6.861928
164	3.628749
165	2.073283
166	3.590904
167	2.143383
168	3.728821
169	4.123177
170	2.133237
171	2.118251
172	3.398323
173	1.895762
174	2.870296
175	3.771234
176	2.367301
177	2.261817
178	2.229325
179	4.582688
180	1.873260
181	3.883647
182	2.593395
183	3.626280
184	3.696310
185	3.604358
186	1.953102
187	3.508703
188	2.594936
189	3.664369
190	2.887869
191	4.703135
192	1.807706
193	2.045607
194	1.889153
195	2.538541
196	2.534640
197	2.217971
198	3.876218
199	3.158444
200	1.884517
201	3.121047
202	3.463261
203	2.159490
204	1.797472
205	3.491565
206	1.888545
207	4.432649
208	2.955419
209	3.215372
210	1.922732
211	3.886192
212	4.422584
213	3.692709
214	1.962675
215	3.305438
216	1.734183
217	1.838070
218	1.890535
219	2.209482
220	1.918883
221	2.240778
222	2.419629
223	4.649397
224	2.670005
225	1.849758
226	1.960355
227	1.779301
228	2.639585
229	5.049416
230	2.617499
231	4.883665
232	2.130496
233	2.262083
234	2.959648
235	3.787733
236	3.595264
237	3.227709
238	2.001024
239	2.343268
240	2.839822
241	3.883815
242	2.256768
243	5.265707
244	1.890606
245	4.136838
246	2.873834
247	4.440225
248	4.228927
249	3.306796
250	1.977095
251	2.222474
252	3.480801
253	1.824640
254	3.131789
255	4.087257
256	5.348337
257	4.382164
258	3.865098
259	3.549042
260	3.479354
261	3.948836
262	3.479092
263	5.450490
264	1.828828
265	3.144916
266	3.578664
267	3.523766
268	1.958724
269	4.237284
270	4.710308
271	5.534131
272	1.789383
273	2.420949
274	3.485926
275	1.645904
276	1.906017
277	2.241827
278	2.059928
279	3.527239
280	2.126337
281	2.229691
282	3.138930
283	2.659171
284	2.391422
285	4.287726
286	2.980968
287	2.070486
288	2.002202
289	3.346999
290	2.068644
291	4.846212
292	3.949822
293	3.627473
294	1.628677
295	3.995634
296	1.982347
297	1.946246
298	3.058103
299	3.375792
300	3.912059
301	3.497996
302	3.481162
303	5.085378
304	3.199277
305	3.334712
306	3.485598
307	3.043337
308	3.524999
309	1.813672
310	4.367482
311	2.240070
312	3.588844
313	3.605121
314	3.765288
315	3.722205
316	4.030412
317	4.260056
318	3.895985
319	1.937653
320	2.151836
321	2.175267
322	3.606049
323	1.716659
324	3.849180
325	2.780664
326	4.365438
327	4.742680
328	2.231459
329	2.137006
330	2.296649
331	4.413559
332	5.153198
333	5.432550
334	4.147316
335	3.394200
336	5.434172
337	1.822661
338	2.004594
339	3.257549
340	4.981699
341	4.615735
342	1.835888
343	5.044207
344	1.909475
345	3.999728
346	1.882182
347	2.080889
348	4.823969
349	4.440913
350	1.957623
351	4.017896
352	4.141026
353	2.048706
354	5.157130
355	4.464414
356	2.069689
357	4.836565
358	3.288574
359	2.318920
360	2.017596
361	2.247555
362	1.867565
363	2.692322
364	2.791470
365	3.035029
366	2.131476
367	1.888783
368	3.068696
369	3.017619
370	4.261590
371	4.714287
372	1.844204
373	5.154901
374	4.563870
375	1.772284
376	2.064120
377	1.978237
378	2.387319
379	2.627417
380	2.135674
381	3.519951
382	3.075503
383	1.695223
384	1.854423
385	4.650518
386	2.079710
387	1.887382
388	1.938947
389	2.324196
390	1.858524
391	4.039917
392	2.345630
393	3.453029
394	2.122352
395	4.104287
396	3.237995
397	1.984993
398	2.202791
399	2.125772
400	1.841681
401	1.787120
402	4.601802
403	1.988114
404	1.844069
405	2.011418
406	3.281097
407	2.148583
408	3.415423
409	2.122968
410	2.826672
411	4.171944
412	4.060714
413	2.749197
414	1.792258
415	2.040314
416	2.888976
417	2.174992
418	3.720580
419	3.886942
420	3.933728
421	3.289699
422	1.771019
423	1.791486
424	3.764122
425	1.807234
426	5.590870
427	4.373993
428	3.784884
429	3.988806
430	3.771194
431	2.117787
432	3.984268
433	3.388290
434	2.059155
435	3.576929
436	2.954535
437	2.527791
438	5.004203
439	3.184808
440	2.337349
441	1.930617
442	1.998246
443	2.290018
444	5.276784
445	2.664407
446	2.073783
447	2.144158
448	1.923551
449	1.911908
450	3.142276
451	2.159653
452	1.855398
453	1.909001
454	2.255793
455	3.280195
456	3.282618
457	2.832193
458	4.202405
459	2.829862
460	2.544558
461	2.111046
462	2.990199
463	2.183616
464	4.557794
465	4.567343
466	4.121288
467	2.846574
468	3.198186
469	3.281905
470	1.982372
471	3.236834
472	2.366733
473	3.675467
474	3.765425
475	3.273941
476	1.874300
477	1.972057
478	2.414248
479	3.469019
480	1.844993
481	1.904048
482	2.354444
483	3.679634
484	1.753341
485	1.867350
486	2.001349
487	2.439852
488	2.246241
489	5.127115
490	4.632936
491	1.841847
492	1.918461
493	4.460640
494	4.159736
495	1.977425
496	1.903053
497	4.052208
498	1.936932
499	4.068590
500	2.076658
501	2.008930
502	2.599404
503	1.780140
504	2.080527
505	2.008385
506	1.858413
507	2.380356
508	4.536937
509	4.283270
510	4.272377
511	2.036198
512	1.928393
513	2.123275
514	1.944967
515	3.886309
516	3.366378
517	2.157545
518	1.944685
519	4.405905
520	3.734207
521	3.592520
522	4.603966
523	5.047663
524	3.573164
525	2.590558
526	4.932200
527	4.088582
528	1.734417
529	1.877258
530	2.708819
531	2.963950
532	5.524898
533	2.296388
534	1.785217
535	4.883493
536	2.007262
537	3.082807
538	2.099643
539	3.188327
540	3.932326
541	3.431211
542	2.799794
543	4.407604
544	4.187113
545	1.734185
546	2.125371
547	4.059987
548	2.259580
549	5.081569
550	3.326515
551	1.932847
552	2.161037
553	3.963600
554	1.950513
555	3.343786
556	3.037071
557	4.011396
558	3.970923
559	3.680210
560	3.186418
561	1.948743
562	3.601052
563	1.948152
564	4.665287
565	3.772585
566	2.156038
567	4.480620
568	2.074271
569	2.112629
570	3.145664
571	2.302563
572	2.104780
573	2.067220
574	1.926292
575	2.142568
576	3.219270
577	3.700338
578	2.171152
579	4.381324
580	4.917012
581	2.200386
582	2.340491
583	1.707688
584	1.917447
585	2.735654
586	1.799835
587	1.871604
588	1.763406
589	2.119812
590	3.040625
591	4.355020
592	3.124882
593	3.025311
594	1.862901
595	2.114214
596	1.961479
597	5.306695
598	1.692661
599	3.731541
600	4.301755
601	2.778147
602	1.963517
603	4.266392
604	2.557128
605	4.454492
606	3.561882
607	2.030444
608	3.587897
609	4.778462
610	5.114928
611	2.077017
612	1.964231
613	2.331372
614	2.029433
615	2.013107
616	2.137803
617	2.421652
618	2.414746
619	3.948798
620	4.808013
621	2.041788
622	2.136961
623	3.945238
624	3.615978
625	3.592186
626	1.912642
627	2.238615
628	2.264796
629	1.687039
630	2.174627
631	1.781039
632	1.895046
633	1.919114
634	1.907066
635	2.058398
636	4.048815
637	3.072067
638	4.828685
639	1.902367
640	1.874620
641	2.029310
642	1.904547
643	1.996447
644	4.002476
645	1.997274
646	1.757840
647	1.866360
648	1.922733
649	4.360837
650	5.345199
651	1.929352
652	1.958826
653	4.106349
654	1.798889
655	1.853294
656	2.842586
657	4.089792
658	2.864491
659	1.912172
660	1.938271
661	2.026106
662	4.717882
663	4.312529
664	5.206534
665	4.917722
666	2.037892
667	5.277442
668	4.225174
669	3.320541
670	4.785828
671	4.273498
672	4.584430
673	1.994468
674	4.189618
675	4.519669
676	1.828934
677	3.951874
678	3.442471
679	1.743417
680	2.228476
681	2.050488
682	2.016482
683	2.051951
684	1.999050
685	1.997323
686	1.868501
687	2.074487
688	1.776767
689	2.099071
690	2.113646
691	1.875794
692	5.441038
693	1.986631
694	1.762100
695	2.004974
696	3.048705
697	2.256791
698	1.926941
699	1.838586
700	1.855424
701	2.316549
702	4.533409
703	2.895877
704	4.469462
705	3.378891
706	4.356754
707	2.071232
708	1.904758
709	1.951666
710	3.738836
711	1.931916
712	2.036664
713	2.910841
714	3.809598
715	2.042620
716	1.992210
717	1.817966
718	3.530553
719	1.923252
720	1.828005
721	2.436248
722	2.416485
723	3.995810
724	3.328994
725	1.974083
726	1.914001
727	1.919610
728	2.186161
729	2.225084
730	2.159445
731	1.870402
732	2.084083
733	4.053977
734	3.813070
735	3.694860
736	3.278582
737	3.271102
738	4.627722
739	4.057291
740	2.202136
741	3.369808
742	1.756730
743	2.874439
744	1.990653
745	1.981641
746	4.043270
747	3.346087
748	3.434894
749	3.478059
750	1.749286
751	3.371483
752	3.758431
753	3.141688
754	1.799250
755	3.357217
756	1.840244
757	1.965859
758	1.822772
759	2.403934
760	4.208811
761	1.973298
762	1.920651
763	2.106561
764	2.121155
765	2.017350
766	2.150187
767	1.792931
768	2.006390
769	3.370193
770	1.726819
771	1.887988
772	2.092774
773	1.949477
774	2.239665
775	1.906017
776	2.191916
777	4.115118
778	2.542323
779	1.986706
780	1.975981
781	2.767381
782	2.444545
783	3.942005
784	4.303358
785	4.980684
786	5.151494
787	4.385338
788	4.484072
789	1.818050
790	4.968230
791	3.937690
792	3.524784
793	3.171293
794	4.304788
795	3.226841
796	3.899923
797	4.344308
798	2.415389
799	5.068185
800	3.617153
801	3.391371
802	4.459204
803	2.369746
804	4.115823
805	4.439043
806	4.660140
807	3.050131
808	1.930932
809	3.255288
810	2.259093
811	1.755591
812	4.711432
813	4.980200
814	4.188878
815	4.911843
816	3.700446
817	3.189232
818	4.590479
819	3.881816
820	3.440058
821	2.170369
822	2.523926
823	2.388368
824	3.598903
825	4.132615
826	3.317846
827	3.154711
828	2.074464
829	1.837852
830	4.457499
831	4.301547
832	5.193238
833	3.176539
834	4.273605
835	2.221756
836	3.113198
837	4.487066
838	2.290284
839	4.492550
840	5.408826
841	4.354561
842	1.852863
843	1.841385
844	1.862955
845	1.825541
846	2.435282
847	3.343815
848	2.104780
849	2.037499
850	3.374759
851	1.813836
852	1.846727
853	2.096998
854	4.457735
855	1.901296
856	2.925560
857	3.417529
858	1.950000
859	4.262487
860	2.044896
861	1.860807
862	4.448404
863	2.448673
864	2.067680
865	3.657116
866	3.886103
867	3.909387
868	2.075909
869	2.061698
870	4.926917
871	1.649030
872	3.966775
873	4.650785
874	3.820131
875	1.754452
876	3.221474
877	1.726991
878	1.740518
879	2.971345
880	3.043633
881	1.824116
882	2.141121
883	2.147883
884	4.128668
885	3.557991
886	2.993008
887	5.114186
888	2.166703
889	3.182263
890	2.200295
891	4.113042
892	3.708693
893	4.258193
894	3.500086
895	1.825705
896	1.953586
897	2.072438
898	3.243038
899	2.092534
900	2.890398
901	1.887803
902	2.009229
903	2.634730
904	2.028818
905	3.982876
906	1.910890
907	2.337905
908	3.120015
909	2.981443
910	2.206830
911	2.118632
912	3.764917
913	1.942807
914	2.791665
915	3.674316
916	2.405162
917	3.165391
918	2.081971
919	3.345180
920	1.749798
921	3.331501
922	4.360589
923	4.989374
924	3.991823
925	2.088994
926	3.123972
927	4.789258
928	1.716566
929	2.504117
930	2.351681
931	2.501220
932	4.158533
933	1.857014
934	4.651991
935	5.033438
936	3.621284
937	2.162175
938	1.935846
939	2.046387
940	1.795940
941	1.782898
942	2.129483
943	4.204831
944	1.936415
945	4.301639
946	4.106519
947	3.022111
948	3.532903
949	1.887883
950	2.057911
951	2.059175
952	3.337185
953	3.865243
954	1.918827
955	2.090311
956	1.897893
957	2.734319
958	4.170924
959	3.724432
960	2.161503
961	2.139836
962	1.946227
963	3.669905
964	3.796262
965	2.098332
966	4.086526
967	4.093971
968	3.549281
969	4.166593
970	2.244125
971	4.190763
972	4.336104
973	4.208729
974	2.838044
975	3.933955
976	2.119835
977	3.539745
978	3.445257
979	4.025581
980	4.017898
981	3.967908
982	4.863424
983	2.238884
984	2.152534
985	2.118821
986	2.349915
987	2.045995
988	4.121808
989	2.037375
990	3.019189
991	3.349419
992	1.775978
993	2.059637
994	1.755022
995	1.835347
996	2.066640
997	4.110146
998	1.888994
999	1.872057
1000	1.938323
1001	3.550507
1002	1.846456
1003	3.752599
1004	2.690595
1005	3.234532
1006	2.183598
1007	4.047394
1008	3.572940
1009	2.657161
1010	2.021830
1011	2.549314
1012	3.719623
1013	2.097166
1014	4.316816
1015	1.882604
1016	3.293721
1017	2.256236
1018	2.107011
1019	2.257033
1020	2.855783
1021	2.320884
1022	2.017325
1023	2.357456
1024	1.821346
1025	3.748612
1026	4.107481
1027	2.939404
1028	2.124241
1029	1.934555
1030	4.511330
1031	2.387321
1032	3.782144
1033	4.310986
1034	2.061117
1035	1.705198
1036	2.003722
1037	3.990715
1038	3.882757
1039	3.689620
1040	2.329164
1041	2.104138
1042	2.194038
1043	1.962295
1044	2.042842
1045	1.821676
1046	1.917316
1047	4.207196
1048	2.977751
1049	4.517367
1050	3.943373
1051	2.360508
1052	1.711462
1053	4.371155
1054	4.093371
1055	3.927582
1056	3.424530
1057	3.663482
1058	3.651081
1059	2.626881
1060	4.675767
1061	2.199886
1062	2.023708
1063	3.113070
1064	4.060061
1065	3.576883
1066	2.290044
1067	3.122529
1068	3.181353
1069	3.621973
1070	1.754594
1071	2.011988
1072	1.836218
1073	1.956939
1074	2.950951
1075	2.965621
1076	4.148807
1077	2.085305
1078	4.312516
1079	2.054484
1080	3.823743
1081	1.919688
1082	2.066906
1083	2.451716
1084	2.331309
1085	2.144435
1086	4.520276
1087	2.544444
1088	2.341859
1089	1.754649
1090	1.910341
1091	3.852402
1092	3.502942
1093	3.438167
1094	2.343076
1095	1.953816
1096	4.048729
1097	3.913899
1098	1.967130
1099	1.876726
1100	3.223135
1101	2.282828
1102	2.659211
1103	3.971070
1104	3.107492
1105	4.062672
1106	3.954149
1107	4.157343
1108	1.801916
1109	4.536221
1110	1.916298
1111	1.883135
1112	3.142690
1113	2.107747
1114	3.866807
1115	2.053631
1116	1.960331
1117	1.858682
1118	3.472664
1119	2.266649
1120	2.024276
1121	2.198498
1122	1.874272
1123	3.916082
1124	1.897182
1125	2.147301
1126	1.917158
1127	2.061139
1128	4.327054
1129	4.555985
1130	3.695592
1131	3.711455
1132	1.991004
1133	1.965350
1134	3.688374
1135	1.832595
1136	1.948871
1137	3.616822
1138	2.092417
1139	1.718894
1140	4.066103
1141	2.184125
1142	2.256191
1143	1.932693
1144	2.055090
1145	1.886505
1146	1.894202
1147	2.051487
1148	1.973854
1149	4.643564
1150	1.890450
1151	2.267113
1152	2.027758
1153	2.615835
1154	3.533114
1155	4.720944
1156	2.444136
1157	2.362943
1158	1.805880
1159	1.960052
1160	1.829316
1161	4.449821
1162	3.569243
1163	3.580797
1164	3.823624
1165	1.878244
1166	2.202952
1167	2.195040
1168	3.575039
1169	1.945584
1170	3.190815
1171	1.828825
1172	3.058390
1173	4.298793
1174	3.682421
1175	4.301511
1176	1.979141
1177	4.046912
1178	1.607490
1179	2.318750
1180	1.954534
1181	1.785666
1182	2.059660
1183	3.211822
1184	5.403794
1185	3.562976
1186	3.678724
1187	3.214810
1188	3.375649
1189	4.251423
1190	3.837239
1191	3.589902
1192	3.937753
1193	3.545265
1194	1.986555
1195	3.335161
1196	2.369937
1197	4.867085
1198	2.259136
1199	4.007804
1200	1.823458
1201	1.789665
1202	1.799417
1203	1.745108
1204	2.165848
1205	1.877791
1206	1.843746
1207	2.416051
1208	3.395614
1209	1.923175
1210	1.904259
1211	1.866145
1212	2.181765
1213	1.893936
1214	2.675238
1215	1.911309
1216	2.065599
1217	1.898789
1218	2.128685
1219	3.075158
1220	3.806876
1221	1.890450
1222	1.857417
1223	1.824446
1224	4.130883
1225	3.258620
1226	4.468176
1227	1.875393
1228	4.875993
1229	2.024006
1230	4.030781
1231	3.718144
1232	1.975373
1233	1.958085
1234	3.337619
1235	1.857876
1236	4.310592
1237	2.296301
1238	2.003872
1239	2.210701
1240	1.875580
1241	3.956729
1242	3.412257
1243	2.150116
1244	4.528996
1245	3.409531
1246	3.320752
1247	1.745050
1248	1.953484
1249	2.548509
1250	2.948406
1251	2.140608
1252	1.868957
1253	2.340620
1254	1.955657
1255	2.291942
1256	1.693045
1257	3.881159
1258	1.995595
1259	1.939096
1260	1.957831
1261	3.529886
1262	2.233585
1263	1.665232
1264	2.076921
1265	1.888226
1266	1.875794
1267	1.999957
1268	2.006038
1269	1.821449
1270	1.954738
1271	2.350340
1272	3.655907
1273	1.845020
1274	1.906935
1275	2.057256
1276	2.338321
1277	2.309220
1278	3.693644
1279	3.136064
1280	4.138128
1281	2.278290
1282	1.699942
1283	1.894993
1284	2.060341
1285	4.335966
1286	3.922219
1287	2.126840
1288	2.035949
1289	1.786310
1290	4.529912
1291	3.989912
1292	1.853510
1293	4.874720
1294	4.014947
1295	3.831043
1296	1.896154
1297	3.791003
1298	3.478764
1299	2.191028
1300	2.053241
1301	3.422396
1302	2.214609
1303	1.894334
1304	3.145571
1305	2.120871
1306	2.266143
1307	2.208031
1308	4.766153
1309	1.819725
1310	3.319308
1311	2.180460
1312	2.424253
1313	5.247675
1314	1.945071
1315	2.061117
1316	3.996324
1317	4.695113
1318	3.985172
1319	4.278597
1320	3.706887
1321	2.079880
1322	3.377706
1323	1.902446
1324	2.310887
1325	2.241987
1326	2.036810
1327	1.902788
1328	4.927667
1329	3.350552
1330	2.312706
1331	2.173431
1332	2.538070
1333	1.873659
1334	2.830212
1335	2.064315
1336	3.578715
1337	1.731156
1338	4.017662
1339	1.954275
1340	1.765788
1341	3.654490
1342	3.664233
1343	3.505353
1344	3.884147
1345	1.869786
1346	2.370104
1347	3.695728
1348	3.446462
1349	3.536296
1350	3.617319
1351	4.480109
1352	3.355922
1353	4.042574
1354	3.767358
1355	4.121189
1356	2.073548
1357	3.559579
1358	2.290786
1359	3.335281
1360	3.249813
1361	1.981868
1362	2.347723
1363	2.230897
1364	1.928549
1365	4.366328
1366	1.968754
1367	1.937704
1368	1.952767
1369	2.910777
1370	2.067996
1371	2.130117
1372	2.128380
1373	2.068696
1374	4.966621
1375	3.873397
1376	2.710148
1377	5.416992
1378	1.955607
1379	3.723492
1380	4.601010
1381	3.452536
1382	5.154716
1383	3.809121
1384	3.996874
1385	1.990881
1386	1.894993
1387	4.545865
1388	3.947568
1389	2.509682
1390	2.727580
1391	1.753567
1392	1.930648
1393	2.967204
1394	3.082110
1395	1.995746
1396	1.777105
1397	3.732827
1398	2.166010
1399	1.899105
1400	3.361250
1401	1.899186
1402	3.475543
1403	2.312400
1404	5.232619
1405	2.719908
1406	4.062414
1407	3.638487
1408	1.981565
1409	3.855087
1410	3.554167
1411	1.803218
1412	4.366211
1413	2.095924
1414	4.140217
1415	2.075475
1416	2.607643
1417	2.153996
1418	5.358394
1419	4.592580
1420	3.004844
1421	4.629797
1422	2.486044
1423	2.664162
1424	2.017573
1425	4.517498
1426	2.102233
1427	1.917759
1428	1.819615
1429	2.085423
1430	3.181145
1431	1.956757
1432	1.909296
1433	2.054214
1434	2.176811
1435	2.376254
1436	1.957348
1437	3.551299
1438	2.043942
1439	1.817751
1440	2.020420
1441	2.888685
1442	2.712302
1443	1.897712
1444	1.910943
1445	1.989095
1446	3.736283
1447	3.731095
1448	2.052730
1449	1.935714
1450	3.849414
1451	2.139116
1452	4.407961
1453	3.031994
1454	3.750812
1455	2.104497
1456	2.392671
1457	3.111421
1458	3.465230
1459	4.322103
1460	3.171595
1461	2.573984
1462	1.943350
1463	1.980023
1464	3.229240
1465	2.005243
1466	1.937630
1467	2.106394
1468	3.736460
1469	1.851729
1470	1.841334
1471	1.936082
1472	2.205559
1473	1.771493
1474	3.359261
1475	3.751919
1476	4.033971
1477	1.805630
1478	3.865727
1479	1.821593
1480	3.320933
1481	1.945277
1482	3.835676
1483	1.990450
1484	2.099166
1485	2.573828
1486	1.674931
1487	2.036298
1488	2.235420
1489	2.201205
1490	2.270374
1491	1.887567
1492	1.871089
1493	2.178183
1494	1.739022
1495	3.341695
1496	1.902161
1497	4.807883
1498	1.849464
1499	2.532148
1500	3.509829
1501	1.819455
1502	1.862310
1503	1.826450
1504	1.991629
1505	1.807376
1506	1.950047
1507	2.059637
1508	2.197637
1509	2.126617
1510	1.998682
1511	2.313459
1512	2.027556
1513	1.742672
1514	1.982348
1515	1.864672
1516	1.948690
1517	1.973758
1518	3.511780
1519	3.796815
1520	4.266077
1521	1.937366
1522	4.384455
1523	4.026375
1524	1.936544
1525	3.740291
1526	2.278287
1527	1.950662
1528	1.775557
1529	3.982824
1530	2.353401
1531	2.069250
1532	3.717057
1533	1.909685
1534	2.937023
1535	2.045238
1536	3.826656
1537	1.880585
1538	3.996711
1539	2.957670
1540	1.925228
1541	2.054677
1542	3.578854
1543	3.942105
1544	2.034065
1545	5.491468
1546	4.279310
1547	2.094065
1548	2.391526
1549	2.131526
1550	1.899393
1551	1.755079
1552	3.694401
1553	2.201045
1554	1.847403
1555	1.839129
1556	1.753799
1557	1.918172
1558	2.190754
1559	1.964971
1560	4.070797
1561	2.023736
1562	2.285297
1563	2.031676
1564	2.210225
1565	1.962800
1566	1.675230
1567	1.933802
1568	3.059378
1569	2.025291
1570	2.824538
1571	5.451204
1572	4.103194
1573	2.294475
1574	2.060024
1575	1.797051
1576	1.936544
1577	1.981541
1578	1.991606
1579	1.820111
1580	2.063274
1581	2.252580
1582	2.055383
1583	1.996118
1584	2.042691
1585	3.742338
1586	1.876702
1587	4.094510
1588	1.871179
1589	4.310195
1590	1.653179
1591	1.700031
1592	4.076194
1593	1.765505
1594	4.247611
1595	1.986177
1596	3.997108
1597	3.635076
1598	3.593914
1599	4.389692
1600	3.876143
1601	2.942375
1602	4.761114
1603	1.912564
1604	5.497509
1605	4.125056
1606	4.681806
1607	1.834013
1608	1.838177
1609	3.732515
1610	1.834506
1611	2.699832
1612	2.111134
1613	1.749459
1614	2.292269
1615	2.185726
1616	5.266929
1617	4.505044
1618	3.735893
1619	4.263968
1620	1.966440
1621	2.177793
1622	3.564018
1623	3.975235
1624	2.674959
1625	2.154649
1626	2.710090
1627	1.831096
1628	1.996295
1629	5.381134
1630	3.693359
1631	2.049218
1632	3.062189
1633	2.913657
1634	2.052952
1635	2.044165
1636	2.124266
1637	1.774710
1638	3.699743
1639	1.898236
1640	4.013255
1641	4.528728
1642	2.015492
1643	3.777949
1644	3.615260
1645	4.287915
1646	1.997648
1647	3.718951
1648	2.086959
1649	3.790793
1650	3.728057
1651	3.765288
1652	3.756553
1653	2.073696
1654	4.061232
1655	5.557019
1656	2.273787
1657	3.193915
1658	1.863357
1659	2.186617
1660	2.167510
1661	3.223368
1662	3.967945
1663	2.058490
1664	3.464909
1665	3.696445
1666	4.182117
1667	3.250173
1668	2.074055
1669	2.168707
1670	3.579692
1671	3.989950
1672	2.178668
1673	2.273013
1674	1.716360
1675	2.086364
1676	2.612009
1677	3.070554
1678	2.168175
1679	2.329139
1680	1.982954
1681	2.181694
1682	1.971954
1683	5.911226
1684	4.116954
1685	3.326813
1686	4.031484
1687	4.303185
1688	3.589066
1689	2.314841
1690	2.190363
1691	2.386420
1692	2.223084
1693	2.106683
1694	4.084554
1695	4.286408
1696	1.741291
1697	3.224298
1698	4.784577
1699	4.238183
1700	4.265864
1701	4.405837
1702	3.659362
1703	3.943679
1704	4.247130
1705	3.319849
1706	3.905599
1707	3.987603
1708	3.784295
1709	4.055241
1710	3.344309
1711	4.519347
1712	3.851311
1713	1.924811
1714	4.759674
1715	4.010222
1716	2.746745
1717	1.802386
1718	3.691952
1719	1.982950
1720	2.110592
1721	5.035081
1722	2.231433
1723	1.847380
1724	3.869521
1725	5.050712
1726	3.218709
1727	4.344421
1728	4.251318
1729	1.955863
1730	2.171891
1731	4.151350
1732	3.898988
1733	2.400188
1734	3.320331
1735	3.401383
1736	2.710128
1737	1.895917
1738	1.932123
1739	2.028449
1740	3.838999
1741	2.210660
1742	1.784210
1743	3.648906
1744	1.896968
1745	3.533550
1746	3.183953
1747	2.943398
1748	4.030344
1749	1.827814
1750	3.875959
1751	4.115167
1752	2.301698
1753	1.942659
1754	2.013665
1755	1.981568
1756	4.553165
1757	2.300740
1758	2.221442
1759	3.911231
1760	2.185340
1761	3.438111
1762	3.243982
1763	3.851608
1764	2.000524
1765	1.824231
1766	2.676618
1767	2.704366
1768	2.050438
1769	1.939921
1770	1.775045
1771	1.883110
1772	3.789777
1773	3.942856
1774	1.972336
1775	2.216713
1776	2.188264
1777	2.038167
1778	3.971131
1779	3.588468
1780	2.085231
1781	4.175884
1782	5.006962
1783	2.078614
1784	2.452167
1785	4.303092
1786	5.251052
1787	4.562390
1788	3.979472
1789	3.406697
1790	3.856915
1791	2.730031
1792	4.222929
1793	2.022428
1794	4.575237
1795	2.147607
1796	2.506674
1797	3.548303
1798	4.597903
1799	4.312918
1800	5.097666
1801	3.474989
1802	3.140335
1803	1.994043
1804	5.310168
1805	2.588010
1806	4.251781
1807	2.413383
1808	4.739848
1809	3.838866
1810	4.495795
1811	1.890027
1812	2.049293
1813	2.240326
1814	1.923971
1815	3.958141
1816	3.184749
1817	1.878643
1818	4.015668
1819	1.932978
1820	4.168573
1821	4.522442
1822	1.927539
1823	2.057328
1824	4.391515
1825	4.683586
1826	4.119644
1827	3.041285
1828	2.278353
1829	1.985571
1830	3.668477
1831	3.988854
1832	2.032063
1833	1.930442
1834	4.418398
1835	2.080406
1836	2.117424
1837	2.093488
1838	2.257566
1839	2.985249
1840	5.580657
1841	4.342741
1842	4.994970
1843	1.845915
1844	4.564882
1845	4.375548
1846	1.852484
1847	1.902235
1848	1.959029
1849	2.091984
1850	2.037061
1851	3.144315
1852	1.861828
1853	2.221643
1854	4.465939
1855	5.294600
1856	1.792233
1857	1.972358
1858	2.006913
1859	3.248893
1860	3.816729
1861	1.772795
1862	1.983432
1863	2.000499
1864	4.045599
1865	2.252909
1866	4.221018
1867	4.730716
1868	3.705540
1869	3.610822
1870	4.391135
1871	1.881727
1872	4.726441
1873	1.901396
1874	2.084101
1875	2.202358
1876	2.182238
1877	1.864483
1878	4.029554
1879	2.316788
1880	2.539488
1881	1.901495
1882	4.602907
1883	3.769573
1884	2.302369
1885	4.740684
1886	4.221436
1887	2.191989
1888	3.985740
1889	1.947363
1890	3.908681
1891	1.923015
1892	3.896028
1893	2.484535
1894	1.867698
1895	3.552830
1896	1.972563
1897	1.914106
1898	4.564278
1899	2.298001
1900	3.944236
1901	2.316371
1902	3.893456
1903	2.220808
1904	4.164365
1905	4.497950
1906	1.849405
1907	1.967282
1908	2.220021
1909	2.083267
1910	2.044028
1911	3.959659
1912	2.279144
1913	3.514685
1914	3.903058
1915	3.598070
1916	1.939742
1917	2.071417
1918	4.232565
1919	2.401335
1920	3.530430
1921	2.617822
1922	1.646586
1923	1.783199
1924	3.294679
1925	1.954301
1926	3.949800
1927	3.723248
1928	4.302443
1929	3.496756
1930	4.948483
1931	1.852595
1932	4.088840
1933	1.986001
1934	4.007752
1935	1.891928
1936	4.859112
1937	3.131932
1938	2.430100
1939	2.141518
1940	3.654082
1941	1.911575
1942	4.155831
1943	1.913165
1944	4.065922
1945	2.047001
1946	2.111894
1947	2.484754
1948	5.862696
1949	1.888862
1950	2.187671
1951	4.973372
1952	1.811435
1953	1.938247
1954	2.832559
1955	4.735199
1956	4.389293
1957	2.666102
1958	4.213440
1959	2.761230
1960	2.004819
1961	1.880662
1962	3.699420
1963	3.427211
1964	4.519376
1965	4.305508
1966	2.011885
1967	2.066908
1968	2.198567
1969	3.250443
1970	1.631503
1971	3.627143
1972	4.652149
1973	1.749827
1974	4.338781
1975	1.949230
1976	4.029314
1977	5.126846
1978	1.960489
1979	4.344725
1980	4.605171
1981	3.630129
1982	4.604404
1983	1.900890
1984	1.960686
1985	3.605881
1986	1.701411
1987	4.877602
1988	2.086859
1989	2.458901
1990	3.938345
1991	1.853670
1992	2.021332
1993	4.376358
1994	2.141166
1995	3.230200
1996	3.105417
1997	3.729527
1998	2.408772
1999	2.060822
2000	4.883064
0	2.552255
1	3.918481
2	2.168065
3	5.135556
4	2.019552
5	1.952281
6	2.181400
7	4.274773
8	1.987082
9	4.299443
10	3.720322
11	2.333855
12	1.843393
13	1.822197
14	4.730559
15	4.050542
16	2.534973
17	1.860805
18	1.723339
19	2.048464
20	5.483047
21	4.087222
22	4.100804
23	5.398833
24	4.936489
25	3.234979
26	4.318553
27	3.747144
28	4.148095
29	3.237824
30	2.438218
31	5.466280
32	4.324361
33	4.498921
34	2.736220
35	4.546133
36	3.328829
37	3.706614
38	1.877501
39	2.625488
40	3.153378
41	1.784404
42	5.450183
43	4.856141
44	4.152807
45	2.042769
46	4.739052
47	1.841167
48	2.603266
49	4.285324
50	4.090683
51	4.448594
52	1.902104
53	5.850990
54	6.733284
55	7.065585
56	6.374089
57	7.082972
58	7.362641
59	4.615289
60	6.156207
61	7.967798
62	8.131944
63	7.619679
64	8.367659
65	8.050857
66	8.055068
67	8.027819
68	4.558486
69	8.348683
70	7.490248
71	6.434757
72	7.919500
73	7.699585
74	8.246530
75	8.011249
76	6.324564
77	7.330359
78	5.963833
79	7.318457
80	7.819086
81	5.060416
82	4.813873
83	3.916915
84	4.169231
85	4.318726
86	3.241001
87	5.113686
88	3.863923
89	2.044186
90	4.203521
91	3.944631
92	6.141353
93	6.686264
94	6.205877
95	6.366051
96	6.632931
97	4.091198
98	4.239681
99	4.077118
100	3.351716
101	3.707263
102	3.702622
103	3.861435
104	4.831429
105	2.217429
106	4.209586
107	3.353896
108	2.858987
109	4.540409
110	4.480980
111	3.821909
112	3.468055
113	3.379188
114	3.574927
115	4.750641
116	3.803405
117	4.542994
118	3.096093
119	3.100598
120	3.115284
121	3.988034
122	5.183755
123	3.557105
124	3.712804
125	3.704849
126	5.389371
127	3.788892
128	4.615389
129	3.739157
130	2.939574
131	3.274432
132	3.771127
133	3.786463
134	4.161129
135	3.204951
136	1.897419
137	2.052728
138	4.285300
139	3.697054
140	3.835218
141	2.749198
142	3.484606
143	6.129153
144	3.172727
145	2.407094
146	4.514933
147	2.339956
148	2.145575
149	2.969074
150	3.651465
151	3.759892
152	1.912224
153	2.173595
154	4.828311
155	3.853700
156	6.572376
157	2.115963
158	3.468646
159	3.766389
160	4.011608
161	3.313504
162	3.002416
163	3.268775
164	3.692302
165	3.336629
166	1.819836
167	4.977017
168	2.847139
169	1.836437
170	3.828485
171	3.041219
172	2.265327
173	2.258032
174	1.854562
175	3.285941
176	3.311238
177	2.270574
178	4.245504
179	2.272643
180	3.436059
181	1.944966
182	3.577568
183	3.296680
184	2.419588
185	4.133038
186	4.407460
187	4.263262
188	3.486903
189	4.278014
190	4.668466
191	4.198155
192	3.985436
193	3.311509
194	3.645122
195	3.815207
196	3.719800
197	4.399192
198	3.497784
199	3.514442
200	4.631047
201	4.773312
202	3.459595
203	2.903927
204	2.862673
205	4.284881
206	3.706131
207	3.840453
208	3.981697
209	4.598316
210	1.999724
211	2.083721
212	2.051192
213	2.094113
214	3.764478
215	2.124828
216	1.791116
217	1.798696
218	1.853346
219	4.822394
220	4.569397
221	3.299349
222	3.940838
223	4.238596
224	2.122029
225	3.671266
226	3.253704
227	3.815036
228	1.907063
229	1.870349
230	2.247979
231	2.117758
232	1.849378
233	1.809698
234	2.153788
235	2.022328
236	1.769126
237	1.886797
238	2.129905
239	2.245838
240	1.788071
241	2.336539
242	2.051364
243	2.086936
244	2.188059
245	1.898682
246	1.871043
247	2.514977
248	2.207665
249	2.551252
250	2.196564
251	1.889472
252	2.188195
253	1.941623
254	2.066059
255	1.798471
256	2.748726
257	1.849460
258	2.137896
259	2.126831
260	1.792819
261	1.877898
262	2.060752
263	1.870776
264	2.155272
265	2.045436
266	1.966673
267	2.045116
268	1.960153
269	1.993340
270	1.881864
271	2.746963
272	2.059226
273	1.933415
274	2.481011
275	1.716886
276	2.010971
277	2.008305
278	1.916924
279	2.102405
280	1.875126
281	1.953815
282	2.382690
283	1.929920
284	1.926319
285	1.858494
286	2.035754
287	1.889204
288	1.954506
289	2.600155
290	1.904023
291	1.874512
292	1.991304
293	2.055871
294	1.894042
295	2.094399
296	2.029015
297	1.869864
298	2.963194
299	1.893385
300	3.087944
301	2.380018
302	2.131993
303	3.096919
304	2.169633
305	2.208211
306	1.879919
307	2.072510
308	1.977016
309	2.697592
310	1.763347
311	2.285125
312	1.920755
313	1.964839
314	1.833413
315	1.942705
316	2.001726
317	2.409274
318	1.902342
319	2.339852
320	2.313743
321	2.343119
322	2.131762
323	2.056719
324	3.969496
325	2.280572
326	2.159146
327	1.817716
328	2.010423
329	1.827157
330	1.863036
331	3.011079
332	1.829315
333	1.998526
334	1.995744
335	2.240605
336	1.722354
337	1.920442
338	3.027642
339	2.030391
340	2.093105
341	1.941055
342	1.970125
343	1.713243
344	2.020716
345	1.838313
346	1.686034
347	2.348405
348	1.774119
349	2.023216
350	1.948462
351	1.990203
352	1.868102
353	1.801887
354	1.997826
355	2.169724
356	1.775473
357	1.918175
358	1.872538
359	1.673621
360	2.130749
361	1.807485
362	1.959033
363	3.188809
364	1.774765
365	2.375101
366	2.040737
367	2.520912
368	3.257623
369	2.970152
370	4.054688
371	1.874272
372	1.837849
373	1.992838
374	1.941286
375	1.747739
376	1.800613
377	1.723514
378	1.948868
379	2.120872
380	1.890001
381	1.922654
382	1.910246
383	2.739802
384	1.730577
385	2.010922
386	1.968476
387	1.958926
388	2.025564
389	1.936206
390	2.304909
391	1.824200
392	2.072124
393	1.698647
394	1.942833
395	2.073475
396	1.780197
397	1.998824
398	1.707629
399	2.360191
400	1.821015
401	1.818682
402	1.906777
403	2.010822
404	1.993662
405	1.908007
406	1.914627
407	1.744964
408	1.757556
409	2.044944
410	1.696499
411	1.967355
412	2.226678
413	1.847215
414	1.725371
415	1.930413
416	1.881781
417	2.081250
418	1.824582
419	2.225082
420	1.906441
421	2.010201
422	1.979444
423	1.906120
424	1.854157
425	1.735451
426	1.772257
427	1.787430
428	1.967152
429	1.836002
430	2.008061
431	1.922701
432	2.156432
433	2.030839
434	1.904600
435	1.864348
436	1.934139
437	1.706811
438	1.828088
439	1.831638
440	1.864967
441	2.080911
442	1.865289
443	1.829234
444	2.011118
445	1.742900
446	2.006836
447	1.984791
448	1.953691
449	1.766467
450	1.818791
451	1.930644
452	1.830876
453	1.844832
454	2.072922
455	1.776402
456	2.051072
457	1.628403
458	1.929220
459	1.951025
460	1.912540
461	3.131325
462	1.833169
463	1.863115
464	2.138268
465	2.077619
466	1.962089
467	1.824444
468	1.952485
469	1.681370
470	2.198045
471	2.218039
472	1.891902
473	1.951128
474	1.818706
475	1.781906
476	1.722819
477	1.940874
478	1.781514
479	1.820440
480	2.118232
481	1.909583
482	1.850034
483	1.773163
484	1.930648
485	2.244571
486	2.008631
487	2.241629
488	1.778680
489	1.968501
490	1.780563
491	1.726152
492	1.877283
493	2.013205
494	1.864886
495	1.822912
496	1.951538
497	1.914418
498	1.972232
499	1.764711
500	1.933520
501	1.900764
502	1.820190
503	2.240045
504	2.299433
505	1.890766
506	1.887433
507	1.918463
508	1.911255
509	1.946354
510	1.695347
511	1.944506
512	1.814081
513	2.020793
514	2.281357
515	1.830221
516	2.208034
517	1.770562
518	1.897501
519	2.038281
520	1.771414
521	1.946023
522	1.913895
523	1.975729
524	1.710703
525	1.891556
526	1.975935
527	1.863032
528	1.862152
529	1.953205
530	2.012383
531	1.984769
532	2.081799
533	1.817472
534	1.894493
535	1.807229
536	1.833604
537	2.009226
538	1.721947
539	1.839811
540	1.829808
541	1.792374
542	2.190390
543	2.012954
544	2.177272
545	1.793629
546	1.767201
547	1.904024
548	1.958108
549	1.858333
550	2.182569
551	2.551983
552	1.866414
553	1.846675
554	1.998272
555	1.881437
556	2.058931
557	2.091223
558	1.861826
559	1.917521
560	1.898867
561	1.907407
562	2.024193
563	1.805714
564	1.836435
565	2.003873
566	1.941366
567	2.009452
568	2.047071
569	1.765550
570	2.328712
571	1.856909
572	1.788303
573	1.852730
574	1.645660
575	1.777358
576	1.983054
577	1.843068
578	1.967152
579	1.728873
580	1.851349
581	1.904362
582	1.922011
583	1.856315
584	2.012237
585	1.930057
586	1.711381
587	1.865531
588	1.934531
589	2.150743
590	1.876807
591	2.068939
592	2.047486
593	2.036125
594	2.050707
595	1.910497
596	1.722178
597	1.858953
598	1.798361
599	1.791227
600	1.872431
601	1.988995
602	2.003024
603	1.806127
604	1.738447
605	1.849488
606	1.799194
607	2.058373
608	2.012910
609	1.883535
610	1.766154
611	2.207463
612	1.800805
613	1.884993
614	1.996422
615	1.827592
616	1.692834
617	1.818598
618	1.998455
619	2.118631
620	1.808647
621	2.071739
622	1.952280
623	1.938506
624	1.960357
625	2.104780
626	2.108104
627	1.749798
628	1.888651
629	1.871526
630	1.920131
631	1.923566
632	1.988241
633	1.838642
634	2.219797
635	1.947153
636	2.011616
637	1.879626
638	1.881780
639	1.860672
640	1.967283
641	2.324693
642	2.066061
643	1.941803
644	1.931994
645	1.978636
646	1.882897
647	1.922177
648	1.932054
649	1.697470
650	2.124713
651	2.063519
652	1.993113
653	2.022820
654	1.939078
655	1.975601
656	1.834556
657	2.205471
658	1.835782
659	1.951947
660	2.228743
661	1.927096
662	1.993313
663	2.176072
664	1.912199
665	2.051925
666	1.851217
667	1.887169
668	2.169906
669	1.830136
670	2.131246
671	1.897498
672	2.033570
673	1.844913
674	1.917629
675	1.697560
676	1.881832
677	2.172052
678	2.423612
679	1.895285
680	1.923046
681	1.936442
682	1.911572
683	1.833740
684	1.890211
685	1.957500
686	2.305125
687	1.932203
688	1.783957
689	1.866843
690	1.925435
691	2.196542
692	1.884410
693	2.104046
694	1.767512
695	1.784069
696	1.992812
697	1.907827
698	1.852214
699	2.011988
700	1.757954
701	2.041101
702	1.931451
703	2.155805
704	1.757300
705	2.217680
706	1.849919
707	2.014399
708	1.701233
709	1.925513
710	1.972840
711	1.768107
712	1.949694
713	1.923198
714	2.066423
715	1.998225
716	1.923020
717	2.101475
718	2.032388
719	1.937004
720	1.997548
721	1.811681
722	1.883960
723	1.749887
724	2.150793
725	1.734130
726	2.056041
727	2.001474
728	1.942704
729	1.910236
730	1.904359
731	1.963875
732	2.068259
733	1.789108
734	1.782639
735	1.900001
736	2.150582
737	2.333433
738	2.302390
739	1.822333
740	1.923406
741	1.767853
742	1.757527
743	1.982047
744	1.809694
745	1.826061
746	2.209842
747	1.974590
748	1.931038
749	2.065577
750	1.869785
751	1.788774
752	2.040614
753	1.958035
754	1.828823
755	1.810469
756	1.856824
757	1.869785
758	1.856933
759	2.068234
760	2.018045
761	2.058009
762	1.876752
763	2.191370
764	2.225062
765	2.044726
766	2.094636
767	1.951641
768	1.823022
769	1.837932
770	1.944456
771	1.808067
772	2.012586
773	1.654899
774	1.805910
775	2.033570
776	2.197382
777	1.834583
778	2.015664
779	1.821071
780	2.091845
781	1.893065
782	1.923826
783	1.965047
784	1.748828
785	1.792983
786	1.714700
787	1.809887
788	1.896549
789	2.317631
790	2.016185
791	1.830490
792	2.002525
793	1.857577
794	1.900128
795	1.897815
796	2.298457
797	1.996221
798	2.081847
799	2.000050
800	1.820225
801	2.736785
802	1.687037
803	1.925490
804	1.887427
805	2.146831
806	1.975802
807	2.075696
808	1.879733
809	2.049443
810	1.825541
811	1.736981
812	1.902344
813	2.007592
814	2.354525
815	2.015289
816	1.909162
817	1.729509
818	2.115867
819	1.887035
820	2.007237
821	1.985647
822	1.821346
823	1.880479
824	2.115183
825	1.882862
826	1.884386
827	1.740976
828	2.057327
829	2.340982
830	2.112371
831	2.011613
832	1.979370
833	1.882262
834	1.925252
835	1.837499
836	1.919321
837	2.152256
838	2.449016
839	1.760371
840	2.308982
841	2.024697
842	1.852432
843	1.722125
844	1.976889
845	1.939176
846	2.447977
847	1.834635
848	2.161733
849	1.869704
850	1.794354
851	1.830468
852	1.787456
853	1.790894
854	1.837555
855	1.913680
856	2.013628
857	3.382457
858	1.972534
859	1.902368
860	2.641702
861	2.017684
862	2.027734
863	2.036909
864	2.194361
865	1.842285
866	2.044065
867	1.916404
868	1.921381
869	1.917837
870	2.683540
871	1.864884
872	1.948356
873	2.241543
874	1.991631
875	1.924214
876	2.074995
877	1.758491
878	1.961351
879	2.065792
880	1.970125
881	1.970634
882	2.072438
883	1.945508
884	1.933079
885	1.982547
886	1.979619
887	2.403666
888	1.912984
889	2.080215
890	1.995468
891	1.826416
892	3.354923
893	1.925202
894	1.944994
895	1.728641
896	1.934683
897	1.899948
898	1.971849
899	2.030322
900	2.033348
901	1.776994
902	1.727194
903	1.829316
904	1.816016
905	1.971016
906	1.762524
907	2.087006
908	1.891188
909	2.112489
910	1.999524
911	1.987685
912	1.962930
913	3.845008
914	3.808027
915	3.348625
916	2.079762
917	2.232579
918	3.945542
919	1.844152
920	1.972460
921	2.008011
922	1.790863
923	4.290559
924	3.501389
925	1.847298
926	2.912355
927	1.976204
928	2.292313
929	2.189382
930	5.022407
931	2.063928
932	1.735224
933	3.790329
934	3.335811
935	2.073068
936	1.716447
937	4.380982
938	5.456825
939	2.096689
940	4.131935
941	1.959720
942	2.039166
943	2.804241
944	4.617500
945	3.159242
946	2.253131
947	2.156990
948	3.515409
949	2.635451
950	4.039725
951	4.194594
952	4.795768
953	2.131595
954	3.206379
955	2.805373
956	2.191141
957	2.504896
958	1.885444
959	3.791412
960	4.284684
961	2.110310
962	2.121435
963	3.353237
964	2.027166
965	2.244062
966	3.430748
967	3.292614
968	1.896546
969	2.699686
970	3.714431
971	3.191567
972	4.327331
973	2.866546
974	2.877325
975	1.863676
976	3.566250
977	4.066679
978	5.658307
979	3.599069
980	4.136737
981	2.138433
982	3.660568
983	2.303955
984	2.001723
985	2.989932
986	1.855104
987	1.833630
988	4.087801
989	5.370467
990	2.008929
991	2.322349
992	4.550038
993	2.130465
994	1.850994
995	5.246724
996	2.236830
997	3.902214
998	1.849380
999	3.355544
1000	1.790692
1001	4.101237
1002	4.033679
1003	3.829264
1004	2.335171
1005	4.548031
1006	1.923897
1007	2.026177
1008	3.794851
1009	2.160667
1010	2.187443
1011	1.992082
1012	1.857659
1013	2.029700
1014	1.935017
1015	1.866978
1016	1.992134
1017	2.278374
1018	1.854432
1019	2.998616
1020	4.449922
1021	1.988515
1022	1.785639
1023	2.162058
1024	4.139492
1025	4.709548
1026	1.877897
1027	4.879914
1028	1.976813
1029	4.556642
1030	2.914118
1031	2.137781
1032	2.190455
1033	1.977271
1034	1.955019
1035	2.938380
1036	1.845991
1037	1.994321
1038	4.709802
1039	4.642844
1040	1.864752
1041	1.719331
1042	4.206627
1043	3.761090
1044	2.236562
1045	1.835865
1046	1.781770
1047	1.724237
1048	2.027514
1049	1.968861
1050	1.853053
1051	1.784016
1052	1.693429
1053	2.014895
1054	1.990579
1055	1.922344
1056	2.436144
1057	2.021612
1058	1.960172
1059	1.823242
1060	1.864642
1061	1.990301
1062	1.913373
1063	2.433391
1064	2.145925
1065	2.133918
1066	4.358554
1067	4.779425
1068	2.000100
1069	1.821787
1070	1.865584
1071	1.757642
1072	2.350724
1073	2.192096
1074	1.694139
1075	1.796582
1076	2.025881
1077	2.000599
1078	1.717499
1079	1.929928
1080	3.001546
1081	1.991330
1082	3.115928
1083	1.865502
1084	2.211289
1085	1.776820
1086	1.735682
1087	3.502886
1088	1.888227
1089	1.841657
1090	1.867540
1091	1.992641
1092	1.980471
1093	1.931736
1094	1.838852
1095	1.912825
1096	3.809185
1097	1.796497
1098	1.865772
1099	1.964560
1100	2.032483
1101	2.027214
1102	2.018590
1103	3.555758
1104	1.864754
1105	1.751825
1106	1.993140
1107	1.851650
1108	4.349655
1109	2.021908
1110	2.135130
1111	3.126579
1112	3.191397
1113	1.876620
1114	2.052438
1115	2.611247
1116	1.993088
1117	1.987308
1118	1.954119
1119	1.795495
1120	2.041520
1121	2.062691
1122	1.775065
1123	1.909056
1124	1.758120
1125	2.735999
1126	1.903814
1127	2.206380
1128	1.950874
1129	1.970635
1130	1.937020
1131	1.886639
1132	1.931491
1133	1.816288
1134	2.216509
1135	4.225325
1136	1.961733
1137	2.387071
1138	4.128356
1139	1.849863
1140	2.338053
1141	2.135182
1142	2.947103
1143	2.348385
1144	1.954025
1145	1.779577
1146	1.829698
1147	1.858248
1148	2.043451
1149	2.033520
1150	1.775952
1151	2.171635
1152	1.927851
1153	1.791118
1154	1.798610
1155	1.914813
1156	1.877256
1157	2.013555
1158	1.974111
1159	2.333817
1160	2.148138
1161	2.077763
1162	2.047952
1163	1.795635
1164	1.796941
1165	1.979823
1166	2.226745
1167	1.886956
1168	1.831557
1169	2.185587
1170	2.688364
1171	2.238236
1172	2.630056
1173	1.974791
1174	1.927514
1175	1.854320
1176	1.739281
1177	1.946124
1178	2.106110
1179	1.880904
1180	2.138270
1181	1.890133
1182	1.943735
1183	1.865502
1184	1.820825
1185	1.901708
1186	2.059927
1187	1.930233
1188	2.012386
1189	2.037303
1190	2.140186
1191	1.837524
1192	2.030419
1193	2.026179
1194	1.745165
1195	1.842688
1196	2.047632
1197	1.937371
1198	1.826773
1199	1.810249
1200	1.941056
1201	1.907065
1202	2.138715
1203	1.821373
1204	1.879306
1205	2.430164
1206	1.999875
1207	1.606674
1208	1.824143
1209	2.802429
1210	2.071835
1211	1.914367
1212	1.991481
1213	1.960332
1214	1.864700
1215	1.965757
1216	1.946919
1217	2.390020
1218	1.755389
1219	1.960025
1220	2.546779
1221	3.964467
1222	1.920652
1223	2.595169
1224	2.457905
1225	1.922785
1226	1.908324
1227	4.247011
1228	1.968578
1229	1.859732
1230	2.174950
1231	2.275304
1232	1.962578
1233	2.054726
1234	1.980757
1235	1.839809
1236	2.083556
1237	1.846541
1238	2.892212
1239	3.117997
1240	2.372468
1241	2.221192
1242	2.248288
1243	3.085888
1244	2.230342
1245	1.917655
1246	1.827045
1247	1.856526
1248	1.811107
1249	1.967664
1250	1.831966
1251	1.959948
1252	1.893063
1253	2.558633
1254	1.868588
1255	2.130398
1256	2.160947
1257	1.906015
1258	1.895180
1259	1.691428
1260	3.183912
1261	1.867673
1262	1.892035
1263	1.957067
1264	2.448958
1265	1.939507
1266	2.242098
1267	1.695466
1268	1.950640
1269	1.937112
1270	1.891825
1271	2.172004
1272	2.281425
1273	1.878352
1274	1.750256
1275	1.831447
1276	1.794242
1277	1.807705
1278	1.814551
1279	2.056745
1280	1.954203
1281	1.893703
1282	2.224979
1283	2.150673
1284	1.806074
1285	1.905412
1286	1.905622
1287	1.848272
1288	2.053629
1289	2.194562
1290	2.033639
1291	4.135821
1292	1.997249
1293	1.790449
1294	3.153442
1295	1.860028
1296	1.847835
1297	2.041837
1298	1.835017
1299	1.954970
1300	2.062159
1301	2.091815
1302	3.734890
1303	1.905281
1304	1.757501
1305	1.939997
1306	1.850111
1307	2.186755
1308	2.468320
1309	1.824414
1310	1.745336
1311	1.798026
1312	2.134175
1313	2.120091
1314	2.660244
1315	2.061868
1316	2.150108
1317	1.988643
1318	1.779916
1319	2.132863
1320	1.801499
1321	1.958183
1322	1.945279
1323	1.831147
1324	2.134042
1325	2.119643
1326	5.000292
1327	2.442418
1328	1.839348
1329	2.143504
1330	1.863037
1331	1.786393
1332	1.886715
1333	1.845563
1334	1.852000
1335	2.176923
1336	2.097235
1337	2.126967
1338	2.303822
1339	1.929479
1340	2.173221
1341	2.211287
1342	1.946720
1343	1.758918
1344	1.811739
1345	1.802304
1346	2.016881
1347	1.925851
1348	1.932591
1349	1.882341
1350	2.267157
1351	1.930414
1352	2.017512
1353	2.056701
1354	1.601186
1355	2.340228
1356	2.125638
1357	2.337649
1358	2.006373
1359	1.713389
1360	1.920078
1361	2.005043
1362	1.903733
1363	1.976991
1364	1.957626
1365	2.030248
1366	1.808533
1367	1.733446
1368	2.028675
1369	3.239210
1370	1.965440
1371	1.935224
1372	2.016783
1373	1.966601
1374	1.975600
1375	1.560449
1376	2.178371
1377	2.033076
1378	2.194948
1379	2.067292
1380	1.787345
1381	2.103567
1382	1.938092
1383	3.344758
1384	4.531599
1385	2.014781
1386	1.882233
1387	2.018390
1388	1.727599
1389	2.374448
1390	2.054556
1391	1.942088
1392	2.038481
1393	1.832075
1394	1.922994
1395	1.818791
1396	2.078389
1397	2.089304
1398	2.175683
1399	1.702028
1400	1.907485
1401	1.732888
1402	1.787568
1403	2.129898
1404	2.285323
1405	2.578120
1406	2.020551
1407	1.975170
1408	1.913795
1409	1.925201
1410	4.130676
1411	1.760143
1412	2.062062
1413	3.826042
1414	1.942035
1415	4.709937
1416	1.908219
1417	1.909214
1418	3.634179
1419	1.880133
1420	2.510260
1421	1.858414
1422	2.015639
1423	1.748088
1424	1.983079
1425	2.188653
1426	2.130686
1427	1.873529
1428	2.051876
1429	2.717094
1430	2.058227
1431	1.852229
1432	2.161435
1433	1.939148
1434	2.282760
1435	1.886317
1436	1.762099
1437	2.078582
1438	1.892775
1439	2.958948
1440	2.580737
1441	3.030645
1442	2.873274
1443	3.002569
1444	5.746899
1445	2.640116
1446	2.158847
1447	2.067877
1448	1.763437
1449	2.215980
1450	4.253277
1451	2.312597
1452	2.108838
1453	2.144644
1454	1.889018
1455	4.690786
1456	1.796999
1457	3.346517
1458	1.831884
1459	1.886876
1460	1.810690
1461	1.974108
1462	1.759632
1463	2.329335
1464	1.792234
1465	3.325189
1466	3.918901
1467	1.972638
1468	3.403483
1469	2.516365
1470	1.916924
1471	1.943037
1472	1.858012
1473	4.118316
1474	2.156896
1475	1.949384
1476	2.015862
1477	1.994040
1478	1.993639
1479	2.016779
1480	2.018565
1481	1.870265
1482	2.026719
1483	1.718748
1484	1.867216
1485	2.034550
1486	2.221666
1487	2.266652
1488	3.604151
1489	1.854238
1490	2.286676
1491	1.956169
1492	1.873981
1493	1.830138
1494	4.123592
1495	1.891665
1496	4.038490
1497	2.168431
1498	4.083699
1499	1.723543
1500	2.263139
1501	5.447256
1502	2.087225
1503	1.913872
1504	2.143689
1505	2.307639
1506	1.782976
1507	2.207578
1508	1.732656
1509	1.572799
1510	3.748665
1511	1.925565
1512	2.508405
1513	3.664654
1514	2.205198
1515	3.378536
1516	1.809780
1517	1.991835
1518	2.251776
1519	2.203838
1520	1.940750
1521	1.733953
1522	1.848028
1523	1.923903
1524	1.873631
1525	2.134501
1526	1.837474
1527	1.865612
1528	1.917755
1529	1.799502
1530	1.631228
1531	1.971449
1532	2.069129
1533	2.237880
1534	3.722176
1535	3.427892
1536	1.897918
1537	2.241894
1538	1.967891
1539	4.101338
1540	1.917993
1541	2.916180
1542	1.949512
1543	1.864968
1544	1.950921
1545	2.176464
1546	1.833822
1547	2.171475
1548	1.915957
1549	1.913453
1550	1.946509
1551	2.035018
1552	1.963186
1553	1.737874
1554	1.806460
1555	3.811103
1556	3.764293
1557	2.044162
1558	2.161735
1559	3.249361
0	2.120235
1	5.219903
2	4.422703
3	4.054602
4	3.840028
5	4.688966
6	4.662595
7	4.062153
8	4.414219
9	4.189915
10	1.877497
11	5.415781
12	5.635811
13	3.442163
14	3.420729
15	2.919266
16	4.248085
17	1.806074
18	5.270788
19	3.885383
20	5.973553
21	2.935764
22	3.428730
23	6.063640
24	3.682351
25	5.215544
26	3.811167
27	5.456278
28	4.071868
29	3.911892
30	3.567364
31	3.555405
32	3.858728
33	4.929714
34	3.609489
35	5.334548
36	4.441106
37	3.544531
38	4.677618
39	3.319925
40	3.624171
41	4.947656
42	3.504583
43	3.631651
44	3.579808
45	4.727579
46	3.432244
47	3.156803
48	4.902664
49	3.898026
50	3.537614
51	3.539225
52	4.048580
53	5.739904
54	3.667766
55	3.380961
56	4.644526
57	3.740536
58	2.868782
59	3.734462
60	4.658593
61	3.602512
62	3.614015
63	3.821440
64	4.091808
65	4.041212
66	3.751984
67	4.500723
68	4.643825
69	3.221025
70	5.637883
71	2.982398
72	4.235575
73	3.585821
74	4.639461
75	1.772594
76	3.815062
77	1.837909
78	3.792978
79	1.962193
80	2.239331
81	4.825777
82	3.813108
83	4.110096
84	4.094742
85	3.924614
86	3.511325
87	3.275425
88	3.541087
89	3.449089
90	4.837240
91	3.472262
92	4.017711
93	2.404351
94	3.823167
95	3.843916
96	4.040532
97	3.133001
98	3.863807
99	1.834721
100	3.487205
101	4.230199
102	4.230237
103	4.354378
104	3.737552
105	5.875184
106	3.993042
107	3.610000
108	3.050590
109	1.920469
110	1.786113
111	3.470706
112	2.018463
113	3.635890
114	4.403159
115	3.423053
116	3.132619
117	4.142053
118	4.069717
119	6.578641
120	4.282117
121	3.864649
122	4.464686
123	3.552057
124	4.453259
125	5.661467
126	4.122971
127	4.316422
128	4.519169
129	4.560285
130	5.339971
131	5.417101
132	5.334876
133	4.011395
134	4.168765
135	4.374392
136	6.289270
137	3.530240
138	3.563046
139	4.206541
140	5.143948
141	5.764107
142	4.974173
143	5.348402
144	4.075831
145	3.450986
146	3.230450
147	3.381892
148	3.865176
149	3.797855
150	4.533971
151	5.125904
152	4.613220
153	4.132482
154	5.411116
155	4.990022
156	4.014623
157	4.369861
158	3.871293
159	3.653905
160	4.711667
161	3.737645
162	4.590916
163	5.049419
164	3.526288
165	4.015319
166	2.854679
167	4.417600
168	4.388927
169	4.589824
170	4.398557
171	4.566278
172	1.885894
173	4.165790
174	4.999810
175	3.616549
176	4.126914
177	3.862059
178	4.481853
179	4.028946
180	3.133466
181	3.010218
182	3.906471
183	3.790543
184	1.942087
185	3.655147
186	2.561327
187	4.414079
188	2.578952
189	3.794141
190	2.784332
191	4.133676
192	5.763722
193	4.237052
194	2.260663
195	4.090012
196	2.166032
197	2.233787
198	5.204392
199	4.177569
200	4.636067
201	4.374814
202	7.306578
203	3.689078
204	3.654848
205	5.019910
206	4.319791
207	3.866833
208	3.589848
209	3.672439
210	3.994122
211	3.859405
212	4.986171
213	4.044513
214	5.901746
215	3.887533
216	4.153600
217	3.750760
218	3.810592
219	6.284912
220	4.248904
221	5.183694
222	4.711709
223	4.068979
224	4.558915
225	3.874466
226	5.949531
227	4.782444
228	2.235396
229	5.518523
230	5.354548
231	4.414953
232	3.698836
233	3.315148
234	5.147991
235	3.835688
236	4.838122
237	3.549593
238	7.373472
239	4.223717
240	4.174806
241	3.484911
242	4.248071
243	4.473456
244	4.408412
245	4.877798
246	3.995661
247	3.781811
248	4.361421
249	5.338211
250	4.525961
251	4.228300
252	4.178326
253	4.480368
254	5.144814
255	3.263896
256	4.468837
257	4.067850
258	5.527403
259	4.293285
260	4.145371
261	3.389645
262	3.070080
263	3.807848
264	2.835490
265	3.770120
266	7.047980
267	4.996859
268	4.526400
269	3.590109
270	4.901204
271	4.487906
272	4.366269
273	3.574551
274	4.550977
275	3.919249
276	3.699242
277	3.549121
278	3.873657
279	4.074830
280	4.157038
281	4.196415
282	4.717699
283	4.401885
284	5.599814
285	3.658935
286	4.248163
287	5.931274
288	4.565062
289	5.245227
290	4.726599
291	4.057948
292	3.384679
293	4.334848
294	4.146999
295	6.907422
296	6.080231
297	6.059250
298	3.950367
299	5.944213
300	4.204735
301	3.531374
302	3.918289
303	4.944754
304	5.177881
305	3.612603
306	4.474069
307	4.679348
308	3.692842
309	3.145315
310	4.131658
311	3.884712
312	4.496687
313	3.368055
314	4.022472
315	3.932851
316	3.884098
317	1.982675
318	3.892981
319	4.804748
320	5.085912
321	5.178890
322	7.121047
323	4.533873
324	3.730871
325	5.001381
326	3.676711
327	3.331754
328	5.309359
329	3.604623
330	2.955774
331	6.176650
332	3.752241
333	6.024134
334	3.680584
335	5.789810
336	3.940279
337	4.797646
338	5.768499
339	4.249293
340	2.107699
341	2.156526
342	4.508780
343	4.783156
344	4.186478
345	2.854208
346	3.357633
347	4.101354
348	4.298408
349	3.525309
350	3.810171
351	3.126724
352	3.697608
353	3.541229
354	4.947818
355	4.881670
356	2.028718
357	4.479442
358	3.343681
359	5.031561
360	3.494313
361	3.143310
362	1.736836
363	3.042729
364	2.111871
365	4.719758
366	1.904757
367	2.043993
368	1.977498
369	2.316571
370	2.530949
371	1.760823
372	1.824362
373	4.357854
374	4.474082
375	2.083412
376	1.720261
377	2.389393
378	4.741055
379	2.945199
380	2.256923
381	2.081177
382	2.171635
383	1.896629
384	2.010000
385	2.028521
386	1.952587
387	1.940361
388	1.864538
389	2.065357
390	1.900658
391	3.905715
392	2.350402
393	2.282499
394	2.127299
395	1.971801
396	2.655354
397	2.250977
398	3.318342
399	1.868422
400	3.622636
401	1.923903
402	3.383207
403	1.937757
404	1.936103
405	4.245624
406	2.531916
407	5.425548
408	3.737532
409	1.845612
410	3.529189
411	4.002574
412	3.737695
413	2.495622
414	1.862699
415	1.935899
416	1.958240
417	1.863921
418	1.949819
419	2.456705
420	3.077157
421	2.000124
422	3.136971
423	3.265096
424	4.137155
425	2.481650
426	1.803385
427	2.195132
428	2.162361
429	2.264267
430	1.947975
431	3.225725
432	1.964614
433	5.047941
434	2.041666
435	4.991552
436	6.794896
437	3.892362
438	4.303426
439	3.977210
440	6.238781
441	4.025531
442	5.093309
443	5.137013
444	5.714626
445	1.812262
446	3.309439
447	3.876880
448	5.645360
449	4.137536
450	2.440266
451	5.311912
452	3.180487
453	3.961226
454	2.074271
455	3.241929
456	2.142473
457	3.034829
458	1.985700
459	3.129391
460	2.213078
461	4.009748
462	2.788439
463	1.824225
464	1.965757
465	4.535160
466	4.742743
467	3.453133
468	4.926828
469	3.652863
470	3.604014
471	3.574059
472	4.732644
473	1.878429
474	3.779856
475	2.475076
476	4.277267
477	5.700780
478	2.186435
479	4.738249
480	3.275271
481	3.854829
482	1.898762
483	1.825266
484	2.076270
485	3.173029
486	1.822361
487	3.654957
488	1.836735
489	3.211771
490	2.866671
491	4.049984
492	2.567335
493	3.695685
494	3.116297
495	1.923485
496	3.671145
497	3.736015
498	2.041102
499	2.661785
500	3.920012
501	2.956265
502	3.610108
503	3.120415
504	1.980126
505	4.762050
506	5.061464
507	4.962911
508	2.045628
509	3.747492
510	4.367425
511	4.022112
512	4.534520
513	4.481194
514	4.244410
515	5.122561
516	4.627676
517	2.709205
518	3.943741
519	3.809892
520	3.092750
521	2.737153
522	4.736641
523	5.292222
524	3.309214
525	3.839231
526	2.873278
527	4.317823
528	4.095480
529	3.963446
530	3.397453
531	4.126606
532	4.124280
533	1.815957
534	3.871547
535	2.035393
536	3.532662
537	6.984007
538	2.679776
539	2.255393
540	4.021304
541	2.116908
542	4.835465
543	3.666583
544	4.032988
545	4.083360
546	4.224973
547	4.897295
548	3.891015
549	3.881391
550	4.331510
551	4.355525
552	4.469910
553	3.923301
554	4.156608
555	4.942207
556	5.834998
557	4.494551
558	5.850417
559	4.354228
560	4.346056
561	4.564745
562	4.485822
563	7.420708
564	4.366719
565	6.979297
566	4.491292
567	3.433861
568	4.520939
569	4.433351
570	4.653224
571	4.202594
572	4.204593
573	4.169581
574	4.114536
575	4.457117
576	3.931284
577	4.400694
578	4.269766
579	5.360494
580	4.275056
581	3.777221
582	3.646973
583	4.446403
584	4.539869
585	4.264000
586	4.329676
587	3.911138
588	4.468288
589	3.966988
590	5.223468
591	5.718715
592	6.309112
593	3.593785
594	4.119515
595	4.112943
596	4.181936
597	4.245150
598	4.061194
599	4.064800
600	4.255973
601	3.818298
602	4.178398
603	4.058436
604	4.942721
605	5.848119
606	4.856759
607	4.541607
608	4.343950
609	3.379259
610	4.467540
611	3.979471
612	5.475354
613	4.147339
614	4.040359
615	4.820518
616	2.346848
617	5.810413
618	3.291884
619	5.246159
620	4.023004
621	3.417965
622	3.739171
623	3.457325
624	4.306437
625	5.751107
626	4.162571
627	5.425147
628	4.994157
629	4.981113
630	4.551330
631	4.225139
632	3.397691
633	3.756728
634	2.129412
635	3.464057
636	5.341473
637	5.265450
638	3.609616
639	5.538124
640	2.037561
641	3.471973
642	5.233175
643	3.779551
644	4.261798
645	3.963697
646	3.567327
647	4.914531
648	3.607657
649	2.324348
650	1.833986
651	4.089646
652	4.574932
653	3.437459
654	4.125554
655	4.219347
656	3.379199
657	1.856611
658	3.516902
659	2.517084
660	3.629366
661	3.297529
662	3.836956
663	4.133387
664	3.992521
665	4.429783
666	4.098854
667	4.823587
668	6.192000
669	4.260929
670	4.581014
671	3.970630
672	4.755294
673	4.705888
674	3.922893
675	4.734786
676	4.045996
677	4.287013
678	4.096793
679	2.240378
680	4.878697
681	4.256123
682	1.693077
683	5.711266
684	5.969001
685	4.170673
686	4.035085
687	4.179831
688	5.935695
689	6.373145
690	3.796220
691	5.011754
692	2.074657
693	4.378106
694	7.453013
695	5.660204
696	4.506973
697	2.090669
698	4.208077
699	4.789353
700	2.178324
701	4.347200
702	5.027027
703	5.428758
704	4.048777
705	4.265553
706	4.078859
707	7.226311
708	4.571223
709	3.403543
710	5.207274
711	4.904905
712	4.149866
713	2.990066
714	4.112678
715	5.440710
716	4.464718
717	4.059102
718	4.655180
719	4.727938
720	3.914537
721	4.406667
722	4.809168
723	2.101570
724	3.032376
725	4.623894
726	3.512278
727	4.255232
728	4.794100
729	4.114378
730	4.400249
731	3.676262
732	2.569727
733	2.019652
734	1.837090
735	3.600152
736	4.534071
737	3.747826
738	4.943954
739	4.000262
740	2.109169
741	3.169383
742	2.425985
743	2.501559
744	2.496895
745	2.511474
746	1.957679
747	2.736328
748	5.081132
749	4.612256
750	2.153345
751	3.848767
752	2.555876
753	3.630826
754	4.086049
755	5.454932
756	3.951177
757	1.963697
758	1.841736
759	4.193445
760	2.050585
761	1.792096
762	2.363778
763	3.408864
764	1.933368
765	1.831556
766	3.439679
767	2.041490
768	4.176946
769	3.271376
770	5.108366
771	3.652266
772	3.584870
773	2.113623
774	3.391710
775	2.123912
776	2.030295
777	4.149086
778	4.564713
779	3.331081
780	3.700378
781	1.817167
782	3.060619
783	2.212555
784	2.819450
785	3.443208
786	1.976334
787	3.488469
788	2.761180
789	1.848026
790	3.535337
791	2.029235
792	3.679375
793	4.607571
794	5.207387
795	5.160628
796	3.736123
797	4.051110
798	4.774317
799	3.318883
800	4.220094
801	2.118228
802	5.590033
803	3.290748
804	3.774858
805	3.636222
806	2.463067
807	3.331756
808	2.664189
809	3.255699
810	2.131376
811	1.802117
812	1.909634
813	2.075836
814	2.589323
815	4.531193
816	4.879456
817	2.498600
818	2.232375
819	2.205199
820	3.740736
821	5.342706
822	4.020111
823	5.115477
824	3.903577
825	5.774572
826	3.528314
827	3.539761
828	5.533425
829	2.924689
830	4.744111
831	2.937292
832	2.053753
833	5.115009
834	1.711756
835	3.497016
836	1.998478
837	3.237502
838	3.952241
839	1.890693
840	4.467520
841	2.169284
842	2.421697
843	2.168500
844	2.802036
845	3.667369
846	5.189654
847	2.070849
848	4.138574
849	3.467533
850	2.201339
851	3.300344
852	2.086639
853	3.949127
854	1.938659
855	2.486790
856	2.860524
857	1.813336
858	3.344876
859	4.337496
860	1.974031
861	2.099890
862	4.382071
863	4.243753
864	2.181809
865	4.429407
866	1.844179
867	2.521052
868	4.543180
869	1.934967
870	2.220832
871	1.925042
872	2.110187
873	1.908433
874	1.902469
875	1.809007
876	3.322936
877	1.874276
878	4.797700
879	3.548663
880	3.818859
881	4.288554
882	3.683270
883	4.248422
884	3.534768
885	5.055989
886	4.170902
887	4.128375
888	3.234900
889	4.335020
890	3.553843
891	3.486111
892	1.739800
893	4.320074
894	1.916361
895	3.361381
896	2.194175
897	2.621509
898	1.949113
899	2.206106
900	3.780518
901	1.761648
902	3.424471
903	3.786727
904	2.047001
905	1.862390
906	1.817060
907	2.051656
908	1.820469
909	3.803272
910	2.110094
911	3.458467
912	1.765388
913	3.277885
914	4.817011
915	3.909436
916	3.097276
917	3.283855
918	2.954897
919	2.032587
920	2.365967
921	2.081179
922	1.893858
923	2.017201
924	1.948898
925	2.299521
926	2.664693
927	1.946716
928	3.028761
929	2.459977
930	3.641714
931	1.881863
932	1.869596
933	2.023091
934	2.041200
935	2.189082
936	1.791593
937	2.186915
938	2.264531
939	2.409501
940	2.974947
941	2.065525
942	2.137812
943	3.157735
944	2.869999
945	4.756407
946	2.323965
947	1.737645
948	1.834938
949	1.964917
950	1.890952
951	2.865557
952	4.830685
953	3.431399
954	2.024378
955	2.147790
956	3.389881
957	3.787453
958	4.505522
959	2.049483
960	3.292944
961	3.710023
962	4.586276
963	1.935689
964	3.386013
965	2.069222
966	4.942014
967	1.944440
968	1.762640
969	5.069856
970	1.907983
971	3.754853
972	3.756664
973	2.569608
974	3.486042
975	3.673921
976	1.952920
977	3.085611
978	4.391037
979	1.867726
980	3.215622
981	1.902733
982	4.976633
983	4.640185
984	3.954999
985	4.206528
986	3.326533
987	1.986002
988	3.239763
989	1.966214
990	2.089448
991	3.571903
992	3.100659
993	4.476729
994	1.785664
995	2.804764
996	2.161965
997	2.210227
998	3.246199
999	3.793994
1000	3.750101
1001	4.840210
1002	4.802301
1003	5.002839
1004	4.047590
1005	2.276248
1006	1.975118
1007	3.517881
1008	4.542332
1009	3.474491
1010	3.145762
1011	4.806606
1012	3.276048
1013	2.180894
1014	3.420956
1015	3.268670
1016	2.111161
1017	2.156367
1018	1.984610
1019	4.575611
1020	2.960392
1021	2.041782
1022	4.881258
1023	3.695262
1024	4.979689
1025	2.124259
1026	4.099035
1027	5.263703
1028	5.261466
1029	2.761190
1030	2.039727
1031	4.480920
1032	5.528960
1033	1.626806
1034	3.857950
1035	1.912617
1036	1.762077
1037	1.826992
1038	4.614962
1039	4.843676
1040	1.951513
1041	2.145812
1042	1.830571
1043	3.721892
1044	2.050096
1045	3.613106
1046	1.911727
1047	2.095062
1048	3.730562
1049	5.788936
1050	4.488867
1051	1.951976
1052	1.939405
1053	1.924080
1054	2.495400
1055	1.931372
1056	2.206943
1057	1.861560
1058	2.119199
1059	2.367801
1060	1.904020
1061	2.972038
1062	1.958900
1063	2.067584
1064	2.604057
1065	2.333322
1066	2.425222
1067	2.187305
1068	1.787459
1069	2.201676
1070	3.375575
1071	1.763691
1072	2.101856
1073	2.227309
1074	4.830651
1075	2.210589
1076	5.143245
1077	5.153445
1078	4.609227
1079	5.336544
1080	4.172840
1081	4.445323
1082	3.510911
1083	2.776131
1084	2.018944
1085	2.001849
1086	1.723514
1087	2.138644
1088	3.901051
1089	1.907695
1090	3.844553
1091	2.076028
1092	2.176120
1093	1.989045
1094	2.121932
1095	1.939098
1096	5.753999
1097	4.513510
1098	3.248338
1099	1.781600
1100	2.589479
1101	1.899921
1102	1.858873
1103	1.851431
1104	2.319721
1105	2.095780
1106	3.200954
1107	2.495695
1108	2.045506
1109	1.807124
1110	5.250782
1111	4.511829
1112	4.581123
1113	4.281801
1114	3.993457
1115	2.027660
1116	2.730439
1117	4.338029
1118	4.867958
1119	3.450809
1120	4.764718
1121	3.960099
1122	4.199153
1123	1.830467
1124	4.186285
1125	4.719025
1126	3.247621
1127	2.510018
1128	3.945645
1129	3.581994
1130	4.616936
1131	5.615274
1132	4.629246
1133	5.076356
1134	4.149695
1135	4.069815
1136	3.631116
1137	3.983427
1138	3.504324
1139	3.498730
1140	3.555307
1141	2.145461
1142	1.800804
1143	2.542677
1144	1.822143
1145	2.181190
1146	2.086842
1147	4.494052
1148	3.518307
1149	3.538037
1150	4.130414
1151	1.840679
1152	2.310583
1153	2.052587
1154	1.873843
1155	2.213800
1156	1.998477
1157	1.854969
1158	1.970662
1159	2.319829
1160	2.086576
1161	2.412697
1162	1.946821
1163	1.995417
1164	1.977904
1165	1.877924
1166	2.277300
1167	3.666112
1168	2.429918
1169	1.882369
1170	2.161159
1171	1.987006
1172	1.967458
1173	1.830330
1174	1.881223
1175	1.844044
1176	2.131600
1177	1.965322
1178	2.100166
1179	2.024277
1180	1.900525
1181	1.838562
1182	2.327768
1183	1.821346
1184	1.923173
1185	4.820724
1186	3.894626
1187	4.905371
1188	3.743715
1189	3.961235
1190	1.823975
1191	4.565940
1192	4.127343
1193	5.725857
1194	4.468759
1195	3.940047
1196	6.720768
1197	4.293096
1198	4.535915
1199	3.754579
1200	4.018081
1201	6.026120
1202	3.737770
1203	3.811998
1204	1.969928
1205	2.070774
1206	4.190216
1207	4.952958
1208	3.656253
1209	3.834237
1210	5.056821
1211	4.427712
1212	3.615561
1213	3.662130
1214	3.227420
1215	5.225197
1216	3.311996
1217	3.445722
1218	3.153888
1219	4.899065
1220	4.331514
1221	3.816651
1222	3.396131
1223	2.059828
1224	3.238439
1225	4.548825
1226	2.093137
1227	2.007736
1228	2.325277
1229	1.985698
1230	3.000133
1231	3.239664
1232	2.388329
1233	2.160024
1234	2.317409
1235	1.924212
1236	2.035337
1237	2.798108
1238	3.140736
1239	3.576497
1240	5.997622
1241	1.799500
1242	5.336888
1243	2.175639
1244	1.858762
1245	2.272465
1246	3.088074
1247	3.438311
1248	1.794824
1249	3.869481
1250	3.684308
1251	2.017373
1252	1.758235
1253	3.718946
1254	3.962122
1255	3.519953
1256	3.540142
1257	1.844400
1258	4.861001
1259	1.775613
1260	2.054512
1261	1.963798
1262	2.228279
1263	2.053410
1264	2.143013
1265	2.197706
1266	3.053046
1267	1.863012
1268	1.993615
1269	3.691946
1270	6.998391
1271	3.459036
1272	3.773517
1273	4.372072
1274	5.514953
1275	4.060370
1276	4.373840
1277	4.140402
1278	3.469494
1279	3.642816
1280	5.653556
1281	5.587630
1282	3.541824
1283	3.927924
1284	3.443397
1285	3.844102
1286	1.886822
1287	3.513789
1288	3.562480
1289	4.511151
1290	4.062586
1291	4.477365
1292	1.955993
1293	2.737769
1294	1.996847
1295	3.993807
1296	4.623433
1297	4.273978
1298	3.732065
1299	3.927582
1300	4.321212
1301	3.204836
1302	3.828278
1303	4.447426
1304	2.936625
1305	3.799004
1306	3.491997
1307	2.120642
1308	2.127604
1309	2.379708
1310	4.615885
1311	4.118738
1312	2.136559
1313	3.205310
1314	3.324179
1315	3.831594
1316	4.394889
1317	3.937011
1318	1.976086
1319	3.500584
1320	2.032834
1321	1.855940
1322	5.419723
1323	2.594957
1324	1.917005
1325	4.906112
1326	2.226947
1327	3.010597
1328	2.066181
1329	4.131561
1330	2.912335
1331	4.681819
1332	5.177904
1333	4.952394
1334	4.924031
1335	4.349208
1336	1.878749
1337	3.268901
1338	2.008704
1339	2.168689
1340	2.032385
1341	1.991455
1342	3.850473
1343	3.750345
1344	4.472385
1345	3.886661
1346	2.003351
1347	1.826174
1348	3.522014
1349	3.988162
1350	1.885974
1351	4.956532
1352	3.675012
1353	2.144640
1354	1.989366
1355	4.562303
1356	5.455376
1357	3.649286
1358	3.743881
1359	3.782346
1360	3.272563
1361	4.530608
1362	4.009397
1363	2.000878
1364	3.714315
1365	3.740388
1366	2.118181
1367	1.780132
1368	1.874756
1369	1.943805
1370	2.026946
1371	2.151134
1372	3.689923
1373	1.861260
1374	3.801662
1375	2.486081
1376	4.539838
1377	3.563784
1378	3.265969
1379	4.401015
1380	4.013416
1381	4.307721
1382	2.241251
1383	4.630321
1384	5.283951
1385	4.678298
1386	3.586762
1387	3.406777
1388	2.916795
1389	2.199318
1390	4.429387
1391	5.081203
1392	4.737989
1393	4.135793
1394	3.642768
1395	4.356615
1396	3.281047
1397	2.658808
1398	1.856470
1399	3.798988
1400	3.460567
1401	3.618687
1402	2.546394
1403	4.638741
1404	4.926359
1405	2.933347
1406	2.261086
1407	3.717166
1408	5.686346
1409	4.719645
1410	3.841695
1411	4.673602
1412	4.790332
1413	3.790570
1414	2.996281
1415	3.914614
1416	4.336383
1417	3.683777
1418	3.387328
1419	3.805399
1420	2.231591
1421	5.587825
1422	3.504554
1423	1.872995
1424	3.950285
1425	3.393360
1426	3.207007
1427	1.842227
1428	3.539535
1429	4.725367
1430	4.012554
1431	3.331335
1432	4.150627
1433	5.213002
1434	3.584091
1435	4.477167
1436	5.019174
1437	3.460548
1438	3.267832
1439	2.337735
1440	2.111351
1441	1.867642
1442	3.764093
1443	3.599736
1444	4.081496
1445	5.628126
1446	3.380296
1447	4.650181
1448	2.399354
1449	5.086904
1450	6.040311
1451	4.872342
1452	3.906466
1453	4.024037
1454	3.341394
1455	1.921926
1456	4.344672
1457	4.347149
1458	4.050045
1459	4.474687
1460	3.586002
1461	3.809997
1462	5.536163
1463	3.782962
1464	4.634922
1465	5.282326
1466	4.036946
1467	4.202127
1468	2.034630
1469	4.377275
1470	3.473461
1471	4.178816
1472	4.618834
1473	5.098285
1474	4.461895
1475	4.903677
1476	3.302563
1477	3.365184
1478	4.262415
1479	1.985826
1480	5.417902
1481	3.918020
1482	4.002497
1483	4.933259
1484	5.297118
1485	5.156480
1486	4.779400
1487	3.303041
1488	3.713501
1489	3.862067
1490	3.807617
1491	3.221704
1492	3.955992
1493	1.826962
1494	2.275850
1495	1.906017
1496	2.144234
1497	2.979959
1498	4.102169
1499	3.989054
1500	3.632484
1501	4.191396
1502	4.361537
1503	4.212679
1504	4.097458
1505	4.127428
1506	4.181983
1507	3.912567
1508	3.773833
1509	3.448099
1510	1.785355
1511	3.337383
1512	2.132088
1513	3.328058
1514	4.962152
1515	4.337495
1516	3.817099
1517	4.252130
1518	3.697382
1519	5.431519
1520	3.645718
1521	2.102972
1522	1.977802
1523	2.028397
1524	4.944902
1525	5.366038
1526	4.425442
1527	4.955289
1528	4.260762
1529	4.948112
1530	4.138176
1531	4.507473
1532	5.507139
1533	4.123422
1534	3.751506
1535	5.111334
1536	5.629645
1537	3.662754
1538	4.474127
1539	4.294194
1540	2.165776
1541	3.964720
1542	3.871617
1543	5.047185
1544	4.674224
1545	4.425110
1546	3.551254
1547	5.496411
1548	4.027162
1549	4.224548
1550	5.431328
1551	3.144934
1552	3.960258
1553	4.491659
1554	5.004889
1555	3.202206
1556	2.092222
1557	1.870452
1558	3.283690
1559	3.795075
1560	3.995394
1561	4.574471
1562	3.360563
1563	5.026231
1564	1.816728
1565	4.862405
1566	4.357706
1567	4.799969
1568	4.884014
1569	4.763288
1570	3.083505
