0	2.848195
1	3.247612
2	3.215802
3	3.638131
4	4.104144
5	3.758855
6	3.720350
7	3.040675
8	3.218603
9	3.579176
10	3.303785
11	3.557652
12	3.718617
13	3.511482
14	3.500485
15	3.195890
16	2.168273
17	2.760653
18	1.898447
19	3.489716
20	1.944918
21	3.306251
22	2.568133
23	3.484913
24	3.064784
25	3.624443
26	3.460953
27	2.968786
28	3.278353
29	3.535606
30	3.009235
31	3.093251
32	3.154601
33	3.125153
34	3.576380
35	3.204293
36	3.561755
37	3.144821
38	3.421474
39	3.559590
40	3.306977
41	3.015658
42	3.456240
43	3.015907
44	3.515593
45	3.076524
46	2.923255
47	3.527747
48	3.452811
49	3.458121
50	3.162184
51	3.337140
52	3.408418
53	3.331277
54	3.103771
55	3.675951
56	3.204838
57	3.551184
58	3.326891
59	3.301588
60	3.329742
61	3.267123
62	3.225584
63	3.551044
64	2.884875
65	3.309305
66	3.336555
67	2.976003
68	3.138678
69	3.147617
70	3.234656
71	3.010083
72	3.199922
73	3.347432
74	3.390515
75	3.373219
76	3.236511
77	3.258726
78	3.378240
79	3.779564
80	3.311087
81	3.133448
82	3.339116
83	3.651042
84	3.284661
85	3.389323
86	3.619986
87	2.981896
88	3.446867
89	3.546957
90	3.244779
91	3.305660
92	3.614748
93	3.165723
94	3.342484
95	3.094027
96	3.184746
97	2.700166
98	2.936750
99	3.253429
100	3.410425
101	3.804945
102	3.374018
103	3.424689
104	3.416504
105	3.288252
106	3.256670
107	3.398132
108	3.529901
109	3.567100
110	3.295619
111	3.390073
112	3.288132
113	3.288783
114	3.455748
115	3.028698
116	3.095076
117	3.167649
118	3.348357
119	3.513686
120	3.435362
121	2.753634
122	3.475243
123	3.205091
124	3.438401
125	2.185360
126	3.442820
127	3.164222
128	3.254258
129	3.078929
130	3.787148
131	3.471613
132	3.337439
133	3.586225
134	3.599485
135	3.404028
136	3.450278
137	3.142238
138	3.363525
139	2.991018
140	3.487200
141	3.353817
142	3.297839
143	3.350599
144	3.450226
145	3.323359
146	3.348749
147	3.575374
148	3.913642
149	3.517443
150	3.591413
151	3.079513
152	3.378015
153	3.583405
154	3.836863
155	3.622588
156	3.346371
157	3.839841
158	3.333301
159	3.115797
160	3.817237
161	3.299167
162	3.419721
163	3.549761
164	3.549774
165	3.906348
166	3.371897
167	3.796234
168	3.925607
169	3.368992
170	3.685838
171	3.403836
172	3.404027
173	3.501913
174	3.549450
175	3.737619
176	4.026984
177	3.360089
178	3.865580
179	3.510413
180	3.338264
181	3.637430
182	3.148618
183	3.230881
184	3.773355
185	3.165517
186	3.015063
187	3.218416
188	3.488109
189	3.474206
190	3.632905
191	3.366704
192	3.440120
193	3.471785
194	3.237439
195	3.305277
196	3.782433
197	3.756760
198	3.038601
199	3.630238
200	3.505652
201	3.394340
202	3.679680
203	3.309053
204	4.081180
205	3.097419
206	3.786907
207	3.493337
208	3.198344
209	3.533483
210	3.601707
211	3.311196
212	3.725688
213	3.310649
214	3.201080
215	3.712046
216	3.698931
217	3.354162
218	3.350912
219	3.971274
220	3.367163
221	3.490187
222	3.740666
223	3.294251
224	3.482355
225	3.733175
226	3.306811
227	3.837199
228	3.214420
229	3.692629
230	3.197874
231	3.112765
232	3.480546
233	3.997499
234	3.111334
235	3.125667
236	3.314468
237	3.560478
238	4.003511
239	3.745410
240	3.649027
241	3.157357
242	3.222313
243	3.630399
244	3.331156
245	3.862486
246	3.740134
247	3.488755
248	3.667219
249	3.322560
250	3.116473
251	3.152316
252	3.675446
253	3.260568
254	3.806796
255	3.486116
256	3.146188
257	3.538671
258	3.814879
259	2.903808
260	3.223136
261	3.643983
262	3.450653
263	3.412142
264	3.424909
265	3.630563
266	3.017363
267	3.195011
268	3.649246
269	3.543458
270	3.255933
271	3.250261
272	3.628250
273	3.595512
274	3.651247
275	3.035028
276	3.352027
277	3.519105
278	3.668544
279	3.528103
280	3.595401
281	3.425041
282	3.721209
283	3.746218
284	3.996624
285	3.180629
286	3.321595
287	3.041374
288	3.315371
289	3.391710
290	3.593908
291	3.540282
292	3.396235
293	3.093267
294	3.108214
295	3.635231
296	2.544445
297	3.517698
298	3.320391
299	3.282819
300	3.283489
301	3.392005
302	3.916362
303	3.900333
304	3.599360
305	3.335881
306	3.431661
307	3.421462
308	3.268486
309	2.753197
310	3.473039
311	3.651328
312	2.866182
313	3.021009
314	3.253460
315	3.003098
316	3.260230
317	3.382972
318	3.388362
319	3.497714
320	3.492291
321	3.482586
322	3.489540
323	3.588647
324	3.436873
325	3.703863
326	3.225430
327	2.869896
328	3.661148
329	3.551423
330	3.296559
331	3.065356
332	3.559227
333	3.538517
334	3.379557
335	3.323327
336	3.000350
337	3.645134
338	3.858627
339	3.328784
340	3.859340
341	3.371943
342	3.428949
343	2.992825
344	3.212367
345	3.494581
346	3.513489
347	3.626142
348	3.448028
349	3.379040
350	3.533849
351	3.120849
352	2.692879
353	3.143406
354	3.464650
355	3.343785
356	3.466497
357	3.786093
358	3.668420
359	3.112860
360	3.192961
361	3.702228
362	3.535463
363	3.265976
364	3.611593
365	3.535789
366	3.825193
367	3.259417
368	3.314046
369	3.342229
370	3.342005
371	3.430115
372	3.306492
373	3.447608
374	3.226049
375	3.343471
376	3.295618
377	3.320694
378	3.236063
379	3.592395
380	3.117307
381	3.427915
382	3.647643
383	3.336975
384	3.532435
385	3.521945
386	3.306448
387	3.370816
388	3.505667
389	3.560632
390	3.533114
391	3.719489
392	3.233404
393	3.570673
394	3.836352
395	3.359211
396	3.756674
397	3.414805
398	3.592366
399	3.799381
400	3.644462
401	3.644750
402	3.175690
403	3.652808
404	3.852401
405	3.507735
406	3.398602
407	3.309984
408	3.603193
409	3.832755
410	3.598753
411	3.539802
412	3.264383
413	3.773340
414	3.021953
415	2.724426
416	3.411642
417	3.395189
418	3.181777
419	3.606120
420	4.063239
421	3.379616
422	3.721748
423	3.673759
424	3.314000
425	4.316711
426	2.979346
427	3.116473
428	3.527165
429	3.181541
430	3.408400
431	3.272461
432	3.656514
433	3.337363
434	3.636756
435	3.399926
436	3.506223
437	3.874300
438	3.551408
439	3.198578
440	4.153853
441	3.644091
442	2.731538
443	3.282408
444	3.858782
445	3.325749
446	3.353638
447	3.282119
448	3.392005
449	3.561039
450	3.490631
451	3.202389
452	3.034650
453	3.807703
454	3.653026
455	3.723976
456	3.704133
457	3.436654
458	3.274431
459	3.325914
460	3.229210
461	3.222437
462	3.422412
463	3.561489
464	3.358586
465	3.237870
466	3.402836
467	3.271420
468	3.397012
469	3.724863
470	3.990111
471	3.562807
472	3.034302
473	3.718817
474	3.527847
475	3.589653
476	3.601750
477	3.126564
478	3.749426
479	3.573347
480	3.204059
481	3.389189
482	3.692615
483	3.080487
484	3.163968
485	3.727276
486	3.433861
487	3.573988
488	3.249447
489	3.587045
490	3.532322
491	3.368042
492	3.897525
493	3.127747
494	3.338039
495	3.368101
496	3.585932
497	3.026317
498	3.363614
499	3.346699
500	3.588329
501	3.148555
502	3.379143
503	3.402910
504	3.144646
505	3.790963
506	3.587395
507	3.361993
508	3.629394
509	3.330976
510	3.268822
511	3.542781
512	3.178743
513	3.666251
514	3.652328
515	3.774134
516	3.499043
517	3.425989
518	3.431063
519	3.768554
520	3.009270
521	3.357872
522	3.491990
523	3.298576
524	3.565698
525	3.406832
526	3.384171
527	3.501600
528	3.744249
529	3.380607
530	3.541722
531	3.555405
532	3.826826
533	3.355160
534	3.267493
535	3.572827
536	3.346477
537	3.687221
538	3.427900
539	3.149555
540	4.002824
541	3.666334
542	3.957903
543	3.296423
544	3.412257
545	3.264659
546	3.278262
547	3.097193
548	3.885434
549	3.355905
550	3.093364
551	2.964017
552	3.396012
553	3.592060
554	3.323056
555	3.398971
556	3.321521
557	3.628912
558	3.652903
559	3.393184
560	3.451725
561	3.998061
562	3.714255
563	3.589234
564	3.201953
565	3.350433
566	3.358467
567	3.497227
568	3.520312
569	3.655051
570	3.989160
571	3.177011
572	3.635849
573	3.428076
574	3.432857
575	3.238426
576	3.470116
577	3.377292
578	3.318870
579	3.140477
580	3.455792
581	3.594996
582	3.982136
583	3.494467
584	3.005628
585	2.977551
586	3.823795
587	3.250277
588	3.683992
589	3.878995
590	3.883528
591	3.987104
592	3.870233
593	3.285803
594	3.637637
595	3.672233
596	3.177719
597	3.570365
598	3.697905
599	3.975940
600	3.429373
601	3.518565
602	3.679253
603	3.264474
604	3.700959
605	3.733497
606	4.082768
607	3.735639
608	3.801197
609	3.458280
610	4.159063
611	3.581774
612	3.451870
613	3.497628
614	3.348283
615	3.786529
616	3.573640
617	3.824003
618	3.301288
619	3.956829
620	3.807125
621	3.397234
622	3.593925
623	3.522158
624	3.495025
625	3.844815
626	3.824735
627	3.246137
628	3.882615
629	3.462224
630	3.495497
631	3.746118
632	3.662376
633	3.579860
634	3.928945
635	3.409765
636	3.455053
637	3.544813
638	3.786054
639	3.541501
640	3.292204
641	3.356457
642	3.345250
643	2.950344
644	3.296393
645	3.216862
646	3.876261
647	3.381140
648	3.686218
649	3.383283
650	3.651110
651	3.745994
652	3.040411
653	3.394511
654	3.216713
655	3.508476
656	3.316846
657	3.476034
658	3.612438
659	3.308420
660	3.634392
661	3.410763
662	3.335313
663	3.583262
664	3.299409
665	3.418262
666	3.436306
667	3.382913
668	3.531799
669	3.349407
670	3.286450
671	3.208305
672	3.435296
673	3.762791
674	3.804246
675	3.744676
676	3.234393
677	3.763045
678	3.563159
679	4.014212
680	3.662813
681	4.375546
682	3.427958
683	3.758485
684	3.490402
685	3.936965
686	3.526882
687	4.000412
688	3.505582
689	3.266084
690	3.304603
691	3.679973
692	3.632093
693	3.291960
694	3.613474
695	2.989114
696	3.686705
697	3.457412
698	3.524897
699	3.307583
700	3.351612
701	3.704875
702	3.790170
703	3.483116
704	3.532053
705	3.359256
706	3.679497
707	3.660520
708	3.878658
709	3.355160
710	3.373516
711	3.168613
712	3.680150
713	3.450449
714	3.411244
715	3.537881
716	3.187018
717	3.826540
718	3.699649
719	3.657609
720	3.451028
721	3.285089
722	3.291218
723	3.397676
724	3.665514
725	3.189828
726	3.300484
727	3.645574
728	3.800749
729	3.204966
730	3.629300
731	3.622556
732	2.747272
733	3.524202
734	3.837890
735	3.128978
736	3.250785
737	3.657773
738	3.306871
739	3.047654
740	3.292324
741	3.282073
742	3.553379
743	3.223677
744	3.223134
745	3.506308
746	2.984913
747	3.199547
748	3.674833
749	3.430845
750	3.469367
751	3.289164
752	3.541454
753	3.245258
754	3.224827
755	3.250231
756	3.348193
757	3.283687
758	3.302681
759	3.228530
760	3.706265
761	3.231610
762	3.402484
763	3.584996
764	3.280900
765	3.169022
766	3.236866
767	3.154775
768	3.321522
769	3.023392
770	3.273743
771	3.171341
772	3.358258
773	3.433060
774	3.725720
775	3.552842
776	3.715023
777	3.367892
778	3.127778
779	3.122066
780	3.484337
781	3.338892
782	3.695836
783	3.451333
784	3.469006
785	3.112185
786	3.627808
787	3.217157
788	3.341932
789	3.410601
790	3.376419
791	3.266588
792	3.387196
793	3.407139
794	3.120062
795	3.698067
796	4.071278
797	3.289423
798	3.542217
799	3.406390
800	3.744783
801	3.059118
802	3.236001
803	3.319970
804	3.703634
805	3.404129
806	3.466929
807	3.418421
808	3.516618
809	3.551421
810	3.422894
811	3.374345
812	3.624100
813	3.024053
814	3.563229
815	3.541483
816	3.588983
817	3.292339
818	3.445852
819	3.209004
820	3.861955
821	3.708153
822	2.807775
823	3.618660
824	3.220465
825	3.656603
826	2.782552
827	3.638214
828	3.765874
829	3.559847
830	3.654874
831	3.601375
832	3.328573
833	3.305585
834	2.997166
835	3.381094
836	3.227801
837	3.170915
838	3.338877
839	3.404052
840	3.654818
841	3.501170
842	3.725816
843	3.455402
844	3.400147
845	3.550675
846	3.144949
847	4.110158
848	3.264614
849	3.373900
850	3.816098
851	3.376700
852	3.610512
853	3.932938
854	3.147459
855	3.314046
856	3.373826
857	3.505024
858	3.692546
859	3.288419
860	3.263158
861	3.758430
862	3.279238
863	3.799539
864	3.322409
865	3.053687
866	3.139013
867	3.270749
868	3.383770
869	3.244365
870	3.509687
871	3.515408
872	3.472103
873	3.143930
874	2.899051
875	3.940431
876	3.700406
877	3.741256
878	3.489542
879	3.919937
880	3.580572
881	3.819816
882	3.321340
883	3.503827
884	3.332162
885	3.464636
886	3.194167
887	4.046308
888	3.645669
889	3.425156
890	3.756847
891	3.289619
892	3.524344
893	3.387241
894	3.449608
895	3.575136
896	3.567464
897	3.073190
898	3.645340
899	3.409061
900	3.764971
901	3.611454
902	2.969730
903	2.990217
904	3.607742
905	3.127859
906	3.440973
907	3.670095
908	3.604290
909	3.276355
910	2.843519
911	3.182295
912	3.341587
913	3.294207
914	3.556487
915	3.180566
916	3.159272
917	3.828550
918	3.614539
919	3.024270
920	3.171673
921	3.622845
922	3.648534
923	3.027954
924	3.718765
925	3.744356
926	3.468559
927	3.429185
928	3.507264
929	3.733459
930	3.551354
931	3.612546
932	3.544095
933	3.385336
934	3.100125
935	3.551456
936	3.586307
937	3.603625
938	3.089157
939	3.228421
940	3.413240
941	3.401558
942	3.615161
943	3.482685
944	3.418143
945	3.355726
946	3.358377
947	3.302680
948	3.472319
949	3.595191
950	3.078557
951	3.573818
952	3.402518
953	3.447203
954	2.970527
955	3.775116
956	2.699871
957	3.300841
958	3.062580
959	3.384582
960	3.584481
961	3.447971
962	3.491131
963	3.725668
964	3.190227
965	3.641776
966	3.404850
967	3.594479
968	3.465137
969	3.232961
970	3.186852
971	3.165470
972	3.272094
973	3.417148
974	3.324350
975	3.307370
976	2.368565
977	3.363421
978	3.174728
979	3.794865
980	3.427622
981	3.027177
982	3.855217
983	3.451436
984	3.319608
985	3.106590
986	3.428484
987	3.648082
988	3.520259
989	3.133991
990	3.281677
991	3.735134
992	3.423580
993	2.207292
994	3.384145
995	3.424152
996	2.187442
997	3.158627
998	3.495368
999	3.343337
1000	3.477945
1001	3.857732
1002	3.043386
1003	3.536000
1004	3.447680
1005	3.080357
1006	3.160459
1007	3.931667
1008	3.484710
1009	3.366334
1010	3.606785
1011	3.307295
1012	3.091165
1013	3.461228
1014	3.438560
1015	3.610402
1016	3.538997
1017	3.141035
1018	3.697796
1019	2.973971
1020	3.239799
1021	3.003432
1022	2.218918
1023	3.561165
1024	3.274843
1025	3.277209
1026	3.578212
1027	3.344457
1028	3.407198
1029	3.251107
1030	3.881160
1031	3.166213
1032	3.630606
1033	3.414982
1034	3.518209
1035	3.418860
1036	2.469069
1037	3.087410
1038	3.110933
1039	3.252091
1040	3.527449
1041	3.613503
1042	3.473788
1043	3.464607
1044	3.322845
1045	3.228777
1046	3.847935
1047	3.517542
1048	3.486359
1049	3.322860
1050	3.528909
1051	3.154757
1052	3.593355
1053	3.258236
1054	2.688010
1055	3.398972
1056	3.478634
1057	3.245211
1058	3.353998
1059	3.694673
1060	3.298091
1061	3.344638
1062	3.444938
1063	3.077158
1064	3.467592
1065	3.711778
1066	3.602124
1067	3.702986
1068	3.391947
1069	3.331456
1070	3.016041
1071	3.661721
1072	3.539407
1073	3.606951
1074	3.454056
1075	3.563720
1076	3.456009
1077	3.581466
1078	3.169163
1079	3.614043
1080	3.078978
1081	3.537938
1082	3.370890
1083	3.432259
1084	4.034588
1085	3.493795
1086	3.692343
1087	3.636070
1088	3.287324
1089	3.331636
1090	3.313608
1091	3.707479
1092	3.210334
1093	3.812127
1094	3.172706
1095	3.226158
1096	3.223989
1097	3.168659
1098	3.406456
1099	2.651094
1100	3.316475
1101	3.452187
1102	3.442470
1103	3.328137
1104	3.039819
1105	3.272934
1106	3.371306
1107	3.030395
1108	3.235954
1109	3.509914
1110	3.466381
1111	3.399102
1112	3.458352
1113	3.686773
1114	3.244456
1115	3.170742
1116	3.648971
1117	3.471326
1118	3.653300
1119	2.999618
1120	3.538036
1121	3.321099
1122	3.373218
1123	3.377958
1124	3.266283
1125	3.335176
1126	3.394348
1127	3.783240
1128	3.454171
1129	3.482614
1130	3.219223
1131	3.485714
1132	2.860910
1133	3.358423
1134	3.648574
1135	3.698513
1136	3.412534
1137	3.480819
1138	3.037844
1139	3.597152
1140	3.744129
1141	3.377113
1142	3.483819
1143	3.571499
1144	2.743099
1145	3.018708
1146	3.527081
1147	3.351133
1148	3.519615
1149	3.059559
1150	3.276644
1151	3.382456
1152	3.201313
1153	3.041069
1154	3.734300
1155	3.422718
1156	3.235722
1157	3.801644
1158	3.349762
1159	3.415406
1160	3.428090
1161	2.976542
1162	3.148174
1163	3.664178
1164	3.220700
1165	3.560197
1166	3.402130
1167	2.823437
1168	3.496140
1169	3.265410
1170	3.421768
1171	3.278460
1172	3.239307
1173	3.749387
1174	3.404615
1175	3.549226
1176	3.654449
1177	3.406935
1178	3.414220
1179	3.300574
1180	3.138551
1181	3.289469
1182	3.354101
1183	3.745089
1184	3.281097
1185	3.851831
1186	3.268317
1187	3.445170
1188	3.458859
1189	3.200407
1190	3.085658
1191	3.424633
1192	3.111754
1193	2.974457
1194	3.600405
1195	3.357514
1196	2.634996
1197	2.951694
1198	3.431297
1199	3.425742
1200	3.528582
1201	3.407865
1202	3.096408
1203	3.858849
1204	3.230248
1205	3.234024
1206	3.419383
1207	3.247186
1208	3.387949
1209	3.469467
1210	3.344875
1211	3.307036
1212	3.162026
1213	2.882656
1214	3.175093
1215	2.978018
1216	3.216411
1217	3.361679
1218	3.123411
1219	3.497500
1220	3.072228
1221	3.540408
1222	3.390116
1223	3.338069
1224	3.405009
1225	3.307220
1226	2.974189
1227	3.599084
1228	3.187394
1229	3.311465
1230	3.581635
1231	3.337602
1232	3.672942
1233	3.573612
1234	3.163810
1235	3.687830
1236	3.320873
1237	3.244532
1238	3.546549
1239	3.218215
1240	3.034618
1241	3.039390
1242	2.963732
1243	3.545745
1244	3.182249
1245	3.413219
1246	3.271822
1247	3.227832
1248	3.900949
1249	3.084639
1250	3.334096
1251	3.279602
1252	3.373839
1253	3.128019
1254	3.629628
1255	3.150320
1256	3.516220
1257	3.389603
1258	3.200032
1259	3.114132
1260	3.374760
1261	3.304635
1262	3.407376
1263	3.363897
1264	3.471370
1265	3.183801
1266	3.440318
1267	3.183049
1268	3.339972
1269	3.186390
1270	3.520612
1271	3.345757
1272	3.429403
1273	3.188179
1274	3.419080
1275	3.291884
1276	3.749160
1277	3.114434
1278	3.486704
1279	3.494009
1280	3.146205
1281	3.253522
1282	3.580517
1283	3.058660
1284	3.597029
1285	3.146172
1286	3.292491
1287	3.202279
1288	3.621380
1289	3.408078
1290	3.447619
1291	3.245442
1292	3.074182
1293	2.823066
1294	4.154960
1295	3.735840
1296	3.284401
1297	3.298330
1298	3.315133
1299	3.432578
1300	3.930419
1301	2.773337
1302	3.598751
1303	3.173673
1304	3.638984
1305	3.773513
1306	2.762646
1307	3.252399
1308	3.455286
1309	3.438968
1310	3.336509
1311	3.435140
1312	3.577456
1313	3.363124
1314	3.606065
1315	3.091457
1316	3.127252
1317	3.566244
1318	3.239026
1319	3.386134
1320	3.403587
1321	3.203016
1322	3.636056
1323	3.389823
1324	3.539971
1325	3.503141
1326	3.752944
1327	3.736644
1328	3.276355
1329	3.269389
1330	3.444939
1331	3.285028
1332	3.223179
1333	3.403498
1334	3.161533
1335	3.751826
1336	3.378018
1337	3.334139
1338	3.252367
1339	3.356993
1340	3.421710
1341	3.267706
1342	3.326695
1343	3.440379
1344	2.929915
1345	3.656378
1346	2.998684
1347	3.452275
1348	3.415467
1349	3.665734
1350	3.600498
1351	3.157179
1352	3.642429
1353	3.232308
1354	3.431869
1355	3.883684
1356	3.049684
1357	3.158148
1358	3.508005
1359	3.293386
1360	2.966242
1361	3.441483
1362	3.280195
1363	3.870644
1364	4.253669
1365	3.394641
1366	3.536013
1367	3.461188
1368	2.929677
1369	3.577093
1370	3.390247
1371	3.488106
1372	2.981846
1373	3.026730
1374	3.004729
1375	4.201499
1376	3.603244
1377	3.872291
1378	3.426790
1379	3.472589
1380	3.631048
1381	3.759655
1382	3.441624
1383	3.401663
1384	3.514455
1385	3.545336
1386	3.319593
1387	3.531981
1388	3.775105
1389	3.474566
1390	3.266637
1391	3.530141
1392	2.749157
1393	3.676184
1394	3.663483
1395	3.566849
1396	3.386446
1397	3.914896
1398	3.112636
1399	3.329222
1400	3.692544
1401	3.570405
1402	3.472152
1403	3.449898
1404	3.184478
1405	3.472217
1406	3.384359
1407	3.651495
1408	3.695526
1409	2.954505
1410	3.612824
1411	3.483347
1412	3.901654
1413	3.447343
1414	3.327552
1415	3.341692
1416	3.336960
1417	3.533244
1418	3.314407
1419	3.560421
1420	3.413531
1421	3.670966
1422	3.313262
1423	3.506109
1424	2.969529
1425	3.152904
1426	3.629958
1427	3.495097
1428	3.097903
1429	3.376714
1430	3.349716
1431	3.544911
1432	3.408607
1433	2.861224
1434	3.199827
1435	3.616338
1436	3.606795
1437	3.885576
1438	3.414644
1439	3.193086
1440	3.522333
1441	3.189962
1442	3.389294
1443	3.301923
1444	3.791372
1445	3.398426
1446	3.523492
1447	3.582680
1448	3.325899
1449	3.350985
1450	3.312068
1451	3.587506
1452	3.358600
1453	2.896928
1454	3.693413
1455	3.513972
1456	3.192412
1457	3.022796
1458	3.261104
1459	3.401207
1460	3.165344
1461	3.175452
1462	3.302893
1463	3.500529
1464	3.119311
1465	3.374522
1466	2.289848
1467	3.753001
1468	3.491332
1469	3.617527
1470	3.423112
1471	3.732840
1472	3.830065
1473	3.406509
1474	3.771644
1475	3.301969
1476	3.494696
1477	3.115589
1478	3.439579
1479	3.008705
1480	3.517897
1481	3.288175
1482	3.520185
1483	3.103063
1484	3.432739
1485	3.556964
1486	3.682636
1487	3.193634
1488	3.314060
1489	3.471038
1490	3.147840
1491	3.459900
1492	3.634543
1493	3.603486
1494	3.201344
1495	3.373143
1496	3.381257
1497	3.532818
1498	3.114274
1499	3.170441
1500	3.320151
1501	3.453159
1502	3.525295
1503	3.102145
1504	3.113101
1505	3.412419
1506	3.074718
1507	3.109888
1508	3.664164
1509	3.831266
1510	2.920034
1511	3.306509
1512	3.495368
1513	2.884683
1514	3.820916
1515	2.925150
1516	3.436626
1517	3.304209
1518	3.208209
1519	3.030529
1520	2.892923
1521	3.319849
1522	2.970741
1523	3.224283
1524	3.123859
1525	3.454186
1526	3.610831
1527	3.346536
1528	3.378076
1529	2.149837
1530	3.589372
1531	3.680299
1532	3.578323
1533	3.753438
1534	3.229505
1535	2.084345
1536	3.001234
1537	3.628858
1538	2.978356
1539	3.370549
1540	3.143963
1541	3.543642
1542	3.600919
1543	3.238196
1544	4.076861
1545	3.447252
1546	3.111752
1547	3.587548
1548	3.354763
1549	3.391291
1550	3.447855
1551	3.177235
1552	3.449610
1553	3.357499
1554	3.340313
1555	3.118300
1556	3.392708
1557	3.234901
1558	2.110023
1559	3.404600
1560	3.917218
1561	3.177705
1562	3.691788
1563	3.910639
1564	2.995563
1565	3.185122
1566	3.588343
1567	3.215494
1568	3.198015
1569	3.367462
1570	3.368352
1571	3.788852
1572	3.432273
1573	3.540211
1574	3.039145
1575	3.194746
1576	2.353402
1577	3.453188
1578	3.425697
1579	3.413107
1580	3.970605
1581	3.447940
1582	3.974016
1583	3.445184
1584	3.590390
1585	3.373336
1586	3.441091
1587	3.153744
1588	3.548829
1589	3.620070
1590	3.463654
1591	3.389568
1592	3.555363
1593	3.210686
1594	3.376996
1595	3.821846
1596	3.314178
1597	3.250384
1598	3.681888
1599	3.456385
1600	3.854413
1601	3.601611
1602	3.075093
1603	3.404865
1604	3.518322
1605	2.469454
1606	2.118987
1607	3.603443
1608	3.786186
1609	3.889485
1610	3.309518
1611	3.675244
1612	3.578688
1613	3.214140
1614	3.797170
1615	3.366972
1616	3.264980
1617	3.334728
1618	3.185419
1619	3.157643
1620	3.515281
1621	3.417399
1622	3.328005
1623	3.850353
1624	3.293523
1625	3.011230
1626	3.466035
1627	3.689025
1628	3.248645
1629	3.242484
1630	3.137086
1631	3.238178
1632	3.653886
1633	3.018181
1634	2.654395
1635	2.337544
1636	3.190937
1637	3.349940
1638	2.986537
1639	3.434766
1640	3.207658
1641	3.792032
1642	2.889392
1643	3.222947
1644	3.041941
1645	3.296999
1646	3.169528
1647	2.958344
1648	3.118108
1649	3.590711
1650	3.512976
1651	3.468774
1652	3.033446
1653	3.348042
1654	3.038305
1655	3.448217
1656	3.258707
1657	3.564129
1658	3.260444
1659	3.518676
1660	3.670925
1661	3.491289
1662	3.629738
1663	3.451533
1664	3.316461
1665	3.040131
1666	3.486976
1667	3.329176
1668	3.389996
1669	3.590390
1670	3.761360
1671	3.346190
1672	3.276002
1673	3.232243
1674	3.362038
1675	3.153490
1676	2.835735
1677	3.539577
1678	3.515195
1679	3.346955
1680	3.147858
1681	3.244519
1682	3.482656
1683	3.540112
1684	3.515878
1685	3.497355
1686	3.715308
1687	3.533411
1688	3.503728
1689	3.476809
1690	3.327431
1691	3.216116
1692	3.688225
1693	3.275394
1694	3.539237
1695	3.471311
1696	3.594136
1697	2.877846
1698	3.385515
1699	3.413237
1700	3.405571
1701	3.806916
1702	3.121744
1703	3.432986
1704	3.469551
1705	3.599004
1706	3.307295
1707	3.362170
1708	3.231300
1709	3.429560
1710	3.617473
1711	3.230203
1712	3.394377
1713	3.361635
1714	3.501000
1715	3.322922
1716	3.886001
1717	3.904218
1718	3.481473
1719	3.352609
1720	3.422778
1721	3.970753
1722	3.489926
1723	3.551677
1724	3.728123
1725	3.170679
1726	3.686680
1727	3.186125
1728	3.424688
1729	3.165912
1730	3.896329
1731	3.273227
1732	3.306041
1733	3.220308
1734	3.751841
1735	4.249952
1736	3.356951
1737	3.598071
1738	3.604775
1739	3.678711
1740	3.170712
1741	3.152617
1742	3.776244
1743	3.498598
1744	3.432623
1745	3.358377
1746	3.962875
1747	3.608227
1748	3.278430
1749	3.366780
1750	3.059459
1751	3.265409
1752	3.407902
1753	3.386660
1754	3.258957
1755	3.596053
1756	3.505796
1757	3.280015
1758	4.043476
1759	3.134900
1760	3.324484
1761	3.610387
1762	3.303786
1763	2.673069
1764	3.743383
1765	3.368101
1766	3.345628
1767	3.080647
1768	3.328723
1769	3.593632
1770	3.381920
1771	3.547733
1772	3.238070
1773	3.731745
1774	2.958617
1775	3.486676
1776	3.167807
1777	3.463755
1778	3.099245
1779	3.167112
1780	2.922258
1781	3.554566
1782	3.209518
1783	3.234784
1784	3.129918
1785	3.402004
1786	3.024403
1787	3.648205
1788	2.946964
1789	3.693699
1790	3.374701
1791	3.119713
1792	3.468858
1793	3.402266
1794	3.266464
1795	3.553619
1796	3.295223
1797	3.364416
1798	3.165516
1799	3.326907
1800	3.341901
1801	3.452707
1802	3.183676
1803	3.233607
1804	3.592017
1805	3.394464
1806	3.739919
1807	3.221939
1808	3.531630
1809	3.126946
1810	3.689137
1811	3.724489
1812	3.423332
1813	3.181982
1814	3.239655
1815	3.692059
1816	3.178194
1817	3.583324
1818	2.844541
1819	3.320015
1820	3.260938
1821	3.388702
1822	3.757633
1823	3.328692
1824	3.103885
1825	3.049852
1826	3.507864
1827	3.453433
1828	3.628014
1829	3.322710
1830	2.727162
1831	3.377499
1832	3.646328
1833	2.806439
1834	3.419019
1835	3.712612
1836	3.292977
1837	3.373024
1838	3.435083
1839	3.474032
1840	3.350430
1841	3.606399
1842	3.214125
1843	3.689577
1844	3.152408
1845	2.990752
1846	3.142958
1847	3.511668
1848	3.566581
1849	3.323505
1850	3.487308
1851	3.111803
1852	3.470576
1853	3.152317
1854	3.726084
1855	3.536212
1856	3.469569
1857	3.641867
1858	3.514386
1859	3.367863
1860	3.355665
1861	3.396206
1862	2.924191
1863	3.367627
1864	3.437003
1865	3.533877
1866	3.197576
1867	3.469944
1868	3.730389
1869	3.487749
1870	3.265730
1871	3.514356
1872	3.564856
1873	3.395112
1874	3.539647
1875	3.198280
1876	3.526489
1877	3.213999
1878	3.280242
1879	3.250323
1880	3.352583
1881	3.209143
1882	3.119519
1883	3.580811
1884	3.228032
1885	3.428482
1886	3.601750
1887	3.866613
1888	3.724700
1889	3.173942
1890	3.536210
1891	3.571413
1892	3.044159
1893	3.184589
1894	3.473109
1895	3.614758
1896	3.308081
1897	3.913949
1898	3.995446
1899	3.913512
1900	3.160205
1901	4.156548
1902	3.427098
1903	3.289423
1904	3.534741
1905	3.289712
1906	3.844308
1907	3.086744
1908	3.381316
1909	2.989763
1910	3.660629
1911	3.586014
1912	3.451870
1913	3.438386
1914	3.691694
1915	3.506694
1916	3.679810
1917	3.346297
1918	3.329895
1919	4.255502
1920	3.115733
1921	3.674901
1922	3.779881
1923	3.470073
1924	3.443632
1925	3.637636
1926	3.733283
1927	2.984778
1928	3.425390
1929	3.544700
1930	3.209892
1931	3.385425
1932	3.667111
1933	3.602568
1934	3.280564
1935	3.146266
1936	3.354087
1937	3.491605
1938	3.468213
1939	3.451696
1940	3.145569
1941	3.604232
1942	3.190627
1943	3.026467
1944	3.193305
1945	3.513829
1946	3.164063
1947	3.112700
1948	3.588564
1949	3.916350
1950	3.103642
1951	3.421711
1952	3.620649
1953	3.265870
1954	3.265301
1955	2.888703
1956	3.574605
1957	3.392299
1958	3.560649
1959	3.093769
1960	3.219347
1961	3.005894
1962	3.233111
1963	3.630936
1964	3.360788
1965	3.288372
1966	3.491433
1967	3.178976
1968	3.600016
1969	3.604373
1970	3.318315
1971	3.573484
1972	3.685133
1973	3.181589
1974	3.990047
1975	3.446454
1976	3.581355
1977	3.529036
1978	3.440190
1979	3.780978
1980	3.921135
1981	3.685513
1982	3.294313
1983	3.428862
1984	3.387079
1985	3.077486
1986	4.059815
1987	3.646725
1988	2.867788
1989	3.218709
1990	2.387151
1991	3.539096
1992	4.084436
1993	3.544643
1994	2.930769
1995	3.543895
1996	2.950519
1997	3.324260
1998	3.501728
1999	3.224361
2000	3.085466
0	2.377750
1	3.705157
2	3.480303
3	3.391829
4	3.285819
5	3.659152
6	2.965888
7	3.543302
8	3.798171
9	3.653507
10	3.178001
11	3.386283
12	4.007606
13	3.893190
14	3.204062
15	3.529504
16	3.307490
17	3.198466
18	3.593689
19	3.051902
20	3.767238
21	3.083863
22	3.613392
23	3.153476
24	3.675062
25	3.587755
26	3.318226
27	3.516959
28	3.268669
29	2.957634
30	3.207462
31	3.068940
32	3.430393
33	3.375396
34	3.458048
35	3.228467
36	3.629340
37	3.354058
38	3.180204
39	3.458582
40	3.333004
41	3.127252
42	3.068646
43	3.383989
44	3.336419
45	3.173925
46	3.515881
47	3.507293
48	3.098483
49	3.687397
50	3.510469
51	3.455849
52	3.148984
53	3.885060
54	3.356949
55	3.254812
56	3.303588
57	2.819824
58	3.496868
59	3.174917
60	3.651820
61	3.242855
62	3.515706
63	3.043632
64	3.330016
65	3.076265
66	3.329416
67	3.138680
68	3.342708
69	3.411056
70	3.268425
71	2.988310
72	2.350510
73	3.044027
74	2.926705
75	3.506194
76	3.137181
77	3.746492
78	3.166621
79	3.669453
80	3.561012
81	3.029405
82	3.921862
83	3.813764
84	3.489224
85	3.554843
86	3.783240
87	4.298697
88	3.805115
89	3.728888
90	3.712897
91	3.534883
92	3.207009
93	3.584538
94	3.982660
95	3.370905
96	3.554660
97	3.159004
98	3.764705
99	3.843880
100	3.299427
101	3.803973
102	4.101145
103	3.470979
104	3.923301
105	3.412258
106	3.358064
107	3.656925
108	3.649397
109	3.275285
110	3.981031
111	3.185984
112	4.307679
113	3.828497
114	3.455936
115	4.260071
116	3.458048
117	3.873731
118	3.931666
119	2.493211
120	3.191615
121	4.237571
122	4.136317
123	3.474537
124	4.548339
125	3.699042
126	3.886488
127	3.832244
128	3.610457
129	3.736455
130	3.707103
131	3.132828
132	3.428747
133	3.568895
134	3.452216
135	3.841368
136	3.454057
137	3.844345
138	3.622665
139	4.018532
140	3.479583
141	2.875795
142	3.893110
143	3.637703
144	3.852830
145	3.608563
146	3.814103
147	3.770690
148	3.591016
149	3.762818
150	3.399575
151	3.436801
152	3.638089
153	3.731502
154	3.762580
155	3.507822
156	3.774335
157	3.466207
158	4.002512
159	3.895058
160	3.750959
161	3.661230
162	3.938630
163	3.889538
164	3.567087
165	3.742580
166	3.937485
167	3.432344
168	3.557821
169	3.676164
170	3.470058
171	3.743982
172	3.422937
173	3.841404
174	4.148841
175	3.476233
176	4.074667
177	3.893931
178	3.125333
179	3.814197
180	3.646713
181	3.200094
182	3.074071
183	4.032094
184	3.543447
185	3.724781
186	3.725120
187	3.664203
188	4.103341
189	4.418540
190	3.702933
191	3.650274
192	3.653712
193	4.186584
194	3.536015
195	4.170791
196	4.101037
197	4.340437
198	4.139431
199	3.835857
200	3.535465
201	3.688495
202	3.309170
203	3.743475
204	3.885885
205	3.968928
206	3.832556
207	4.064997
208	3.517840
209	3.596582
210	3.615758
211	3.884509
212	3.388095
213	4.058683
214	4.027432
215	3.957347
216	3.876403
217	3.815310
218	3.497015
219	3.553180
220	4.229681
221	3.914524
222	3.435623
223	3.603456
224	3.913808
225	3.705536
226	3.514586
227	3.887207
228	3.953634
229	3.265670
230	3.928702
231	4.054884
232	3.622046
233	3.858923
234	3.059297
235	4.215043
236	3.240137
237	3.715093
238	4.067740
239	4.108603
240	3.679389
241	3.398782
242	3.266895
243	3.561377
244	3.869947
245	3.318826
246	4.211723
247	3.502015
248	3.970528
249	3.478635
250	3.940697
251	3.214932
252	3.481996
253	3.773724
254	4.090891
255	3.678710
256	3.565361
257	3.645203
258	3.715026
259	3.150032
260	3.930838
261	3.838148
262	3.315297
263	3.345234
264	3.361548
265	3.610360
266	3.635243
267	3.708004
268	3.827547
269	3.833913
270	3.535774
271	4.369952
272	4.055590
273	3.494968
274	3.914716
275	1.978281
276	3.430846
277	3.889266
278	3.076833
279	3.316399
280	3.288374
281	3.865139
282	3.164143
283	3.231268
284	3.512748
285	3.647750
286	2.884337
287	3.007672
288	4.490647
289	3.699581
290	3.368884
291	3.933623
292	4.178875
293	3.737632
294	3.771697
295	3.701419
296	3.279468
297	3.665243
298	3.501842
299	3.824305
300	3.627519
301	3.603068
302	3.760783
303	3.602305
304	3.324619
305	3.267201
306	3.581329
307	3.975673
308	3.934730
309	3.766988
310	3.904369
311	3.727601
312	3.498743
313	3.673282
314	3.988058
315	3.778782
316	3.503840
317	4.123796
318	4.038849
319	3.451914
320	3.794076
321	3.865062
322	3.947316
323	3.679525
324	3.749214
325	3.380841
326	3.748001
327	3.496669
328	3.799618
329	3.489987
330	4.212398
331	3.983227
332	3.958838
333	3.773949
334	3.688116
335	3.705322
336	3.776812
337	3.934639
338	4.241909
339	3.270812
340	4.331258
341	3.967177
342	3.850130
343	4.125445
344	3.406626
345	4.279500
346	3.584745
347	4.017723
348	4.184473
349	3.565122
350	3.657569
351	3.827806
352	3.763640
353	3.817590
354	3.835309
355	3.819031
356	3.937588
357	4.258604
358	3.653943
359	3.898064
360	3.584215
361	3.901423
362	3.848091
363	3.438676
364	3.194385
365	3.475759
366	2.333023
367	4.156549
368	3.673268
369	3.603886
370	4.250093
371	4.026150
372	3.754105
373	3.944183
374	3.594120
375	3.757949
376	3.787161
377	4.237994
378	3.828080
379	3.373085
380	3.993970
381	3.542937
382	4.334732
383	3.950306
384	3.628703
385	3.792240
386	3.383209
387	3.883336
388	3.581369
389	3.494179
390	4.099391
391	3.635382
392	3.673977
393	3.828758
394	3.507208
395	3.704807
396	3.374387
397	4.034180
398	3.826145
399	3.632783
400	3.466929
401	3.470519
402	4.093775
403	4.010061
404	3.722956
405	3.595456
406	3.500314
407	4.166823
408	3.663606
409	3.765713
410	3.401736
411	3.863509
412	3.978214
413	3.438983
414	4.298302
415	3.734313
416	4.150588
417	4.087016
418	3.536439
419	3.914856
420	4.020809
421	3.814264
422	4.171548
423	3.986039
424	3.694873
425	3.535719
426	3.888894
427	3.496600
428	3.564519
429	2.947237
430	3.944033
431	3.728740
432	3.874404
433	3.480720
434	3.232707
435	4.065379
436	3.558890
437	3.519006
438	3.855658
439	3.891903
440	3.642032
441	4.070443
442	3.211744
443	3.618591
444	3.948127
445	3.581983
446	3.420658
447	3.677730
448	3.610222
449	3.501101
450	3.997399
451	3.577219
452	3.986025
453	3.512891
454	4.336553
455	3.767943
456	3.501114
457	3.643667
458	3.824931
459	2.132370
460	3.535052
461	3.733110
462	3.211992
463	3.420264
464	4.002362
465	3.963585
466	3.683843
467	3.553324
468	4.007466
469	3.416708
470	3.726043
471	3.375352
472	3.673759
473	4.130595
474	3.349807
475	3.402852
476	3.438633
477	3.695309
478	3.479223
479	4.117936
480	3.854369
481	3.565627
482	3.896063
483	3.670001
484	3.727317
485	3.697648
486	3.372846
487	4.520011
488	4.302673
489	3.937688
490	3.606243
491	3.938756
492	3.852091
493	3.965199
494	3.922117
495	4.197309
496	3.679388
497	3.938349
498	3.433396
499	3.675337
500	4.416559
501	4.348344
502	3.854660
503	3.446869
504	3.426529
505	3.888303
506	3.137691
507	3.692437
508	3.937234
509	3.038947
510	4.071633
511	2.785785
512	3.675663
513	3.251954
514	3.264276
515	3.894444
516	3.996511
517	3.826030
518	3.595886
519	3.990256
520	3.600945
521	3.682743
522	3.984122
523	3.494459
524	3.620732
525	3.649301
526	3.749587
527	3.717325
528	4.046962
529	3.405071
530	3.599930
531	3.812847
532	2.095854
533	3.816151
534	4.069951
535	4.028027
536	3.521334
537	3.709569
538	3.487477
539	4.222759
540	4.033062
541	3.960772
542	3.907671
543	4.296452
544	3.511482
545	3.412887
546	3.310241
547	2.817766
548	3.177956
549	3.498172
550	3.568936
551	3.907544
552	4.043105
553	3.787730
554	3.682661
555	3.670940
556	3.786146
557	3.705184
558	3.827126
559	3.360906
560	3.560363
561	3.233466
562	3.482828
563	3.912032
564	3.685730
565	3.985573
566	3.583475
567	3.212503
568	3.534939
569	3.681005
570	4.109636
571	4.081923
572	4.151023
573	4.219443
574	3.873203
575	3.295527
576	3.344578
577	3.748041
578	3.644311
579	4.119234
580	3.308489
581	3.776255
582	3.335941
583	3.423303
584	3.775394
585	3.621561
586	4.201595
587	3.775964
588	3.435926
589	3.733777
590	3.999600
591	3.660314
592	3.626595
593	3.595580
594	4.002163
595	4.050938
596	3.992093
597	3.551593
598	4.345043
599	3.439725
600	4.128803
601	4.086209
602	3.969144
603	3.961388
604	4.034625
605	4.339931
606	3.720068
607	4.153890
608	3.715723
609	3.802224
610	3.623369
611	4.482231
612	4.568861
613	3.923568
614	3.485026
615	3.837161
616	4.147493
617	3.950113
618	3.943869
619	3.671089
620	4.044773
621	3.809160
622	4.231181
623	3.203202
624	4.213432
625	3.329535
626	3.358764
627	3.776202
628	4.028746
629	3.785711
630	3.259831
631	3.872236
632	3.643639
633	3.960568
634	3.617087
635	3.821636
636	3.802421
637	3.690881
638	3.801315
639	3.008821
640	3.327913
641	3.806022
642	3.148412
643	3.339581
644	3.457542
645	3.501271
646	3.569103
647	3.323161
648	4.122742
649	4.076199
650	4.315647
651	4.130677
652	3.993407
653	3.733283
654	3.507721
655	3.726956
656	3.537144
657	4.167985
658	3.817826
659	3.680490
660	3.838879
661	3.981281
662	3.303711
663	3.381050
664	3.306568
665	4.044428
666	3.604802
667	3.768885
668	4.201822
669	3.638092
670	3.462456
671	3.716356
672	3.823936
673	3.277684
674	3.935239
675	3.464537
676	3.621465
677	1.856611
678	3.234904
679	3.889191
680	4.094532
681	3.179261
682	4.139374
683	3.766617
684	3.664246
685	3.461849
686	3.584872
687	4.279872
688	1.992134
689	3.931525
690	3.725950
691	4.048224
692	3.298257
693	3.645901
694	3.903498
695	3.993858
696	3.679470
697	3.742860
698	4.098437
699	3.263708
700	3.330496
701	3.510342
702	3.589653
703	3.759443
704	3.747987
705	3.800920
706	3.546278
707	4.030160
708	3.247954
709	3.944121
710	3.630278
711	3.706983
712	3.995861
713	3.358184
714	3.968311
715	3.429900
716	3.404639
717	3.735641
718	4.336323
719	3.917050
720	3.303106
721	3.780926
722	3.728499
723	4.234313
724	4.276519
725	3.519006
726	3.852310
727	3.649562
728	3.710903
729	4.002210
730	3.582961
731	3.503169
732	3.628677
733	3.815441
734	3.378729
735	3.821439
736	3.786145
737	3.505624
738	3.583382
739	3.130961
740	3.536693
741	3.750518
742	3.971051
743	3.823035
744	3.783056
745	3.836439
746	3.561535
747	3.668171
748	3.069496
749	3.694038
750	3.646939
751	3.262732
752	3.750253
753	3.794130
754	3.694207
755	3.817026
756	3.659634
757	3.606508
758	3.177008
759	3.386631
760	3.710644
761	3.834954
762	4.161863
763	3.936735
764	3.875700
765	3.640950
766	3.964956
767	3.179152
768	3.575388
769	3.835011
770	3.540634
771	3.765921
772	3.822269
773	3.670886
774	3.671958
775	3.280443
776	3.370776
777	3.739865
778	3.839611
779	3.418611
780	3.288542
781	3.125780
782	3.739243
783	3.428134
784	3.605358
785	2.794175
786	3.259293
787	3.209116
788	3.740131
789	3.913602
790	3.584792
791	3.476610
792	3.914653
793	3.392258
794	3.688616
795	3.554996
796	3.600749
797	3.248426
798	3.887856
799	3.417429
800	3.504354
801	3.345006
802	3.581981
803	3.973979
804	4.385568
805	3.891858
806	4.004410
807	3.978974
808	3.982322
809	3.723453
810	3.427215
811	4.115058
812	3.807072
813	4.023457
814	3.564688
815	3.676018
816	3.979774
817	3.301229
818	3.892993
819	4.254047
820	4.141480
821	3.241697
822	4.079582
823	3.690382
824	3.573151
825	3.824656
826	3.184367
827	3.617748
828	3.214718
829	4.046506
830	3.717282
831	3.634033
832	3.503514
833	3.547592
834	3.666570
835	3.897598
836	4.209770
837	4.255785
838	3.406245
839	4.083014
840	3.679711
841	3.254950
842	4.040455
843	3.662756
844	3.461922
845	4.369530
846	3.653527
847	3.879720
848	3.794853
849	3.954908
850	3.304632
851	4.121285
852	4.072338
853	3.966784
854	3.579707
855	4.069265
856	4.277435
857	4.030642
858	4.002040
859	4.133294
860	3.825154
861	3.972004
862	3.670723
863	3.660898
864	4.150784
865	3.769908
866	4.056572
867	3.789288
868	3.706401
869	3.878481
870	3.627900
871	3.423402
872	4.110641
873	3.914698
874	3.584867
875	3.246466
876	3.579587
877	3.453997
878	3.379261
879	3.781646
880	3.322096
881	3.789395
882	3.727850
883	3.361939
884	4.210211
885	3.414441
886	3.257160
887	3.365845
888	3.814149
889	3.801512
890	3.522925
891	3.280387
892	3.410190
893	4.155305
894	3.927670
895	3.575611
896	4.172870
897	3.964714
898	3.821282
899	3.774693
900	3.669007
901	3.388648
902	3.472477
903	3.825091
904	3.941624
905	3.790452
906	3.548480
907	3.820901
908	3.659751
909	3.737393
910	3.390237
911	3.712334
912	4.108829
913	3.034305
914	3.196719
915	2.870901
916	3.226449
917	3.287337
918	3.453160
919	3.517173
920	3.439971
921	3.422190
922	3.566428
923	4.052393
924	3.648901
925	3.131788
926	3.350267
927	3.339623
928	3.353655
929	3.349761
930	3.075356
931	3.011925
932	3.189765
933	3.106848
934	3.288661
935	3.277087
936	3.127826
937	3.595025
938	3.338159
939	3.640110
940	3.199968
941	3.398897
942	3.245876
943	3.141989
944	3.104964
945	3.800079
946	3.602776
947	3.501513
948	3.717984
949	3.433379
950	3.638832
951	3.327010
952	3.880220
953	3.016837
954	3.123763
955	3.572969
956	3.906328
957	3.329221
958	3.336601
959	3.379040
960	3.334639
961	3.161298
962	3.471098
963	3.172179
964	3.472282
965	3.104744
966	3.110192
967	3.166478
968	3.571247
969	2.921002
970	2.876002
971	3.002432
972	3.412227
973	3.224872
974	2.750383
975	3.176867
976	3.138105
977	3.379364
978	3.498730
979	3.229644
980	3.312552
981	3.864981
982	3.279876
983	3.086418
984	3.642849
985	3.947000
986	3.364687
987	3.149406
988	3.145852
989	3.383031
990	3.443615
991	3.547406
992	3.476924
993	3.101112
994	3.541130
995	3.793825
996	3.314346
997	3.754308
998	3.283492
999	3.389632
1000	3.335788
1001	3.376774
1002	3.283461
1003	3.561810
1004	3.286961
1005	3.487463
1006	3.223335
1007	3.283731
1008	3.080002
1009	2.868308
1010	3.530237
1011	3.261491
1012	2.548528
1013	3.182078
1014	3.114322
1015	3.356285
1016	3.958104
1017	3.329653
1018	3.645380
1019	3.088994
1020	3.077078
1021	2.761506
1022	3.234615
1023	3.072188
1024	3.677201
1025	3.431078
1026	2.729785
1027	3.042445
1028	3.629643
1029	3.941132
1030	3.123748
1031	3.444809
1032	3.261622
1033	3.059837
1034	3.468559
1035	3.044030
1036	2.845030
1037	3.262056
1038	3.320996
1039	3.037664
1040	3.316824
1041	3.484682
1042	3.197907
1043	3.455894
1044	3.522418
1045	3.229334
1046	3.005563
1047	3.295302
1048	3.082160
1049	3.367329
1050	2.946505
1051	3.395616
1052	2.777155
1053	3.161028
1054	3.600954
1055	3.236372
1056	3.525168
1057	3.740094
1058	3.039615
1059	3.209459
1060	3.277727
1061	3.679932
1062	3.064947
1063	3.315095
1064	3.339432
1065	3.649992
1066	3.177752
1067	3.328469
1068	3.207010
1069	3.340552
1070	3.295707
1071	3.425449
1072	3.158065
1073	3.301409
1074	2.954815
1075	3.183676
1076	3.778214
1077	3.256796
1078	3.433642
1079	3.188638
1080	3.136572
1081	3.352046
1082	3.460548
1083	3.155262
1084	2.955179
1085	3.019836
1086	3.108516
1087	3.476274
1088	3.640686
1089	3.404831
1090	3.828502
1091	3.377214
1092	3.012609
1093	4.132916
1094	3.628346
1095	2.959023
1096	3.233746
1097	3.193809
1098	3.202528
1099	2.805386
1100	2.823492
1101	3.086176
1102	3.604858
1103	3.280171
1104	3.727951
1105	2.959156
1106	3.431630
1107	3.569582
1108	3.612768
1109	3.204092
1110	3.064981
1111	3.181772
1112	3.555703
1113	3.328935
1114	3.562892
1115	3.003300
1116	2.880050
1117	3.333746
1118	3.487303
1119	3.486172
1120	3.213178
1121	2.981196
1122	3.586505
1123	3.138552
1124	3.388376
1125	3.327912
1126	3.285331
1127	3.266359
1128	3.777766
1129	3.376536
1130	3.137612
1131	2.692898
1132	3.176256
1133	3.498941
1134	3.477369
1135	2.976662
1136	3.687467
1137	3.654888
1138	3.858963
1139	4.094720
1140	3.458108
1141	3.561023
1142	3.277711
1143	3.858564
1144	3.782172
1145	2.059953
1146	3.727628
1147	3.560704
1148	3.350012
1149	3.071074
1150	3.558451
1151	3.444054
1152	3.560913
1153	3.477354
1154	3.082020
1155	3.691753
1156	3.074512
1157	3.787483
1158	3.695984
1159	3.381953
1160	3.583421
1161	3.435827
1162	3.830100
1163	3.264508
1164	3.304634
1165	3.317124
1166	3.788590
1167	3.411040
1168	3.278098
1169	3.396321
1170	2.241300
1171	3.140605
1172	3.397807
1173	3.768901
1174	3.374450
1175	3.105426
1176	3.167598
1177	3.212241
1178	3.669780
1179	3.442360
1180	3.288558
1181	3.323913
1182	3.642748
1183	3.386297
1184	3.519619
1185	3.227708
1186	3.332037
1187	2.953139
1188	3.103209
1189	3.292854
1190	3.550468
1191	3.754212
1192	3.255830
1193	3.706557
1194	3.564282
1195	3.515370
1196	3.358598
1197	3.166523
1198	2.712991
1199	3.424426
1200	3.400015
1201	3.722402
1202	3.154301
1203	3.539125
1204	3.530693
1205	3.735368
1206	3.303350
1207	3.842525
1208	3.409660
1209	2.939015
1210	3.302316
1211	4.016079
1212	3.834138
1213	2.851110
1214	3.305324
1215	3.610401
1216	3.394889
1217	3.622044
1218	3.851260
1219	2.126357
1220	3.500071
1221	3.550252
1222	3.524457
1223	3.272277
1224	3.706174
1225	3.613782
1226	3.614055
1227	3.350357
1228	3.498273
1229	3.626390
1230	2.937652
1231	3.107831
1232	4.258204
1233	3.531856
1234	3.200451
1235	3.402028
1236	3.626817
1237	3.459436
1238	3.644626
1239	3.103853
1240	3.596304
1241	3.700730
1242	3.463322
1243	3.761555
1244	3.430525
1245	3.447014
1246	2.898707
1247	3.119567
1248	3.633744
1249	2.927900
1250	3.235353
1251	3.385526
1252	3.521634
1253	3.288374
1254	3.486460
1255	3.702255
1256	3.546308
1257	3.590837
1258	3.539265
1259	3.897384
1260	3.170207
1261	3.509215
1262	3.157369
1263	3.456732
1264	3.910768
1265	3.921197
1266	3.539052
1267	3.343110
1268	3.035476
1269	3.277880
1270	3.692155
1271	3.242359
1272	3.473168
1273	3.689608
1274	3.587952
1275	3.824488
1276	3.686705
1277	3.258008
1278	4.115837
1279	3.561038
1280	3.512805
1281	3.249693
1282	3.755584
1283	3.630359
1284	3.817172
1285	3.831267
1286	3.755424
1287	4.133292
1288	3.784296
1289	4.116465
1290	3.750095
1291	3.253861
1292	3.310604
1293	3.644681
1294	3.478435
1295	3.633663
1296	3.804130
1297	3.379437
1298	4.009625
1299	3.626459
1300	3.739531
1301	3.499071
1302	3.277681
1303	3.426221
1304	3.665638
1305	3.485699
1306	3.750388
1307	3.455098
1308	4.041461
1309	3.677093
1310	3.207553
1311	3.581367
1312	3.203515
1313	3.474492
1314	3.457687
1315	3.264122
1316	3.673472
1317	3.222017
1318	3.590473
1319	3.494840
1320	3.476752
1321	3.016787
1322	3.837942
1323	3.081655
1324	3.939404
1325	3.677214
1326	3.593828
1327	3.902307
1328	3.359374
1329	3.461416
1330	3.546914
1331	3.477485
1332	3.699649
1333	3.751640
1334	3.532775
1335	3.872893
1336	3.470590
1337	3.684535
1338	3.515309
1339	3.483834
1340	3.690135
1341	3.718413
1342	3.323341
1343	3.846895
1344	3.414118
1345	3.204418
1346	3.527179
1347	4.319502
1348	3.769629
1349	3.154457
1350	3.214109
1351	3.932569
1352	3.375500
1353	3.675936
1354	3.661830
1355	3.956981
1356	3.079042
1357	3.889087
1358	3.904319
1359	4.029529
1360	3.261855
1361	3.750907
1362	4.075795
1363	3.818102
1364	3.432812
1365	3.538263
1366	3.702931
1367	3.894534
1368	3.644626
1369	3.668951
1370	4.111812
1371	4.016042
1372	3.827752
1373	3.556782
1374	4.180382
1375	4.056575
1376	3.477024
1377	4.534170
1378	3.669346
1379	4.181938
1380	3.729254
1381	3.542858
1382	3.538612
1383	3.111959
1384	3.658288
1385	3.557599
1386	3.912991
1387	3.814787
1388	3.328513
1389	3.837200
1390	3.526471
1391	3.822957
1392	3.785896
1393	3.383149
1394	3.221972
1395	3.752386
1396	3.497585
1397	3.864919
1398	3.954314
1399	3.630882
1400	3.674860
1401	3.484394
1402	3.814131
1403	3.425857
1404	3.626969
1405	3.781336
1406	3.634584
1407	3.613018
1408	4.030993
1409	4.043897
1410	3.244210
1411	4.135094
1412	3.861296
1413	3.314589
1414	3.576157
1415	4.126137
1416	3.705604
1417	3.912008
1418	3.351671
1419	3.766603
1420	3.965628
1421	3.347925
1422	3.744450
1423	3.774056
1424	3.565740
1425	3.621133
1426	3.662102
1427	3.807480
1428	3.639423
1429	3.783465
1430	3.959976
1431	3.559172
1432	3.477371
1433	3.445895
1434	3.919260
1435	3.754957
1436	3.566583
1437	3.489069
1438	3.229195
1439	3.178191
1440	3.987092
1441	3.360119
1442	3.624321
1443	3.609502
1444	3.946568
1445	3.623548
1446	4.035270
1447	3.686381
1448	3.320934
1449	3.645591
1450	3.734313
1451	3.925149
1452	3.624610
1453	4.004546
1454	3.835308
1455	3.976241
1456	3.733429
1457	3.955931
1458	3.811745
1459	3.932545
1460	3.886771
1461	3.697106
1462	3.792413
1463	3.839283
1464	4.273383
1465	3.518679
1466	4.213230
1467	3.894021
1468	4.170863
1469	3.983604
1470	3.666388
1471	3.770345
1472	3.940862
1473	3.022732
1474	3.644462
1475	3.423099
1476	3.843045
1477	3.734555
1478	3.832050
1479	4.054984
1480	4.009899
1481	3.613862
1482	4.148107
1483	3.877692
1484	3.263572
1485	4.147167
1486	3.688983
1487	4.130387
1488	3.746785
1489	3.765382
1490	3.976167
1491	4.182726
1492	3.817905
1493	4.076629
1494	3.760612
1495	3.651492
1496	3.686353
1497	3.510926
1498	3.120673
1499	3.840872
1500	4.120256
1501	4.275769
1502	4.353906
1503	3.726835
1504	4.180885
1505	3.895254
1506	3.955263
1507	3.141989
1508	4.169460
1509	3.634584
1510	3.798789
1511	3.351433
1512	4.139276
1513	3.468414
1514	3.956969
1515	3.733551
1516	3.355801
1517	3.626845
1518	3.313744
1519	3.703768
1520	3.851103
1521	3.737980
1522	2.217679
1523	1.886743
1524	2.063829
1525	1.873980
1526	1.973981
1527	2.063420
1528	2.279781
1529	2.406033
1530	1.906122
1531	1.891400
1532	1.832911
1533	1.883811
1534	1.863278
1535	2.614992
1536	1.843502
1537	2.359893
1538	1.979107
1539	1.809558
1540	2.044740
1541	2.146089
1542	1.740444
1543	2.110436
1544	1.898526
1545	1.913819
1546	1.873661
1547	2.257520
1548	2.022722
1549	1.752027
1550	1.942293
1551	1.941262
1552	1.969924
1553	1.709998
1554	2.233497
1555	1.914653
1556	1.858333
1557	2.280394
1558	2.076991
1559	2.288231
0	2.187920
1	3.502756
2	3.393305
3	2.160669
4	2.118583
5	1.920078
6	2.081347
7	1.844801
8	3.203154
9	3.759865
10	3.824997
11	3.636330
12	3.678586
13	3.673484
14	3.553225
15	3.138615
16	4.353690
17	3.645654
18	3.963583
19	3.474982
20	3.349837
21	3.563550
22	3.742217
23	3.535110
24	3.763004
25	2.181789
26	3.499342
27	3.619614
28	2.135156
29	2.871794
30	3.069416
31	3.926794
32	3.405967
33	3.258004
34	3.341767
35	3.796181
36	3.471443
37	3.236911
38	2.820728
39	3.257884
40	3.445286
41	3.461372
42	3.160538
43	3.386842
44	3.658677
45	2.972911
46	3.565067
47	3.622830
48	3.643709
49	2.981898
50	4.002601
51	3.151098
52	3.096289
53	3.614541
54	3.580197
55	3.602348
56	3.592602
57	3.555800
58	3.062504
59	3.462962
60	2.914017
61	3.498486
62	3.436704
63	3.741909
64	3.120817
65	3.429544
66	3.324228
67	3.038322
68	3.314831
69	3.400512
70	3.776429
71	3.204903
72	3.390768
73	3.120720
74	3.376004
75	3.465513
76	3.381434
77	3.649945
78	3.688510
79	3.473990
80	3.321898
81	3.231812
82	3.110065
83	3.117146
84	3.169935
85	3.468948
86	3.664356
87	3.520260
88	3.177593
89	3.432856
90	1.848268
91	3.190958
92	3.570561
93	3.166341
94	3.284831
95	3.264124
96	3.560351
97	3.266650
98	3.822893
99	3.431895
100	3.041002
101	3.442107
102	3.445823
103	3.234843
104	3.182767
105	3.362334
106	3.087846
107	3.282162
108	3.238348
109	3.426282
110	3.545746
111	2.971937
112	3.050018
113	3.197249
114	3.226718
115	3.298925
116	3.787067
117	3.852390
118	3.490630
119	2.022794
120	3.277650
121	3.599807
122	3.336796
123	3.974189
124	3.449593
125	3.505796
126	3.644434
127	3.428031
128	3.216861
129	3.549876
130	3.711281
131	3.147411
132	3.390296
133	3.615756
134	3.129873
135	3.838305
136	3.405188
137	3.082891
138	3.366318
139	3.325572
140	3.566242
141	3.543571
142	3.340194
143	3.166797
144	3.473616
145	3.714310
146	3.522074
147	3.476547
148	2.969242
149	3.258961
150	3.103369
151	3.736765
152	3.637927
153	3.599336
154	3.956574
155	3.761434
156	3.264492
157	3.921468
158	3.552468
159	3.302027
160	3.489271
161	3.462526
162	3.557824
163	3.159448
164	3.391489
165	3.171654
166	3.520426
167	3.390531
168	3.713503
169	3.802444
170	3.591281
171	3.233402
172	3.562821
173	3.267015
174	3.178568
175	3.200218
176	3.683559
177	2.811084
178	3.422703
179	3.664546
180	2.930272
181	2.500120
182	3.155152
183	3.333871
184	3.538163
185	2.976996
186	3.536524
187	3.131725
188	3.121233
189	3.617693
190	3.462599
191	3.327176
192	4.046897
193	2.990185
194	3.429796
195	3.336119
196	3.386356
197	3.279952
198	3.163243
199	3.641511
200	3.452650
201	3.165516
202	3.713650
203	3.432288
204	3.443081
205	3.915431
206	3.807151
207	3.992692
208	3.687303
209	3.401058
210	3.536296
211	3.164096
212	3.199016
213	3.472552
214	3.248768
215	3.562147
216	3.614803
217	3.613876
218	3.482154
219	3.993569
220	1.870135
221	3.250122
222	4.040866
223	3.695633
224	3.351016
225	2.012511
226	1.823953
227	3.135236
228	3.449608
229	3.019966
230	3.596027
231	3.461749
232	3.285056
233	3.199220
234	3.586127
235	3.414233
236	3.394658
237	3.543922
238	3.487778
239	2.059126
240	2.053924
241	1.987009
242	2.092008
243	3.391136
244	3.579721
245	3.447680
246	3.240216
247	3.468760
248	3.663835
249	3.834398
250	3.222093
251	3.545037
252	4.074975
253	3.541875
254	3.473531
255	2.090862
256	2.066543
257	1.928653
258	3.647575
259	3.924413
260	3.625796
261	3.179857
262	3.755663
263	3.816989
264	3.022350
265	3.300620
266	3.527094
267	3.451985
268	3.318115
269	2.911462
270	3.077483
271	3.412024
272	3.472706
273	3.422178
274	3.635904
275	3.350908
276	3.424939
277	4.020521
278	3.525011
279	3.236216
280	3.265717
281	3.770638
282	3.576549
283	2.506173
284	3.681210
285	3.342112
286	3.659920
287	3.532619
288	3.302559
289	3.562809
290	3.919593
291	3.766310
292	3.897409
293	3.991329
294	3.531716
295	3.448783
296	3.890219
297	3.481496
298	3.857798
299	3.260722
300	3.739179
301	3.593688
302	3.212603
303	3.835219
304	3.249985
305	3.577414
306	3.458643
307	3.585722
308	3.545825
309	3.515767
310	3.566339
311	2.890311
312	3.811364
313	3.502755
314	3.621850
315	3.213237
316	3.493420
317	3.372195
318	3.267799
319	3.152998
320	3.403589
321	3.468184
322	3.353952
323	3.331158
324	3.667233
325	3.985220
326	3.125413
327	3.966686
328	3.298999
329	3.290154
330	3.584145
331	3.261855
332	3.167366
333	3.101370
334	3.508246
335	3.442976
336	3.303541
337	3.237299
338	4.084284
339	3.575991
340	3.022266
341	3.845958
342	3.537837
343	3.934339
344	3.543419
345	2.902566
346	3.327010
347	3.671663
348	3.176365
349	3.471153
350	3.869343
351	3.202469
352	3.297787
353	3.117437
354	3.171767
355	3.364445
356	3.446288
357	3.418025
358	3.869332
359	4.015090
360	3.370309
361	3.359361
362	3.233218
363	3.335114
364	3.383205
365	3.226840
366	4.152615
367	3.080177
368	3.772558
369	3.241788
370	3.228393
371	3.824617
372	3.180409
373	3.457818
374	3.261823
375	3.477718
376	3.591962
377	3.597140
378	3.932548
379	3.261062
380	3.239413
381	3.244964
382	3.582301
383	3.383044
384	3.705377
385	2.340299
386	3.326152
387	3.400973
388	4.207402
389	3.736282
390	3.838939
391	3.012306
392	3.446825
393	3.908808
394	3.180597
395	3.414501
396	2.720738
397	2.513186
398	3.530594
399	3.513486
400	3.371422
401	3.541592
402	3.295892
403	3.347312
404	3.702905
405	4.106353
406	3.161584
407	3.914308
408	2.575059
409	3.838502
410	3.909552
411	3.175924
412	3.496975
413	3.382877
414	3.607036
415	3.325219
416	3.387333
417	3.172916
418	3.299030
419	3.221324
420	3.334716
421	3.379886
422	2.828162
423	3.180138
424	3.278999
425	3.455617
426	3.366869
427	3.429718
428	3.569397
429	3.440624
430	3.734342
431	3.254624
432	3.524129
433	3.458859
434	3.721557
435	3.614704
436	3.267100
437	3.299510
438	3.629805
439	3.115348
440	2.874876
441	2.827383
442	3.807388
443	3.456024
444	3.435710
445	3.361117
446	3.922476
447	3.297634
448	3.362990
449	3.523903
450	3.283582
451	3.425640
452	3.075651
453	3.358376
454	2.738266
455	2.813957
456	3.332641
457	3.641345
458	3.300484
459	3.363628
460	4.086393
461	3.415979
462	3.686798
463	3.499415
464	3.074152
465	3.432463
466	3.024238
467	3.293283
468	3.699811
469	3.018376
470	4.125204
471	3.353356
472	3.441452
473	3.386091
474	3.446522
475	3.706495
476	3.587268
477	3.630991
478	3.195296
479	3.437235
480	3.379855
481	3.442292
482	3.057187
483	3.389410
484	3.375575
485	3.337199
486	3.361443
487	4.088399
488	3.596331
489	3.246012
490	3.109887
491	3.497925
492	3.459741
493	3.580519
494	3.453261
495	3.035971
496	3.379012
497	3.132555
498	3.509616
499	3.491788
500	3.778372
501	2.865066
502	3.597639
503	3.268836
504	3.259293
505	3.098294
506	3.686529
507	3.383888
508	3.401250
509	3.456555
510	3.055306
511	3.221597
512	3.559511
513	3.470923
514	3.686055
515	3.382614
516	3.851388
517	3.619863
518	3.434778
519	3.851609
520	3.291807
521	3.542399
522	3.520654
523	3.512577
524	3.952216
525	3.441989
526	3.690111
527	3.107750
528	3.968300
529	3.603223
530	3.292690
531	3.507335
532	3.524128
533	2.904981
534	3.075988
535	3.124659
536	3.500887
537	3.915828
538	3.342410
539	3.484265
540	4.024201
541	3.249877
542	3.322484
543	3.399807
544	3.467848
545	3.623739
546	3.295590
547	3.326694
548	3.664709
549	3.220729
550	4.018692
551	3.563483
552	3.282346
553	2.981844
554	3.652738
555	3.456314
556	3.557162
557	3.781824
558	3.210560
559	4.005659
560	3.389410
561	3.249829
562	3.521999
563	3.472908
564	3.719100
565	2.765493
566	1.798805
567	3.280931
568	3.827324
569	3.502543
570	3.340299
571	3.965073
572	3.665583
573	3.505328
574	3.390649
575	3.467850
576	3.888006
577	3.663196
578	3.504698
579	3.473701
580	3.581412
581	3.315445
582	3.251539
583	3.019687
584	1.984994
585	1.812208
586	2.786864
587	3.495297
588	2.956029
589	3.360385
590	3.449726
591	3.573610
592	3.879110
593	4.187670
594	2.713227
595	3.476866
596	3.352653
597	3.744128
598	3.031639
599	3.585490
600	3.598807
601	3.400868
602	3.268471
603	3.260890
604	3.107571
605	2.780666
606	1.860269
607	3.376387
608	2.986151
609	3.289346
610	3.856385
611	2.654807
612	3.667111
613	3.248584
614	3.491891
615	3.363867
616	3.634143
617	3.527975
618	3.318735
619	3.496755
620	3.245598
621	3.889783
622	2.477499
623	3.207554
624	3.528867
625	3.667778
626	3.207958
627	3.451273
628	3.486459
629	3.454982
630	3.918341
631	3.398074
632	4.125836
633	3.653958
634	3.795971
635	2.969514
636	3.732143
637	3.710589
638	3.692006
639	3.484840
640	3.661406
641	3.190125
642	3.459172
643	3.902871
644	3.503466
645	3.370132
646	3.347984
647	2.078300
648	4.112721
649	3.813133
650	3.320558
651	3.773593
652	3.566511
653	3.358288
654	3.570277
655	3.301969
656	3.756611
657	2.356502
658	2.106798
659	3.546673
660	3.308717
661	3.322861
662	3.266649
663	3.268241
664	3.214856
665	3.305744
666	3.131097
667	3.507597
668	3.596707
669	4.668002
670	3.954919
671	3.929833
672	3.620860
673	3.055261
674	3.100143
675	3.904884
676	3.300455
677	3.658810
678	3.437474
679	2.908248
680	3.416551
681	2.940000
682	3.446645
683	3.586906
684	3.366927
685	3.560393
686	3.740910
687	3.475947
688	4.187065
689	3.842670
690	3.681698
691	3.949898
692	3.128978
693	2.928105
694	3.833980
695	3.800353
696	3.111429
697	1.833493
698	3.898558
699	3.163242
700	3.315964
701	2.924550
702	3.167034
703	2.968164
704	3.479684
705	3.585151
706	3.267829
707	3.786053
708	3.578799
709	3.760147
710	3.626043
711	3.239057
712	4.169809
713	3.140033
714	1.961582
715	2.993222
716	3.225538
717	3.287036
718	2.892008
719	2.926136
720	3.352862
721	3.597582
722	3.405054
723	3.657295
724	3.393435
725	3.511199
726	3.221834
727	3.928463
728	3.215879
729	3.390666
730	2.943403
731	1.923697
732	1.770054
733	3.325208
734	3.608518
735	3.853686
736	3.515568
737	1.931578
738	2.550489
739	3.426661
740	3.147394
741	3.382673
742	3.269131
743	3.254259
744	3.182358
745	3.422117
746	3.318749
747	3.115458
748	3.185417
749	3.106355
750	3.435243
751	3.023010
752	3.305980
753	3.194883
754	3.277956
755	3.627463
756	3.227216
757	2.938116
758	3.500911
759	3.355084
760	3.707424
761	3.543587
762	3.506480
763	3.139125
764	3.642769
765	3.193411
766	3.581101
767	3.675869
768	3.808702
769	3.467843
770	3.380608
771	3.520370
772	3.423855
773	3.253674
774	3.276980
775	4.076386
776	3.845642
777	3.685148
778	4.063507
779	3.359537
780	3.581292
781	3.533963
782	3.053534
783	3.281981
784	3.195276
785	3.335536
786	3.627517
787	3.372570
788	3.459509
789	3.566707
790	3.378816
791	3.092268
792	3.284217
793	3.742845
794	3.263096
795	3.358024
796	3.543118
797	3.333797
798	3.889909
799	3.315778
800	3.352614
801	3.385115
802	3.458944
803	3.930904
804	3.247173
805	2.990148
806	3.267261
807	3.332360
808	3.354848
809	3.687237
810	3.853235
811	3.714308
812	3.044208
813	3.766527
814	3.237819
815	3.913684
816	3.081575
817	3.650670
818	3.219396
819	3.171024
820	3.292506
821	3.277635
822	3.392251
823	3.313517
824	3.241142
825	3.602360
826	2.040468
827	3.126741
828	3.338620
829	3.302436
830	3.518221
831	3.320524
832	3.813000
833	3.529809
834	3.541654
835	3.202532
836	3.209203
837	2.973052
838	3.699752
839	3.315689
840	3.394557
841	3.745988
842	3.479808
843	3.339472
844	3.393676
845	4.444005
846	3.045343
847	3.655054
848	3.348147
849	3.200770
850	3.736015
851	2.937820
852	3.247102
853	3.307218
854	3.776054
855	3.185502
856	3.485014
857	3.120339
858	3.154645
859	4.221906
860	4.001773
861	3.811430
862	3.312186
863	2.950686
864	2.432759
865	3.705887
866	3.094267
867	3.224747
868	3.250369
869	3.013458
870	3.689380
871	3.681558
872	3.738056
873	3.281356
874	3.929401
875	3.644693
876	3.610734
877	3.415933
878	3.388128
879	3.374051
880	3.971800
881	3.156599
882	3.414118
883	3.697146
884	3.760918
885	3.149428
886	3.364490
887	2.812031
888	3.365207
889	3.352449
890	3.863224
891	3.698879
892	3.357171
893	2.962936
894	3.410849
895	3.482797
896	3.488393
897	3.237067
898	3.209080
899	3.192630
900	3.136958
901	3.693591
902	3.537568
903	3.341586
904	3.463868
905	3.342891
906	3.714511
907	3.279664
908	3.406186
909	3.102275
910	3.770952
911	3.186738
912	3.304939
913	3.440132
914	3.121820
915	3.402894
916	3.287140
917	3.248549
918	3.373219
919	3.666659
920	3.248216
921	3.405715
922	3.275790
923	3.738946
924	3.677654
925	3.963749
926	3.448494
927	3.609559
928	3.488698
929	3.082030
930	3.112842
931	3.321234
932	3.110291
933	3.729033
934	3.633081
935	3.371140
936	3.484687
937	3.292688
938	4.024177
939	2.824234
940	3.762195
941	3.738259
942	3.416923
943	3.747660
944	3.469886
945	2.877187
946	2.889187
947	3.226653
948	3.073680
949	3.353502
950	2.870086
951	3.110644
952	3.208393
953	3.404176
954	3.304830
955	3.464811
956	3.890937
957	3.541483
958	3.294025
959	3.268611
960	3.662214
961	3.521038
962	3.096725
963	3.548158
964	3.312686
965	3.831028
966	3.174541
967	3.578683
968	3.488065
969	3.701498
970	3.742473
971	3.128709
972	3.449894
973	3.275181
974	3.119150
975	3.073795
976	3.632103
977	3.155787
978	3.717450
979	3.171911
980	3.483476
981	3.242357
982	3.500704
983	3.010548
984	3.215494
985	3.396877
986	3.582964
987	3.188269
988	3.195871
989	3.160566
990	3.120672
991	3.268641
992	3.111416
993	3.582444
994	3.541595
995	3.436103
996	3.564563
997	2.950423
998	3.463177
999	3.625556
1000	3.385818
1001	2.948119
1002	3.339835
1003	3.382927
1004	3.226959
1005	3.121921
1006	3.767148
1007	3.109631
1008	3.642665
1009	3.926968
1010	3.279573
1011	3.341347
1012	3.765422
1013	3.643378
1014	3.512067
1015	3.465631
1016	3.307657
1017	3.320677
1018	3.632850
1019	3.488511
1020	3.265730
1021	3.158149
1022	3.372490
1023	3.653504
1024	3.565921
1025	3.746156
1026	3.712616
1027	3.608685
1028	3.820196
1029	3.948428
1030	3.175800
1031	3.567761
1032	3.752145
1033	3.620416
1034	3.790462
1035	3.416737
1036	3.976796
1037	3.429649
1038	3.331444
1039	3.290149
1040	3.527165
1041	3.267726
1042	3.422923
1043	3.516434
1044	3.586278
1045	3.476406
1046	3.360208
1047	3.541441
1048	1.742960
1049	3.643293
1050	3.348134
1051	2.909536
1052	3.139633
1053	2.993777
1054	3.696284
1055	3.384287
1056	3.819280
1057	3.678669
1058	3.555684
1059	3.146173
1060	3.539575
1061	3.330268
1062	3.076427
1063	3.160014
1064	4.124864
1065	3.386515
1066	3.604635
1067	3.634365
1068	3.807316
1069	3.790621
1070	2.949455
1071	3.268346
1072	3.383740
1073	3.210450
1074	3.301303
1075	3.758657
1076	3.430117
1077	3.845061
1078	3.360269
1079	3.771725
1080	3.964872
1081	3.653860
1082	3.820080
1083	3.587060
1084	3.252171
1085	3.660028
1086	3.644245
1087	3.796892
1088	3.086319
1089	3.490436
1090	3.448163
1091	3.148287
1092	3.471845
1093	3.099628
1094	3.138473
1095	3.173550
1096	3.207877
1097	3.155073
1098	3.270943
1099	3.600295
1100	3.320438
1101	3.448732
1102	3.404732
1103	3.706990
1104	3.291434
1105	3.442366
1106	3.415421
1107	3.543248
1108	3.502799
1109	3.707264
1110	3.298982
1111	3.826692
1112	3.148632
1113	2.587526
1114	3.028069
1115	3.278908
1116	3.389557
1117	3.314152
1118	3.325613
1119	4.206889
1120	3.243778
1121	3.312931
1122	3.053313
1123	3.484524
1124	3.676218
1125	2.987117
1126	3.498276
1127	3.197516
1128	3.678522
1129	3.496251
1130	4.207897
1131	3.349484
1132	3.515187
1133	3.423007
1134	3.150004
1135	3.410585
1136	3.640297
1137	2.993527
1138	3.134470
1139	3.133253
1140	3.376553
1141	3.485412
1142	3.390902
1143	3.459406
1144	3.459913
1145	3.407376
1146	3.526273
1147	2.744325
1148	3.247615
1149	3.407181
1150	3.156656
1151	3.626862
1152	3.401791
1153	3.614331
1154	3.578534
1155	3.528033
1156	3.776692
1157	3.594946
1158	3.777900
1159	3.859467
1160	3.649730
1161	3.568430
1162	3.555544
1163	3.158114
1164	3.284293
1165	4.282827
1166	3.791914
1167	3.662920
1168	3.408650
1169	3.316547
1170	3.592954
1171	3.563105
1172	3.555923
1173	3.264904
1174	3.379719
1175	3.249738
1176	3.348105
1177	3.285287
1178	3.169873
1179	3.538165
1180	3.278142
1181	3.753224
1182	3.273062
1183	3.831033
1184	3.023013
1185	3.448959
1186	3.452114
1187	3.657910
1188	3.536341
1189	3.689255
1190	3.959024
1191	3.868489
1192	3.806231
1193	3.814317
1194	3.375346
1195	3.690922
1196	4.018458
1197	3.867480
1198	3.489155
1199	3.107457
1200	4.007906
1201	3.748036
1202	3.167807
1203	3.213538
1204	2.862114
1205	2.959288
1206	3.126002
1207	3.351612
1208	3.028549
1209	3.582988
1210	2.858165
1211	3.605783
1212	3.452557
1213	3.405540
1214	3.469391
1215	3.483516
1216	3.712062
1217	3.220902
1218	3.247243
1219	3.454432
1220	3.636301
1221	3.733767
1222	3.648494
1223	3.547436
1224	3.499458
1225	3.402885
1226	2.982299
1227	3.203560
1228	3.305239
1229	3.209863
1230	3.018960
1231	3.532902
1232	3.622738
1233	3.140458
1234	3.215685
1235	3.251351
1236	3.107504
1237	3.377368
1238	3.289300
1239	3.266973
1240	3.364562
1241	3.471616
1242	3.526416
1243	3.433684
1244	3.181323
1245	3.678232
1246	3.282311
1247	3.108278
1248	3.247673
1249	3.361101
1250	3.716922
1251	3.433687
1252	3.665421
1253	3.383341
1254	3.806180
1255	3.910830
1256	3.125171
1257	3.323583
1258	3.368369
1259	3.311328
1260	3.231239
1261	4.111073
1262	3.255471
1263	3.620610
1264	3.465989
1265	3.447796
1266	3.396556
1267	3.328993
1268	3.268854
1269	3.487037
1270	3.486959
1271	3.001298
1272	3.412535
1273	3.393831
1274	3.398632
1275	3.986276
1276	3.515877
1277	3.762404
1278	3.972328
1279	3.699768
1280	3.248170
1281	3.096915
1282	3.527620
1283	3.221815
1284	3.410235
1285	3.695593
1286	3.235398
1287	3.212799
1288	3.221694
1289	3.349539
1290	2.894916
1291	3.298608
1292	3.554802
1293	3.603735
1294	3.378021
1295	2.940918
1296	3.575891
1297	3.885458
1298	3.286886
1299	3.799185
1300	3.094607
1301	2.903462
1302	3.209748
1303	3.681645
1304	2.996168
1305	3.655305
1306	3.223704
1307	3.436656
1308	3.559225
1309	3.591395
1310	3.465518
1311	3.508184
1312	3.672211
1313	3.168997
1314	3.242619
1315	3.146248
1316	3.413991
1317	3.157866
1318	2.957736
1319	3.607787
1320	3.260936
1321	2.989395
1322	3.531716
1323	2.740090
1324	2.683017
1325	3.336134
1326	3.374887
1327	2.995681
1328	3.249157
1329	3.300094
1330	3.331203
1331	3.468102
1332	2.886818
1333	3.661231
1334	3.166890
1335	3.332120
1336	3.127079
1337	3.393539
1338	3.271588
1339	3.360971
1340	3.605134
1341	3.370728
1342	3.607442
1343	3.463074
1344	3.130023
1345	3.441235
1346	3.002132
1347	3.297590
1348	3.002551
1349	3.547788
1350	3.533335
1351	4.055779
1352	3.226052
1353	3.271665
1354	3.535091
1355	3.592230
1356	3.640525
1357	3.273191
1358	3.492469
1359	3.415308
1360	3.072798
1361	3.342289
1362	3.366991
1363	3.418456
1364	3.539746
1365	3.011213
1366	3.882111
1367	3.419739
1368	3.599129
1369	3.781704
1370	3.755823
1371	3.274305
1372	3.576665
1373	3.650507
1374	3.613668
1375	3.318102
1376	3.295165
1377	3.583422
1378	2.740914
1379	3.739452
1380	3.121000
1381	3.101500
1382	3.706127
1383	3.463913
1384	3.426998
1385	3.267323
1386	2.762805
1387	3.481969
1388	3.763977
1389	2.792223
1390	3.813057
1391	3.692981
1392	3.010201
1393	3.247287
1394	3.330253
1395	3.204902
1396	3.676134
1397	3.456431
1398	3.015397
1399	3.430349
1400	3.296432
1401	3.743278
1402	3.238057
1403	3.185876
1404	3.794393
1405	3.204469
1406	3.380546
1407	3.329681
1408	3.219521
1409	3.671102
1410	3.360286
1411	3.424425
1412	3.525526
1413	3.130927
1414	3.656581
1415	3.964457
1416	3.426309
1417	3.675539
1418	2.994546
1419	3.525506
1420	3.284215
1421	3.421259
1422	3.057918
1423	3.200962
1424	3.285757
1425	3.087539
1426	3.327191
1427	3.685718
1428	3.383032
1429	3.548549
1430	3.362200
1431	3.296622
1432	3.893458
1433	3.571400
1434	3.127636
1435	3.624513
1436	3.641553
1437	3.236985
1438	3.671153
1439	3.440292
1440	3.475600
1441	2.556110
1442	3.388604
1443	3.905357
1444	3.561279
1445	3.433761
1446	3.574690
1447	3.209857
1448	3.313790
1449	3.193664
1450	3.342632
1451	3.275042
1452	3.289895
1453	3.204059
1454	4.374346
1455	3.409721
1456	3.187696
1457	3.185169
1458	3.660573
1459	3.512408
1460	3.527790
1461	3.455631
1462	3.084819
1463	3.289832
1464	3.338173
1465	3.303466
1466	3.255781
1467	3.592336
1468	3.596122
1469	3.296363
1470	3.411805
1471	3.666456
1472	3.468833
1473	3.355605
1474	3.241187
1475	3.192817
1476	3.454822
1477	3.213020
1478	3.654125
1479	3.327775
1480	3.168738
1481	3.592854
1482	3.169904
1483	3.552817
1484	3.809002
1485	3.113729
1486	3.307340
1487	3.778269
1488	3.427958
1489	3.400370
1490	3.219846
1491	3.521775
1492	3.133464
1493	3.619056
1494	3.427434
1495	3.549594
1496	3.763162
1497	3.445072
1498	3.402849
1499	3.725536
1500	3.716829
1501	3.609847
1502	3.708757
1503	3.770259
1504	4.097098
1505	3.331801
1506	3.995259
1507	3.545787
1508	3.538181
1509	3.356382
1510	3.459436
1511	3.517760
1512	3.897999
1513	3.571120
1514	3.365278
1515	3.394261
1516	3.951874
1517	2.965465
1518	3.434468
1519	3.325207
1520	3.780346
1521	3.183427
1522	3.835027
1523	3.224594
1524	3.491769
1525	3.561191
1526	3.413997
1527	3.450640
1528	2.804955
1529	3.574631
1530	3.922423
1531	3.425859
1532	3.525466
1533	3.094737
1534	3.515608
1535	3.495396
1536	3.292129
1537	3.406270
1538	2.949136
1539	3.555895
1540	3.531032
1541	3.749146
1542	3.325555
1543	3.079055
1544	3.228837
1545	3.433045
1546	3.607561
1547	3.153175
1548	3.456795
1549	3.616571
1550	3.301802
1551	3.292612
1552	3.770491
1553	3.616159
1554	3.348718
1555	3.736776
1556	3.658758
1557	3.494367
1558	3.627603
1559	3.753954
1560	3.346058
1561	3.563750
1562	3.514255
1563	3.281388
1564	3.848350
1565	3.002832
1566	3.545532
1567	3.489421
1568	3.719544
1569	3.290608
1570	3.490398
