0	1.830873
1	1.922112
2	1.674456
3	2.005243
4	1.926185
5	2.086719
6	1.810857
7	1.795272
8	1.883960
9	2.062157
10	1.952181
11	1.856179
12	1.931034
13	1.882630
14	1.992136
15	1.889073
16	1.968628
17	1.938170
18	1.952791
19	1.840351
20	2.042768
21	1.771127
22	1.863142
23	1.819312
24	1.893804
25	1.823979
26	1.875658
27	1.758464
28	1.816643
29	1.872965
30	1.888281
31	1.956781
32	1.801695
33	1.837118
34	2.019853
35	1.930648
36	1.851324
37	1.759772
38	1.719594
39	1.830217
40	1.938864
41	1.934578
42	2.025931
43	2.077763
44	2.112181
45	1.861640
46	2.021165
47	1.654144
48	1.834229
49	1.859598
50	1.753569
51	1.694135
52	2.004596
53	1.764482
54	1.776993
55	1.810858
56	1.838723
57	2.011642
58	2.212080
59	1.864752
60	1.824061
61	1.912354
62	1.700882
63	2.029307
64	1.919115
65	1.803692
66	1.748283
67	1.889443
68	1.870751
69	1.902341
70	1.903343
71	1.727684
72	1.844209
73	1.906017
74	2.306576
75	1.983257
76	1.817800
77	1.902498
78	1.831095
79	1.765362
80	1.933238
81	1.861478
82	1.873976
83	1.741095
84	2.461890
85	1.747599
86	1.694283
87	1.764228
88	1.880583
89	1.817059
90	1.717848
91	1.707044
92	1.783956
93	1.950103
94	1.787120
95	1.887032
96	1.741521
97	1.804052
98	1.844505
99	1.912224
100	1.636275
101	1.783143
102	1.845862
103	1.937163
104	1.827294
105	1.982473
106	1.763692
107	1.743677
108	1.883536
109	1.779692
110	1.825486
111	1.897527
112	1.826609
113	1.738504
114	1.851187
115	1.856905
116	2.126074
117	1.851539
118	1.695552
119	1.847836
120	1.705667
121	2.329487
122	1.984087
123	1.919376
124	1.840786
125	1.750227
126	1.941493
127	1.965144
128	1.772258
129	1.816317
130	1.772176
131	1.940436
132	1.674604
133	2.054118
134	1.920289
135	2.011196
136	1.944073
137	1.698263
138	1.986430
139	1.736520
140	1.904681
141	1.723654
142	1.736347
143	1.846969
144	1.884780
145	1.874753
146	1.812208
147	1.748885
148	1.769576
149	1.759459
150	1.889153
151	1.742759
152	1.941494
153	1.797721
154	1.916510
155	1.833299
156	1.917579
157	1.824139
158	1.722472
159	1.964278
160	1.782978
161	1.738418
162	1.797249
163	1.901708
164	1.985905
165	1.831204
166	1.741433
167	1.865956
168	2.235914
169	1.857821
170	1.792373
171	1.787204
172	2.023739
173	1.791257
174	2.082547
175	1.904361
176	1.943758
177	2.022496
178	1.843500
179	1.852271
180	1.882578
181	1.872270
182	1.938892
183	1.901707
184	1.983733
185	1.662708
186	1.906464
187	1.703202
188	2.077112
189	1.683475
190	1.802553
191	1.838723
192	1.665471
193	1.886824
194	1.779242
195	1.712425
196	1.992135
197	1.744047
198	1.771695
199	1.890265
200	1.713798
201	1.783141
202	2.100548
203	2.095282
204	1.868930
205	1.810332
206	1.819532
207	1.899606
208	1.812015
209	1.932590
210	1.887592
211	1.616202
212	1.951895
213	2.196406
214	1.967383
215	1.929507
216	1.765475
217	1.931346
218	1.926318
219	1.888941
220	1.928884
221	2.063224
222	1.914598
223	1.793403
224	1.804054
225	1.729508
226	1.875128
227	2.103639
228	1.837117
229	1.867004
230	1.672423
231	1.807790
232	1.843830
233	1.736290
234	2.042503
235	1.948256
236	1.754138
237	1.865554
238	2.032456
239	2.486919
240	2.047530
241	1.871284
242	1.929193
243	1.983653
244	1.769094
245	1.797165
246	1.716102
247	1.815873
248	1.759687
249	1.743678
250	1.630617
251	1.823978
252	2.072824
253	1.847592
254	1.863035
255	1.804796
256	1.816234
257	1.870212
258	1.936386
259	1.885340
260	1.764711
261	1.683212
262	1.887992
263	1.762841
264	2.133406
265	1.990251
266	1.775924
267	1.820824
268	1.982018
269	1.975652
270	1.806484
271	1.977219
272	1.731677
273	1.753281
274	1.811302
275	1.852192
276	1.837121
277	1.734444
278	2.000804
279	1.783061
280	1.694991
281	1.749091
282	2.007463
283	1.845669
284	1.739912
285	1.823788
286	1.865846
287	1.759343
288	1.904894
289	1.926085
290	1.891084
291	1.883315
292	2.222566
293	1.897081
294	1.859086
295	1.808011
296	1.826830
297	1.864430
298	1.853917
299	1.867864
300	2.077164
301	1.851971
302	1.715834
303	1.756986
304	1.959719
305	2.333881
306	1.857040
307	1.909005
308	1.973477
309	1.797943
310	1.866790
311	1.806376
312	2.121934
313	1.871631
314	1.812187
315	1.661144
316	1.829181
317	1.868746
318	1.789774
319	1.971106
320	1.789442
321	1.832209
322	1.859569
323	1.874938
324	1.694373
325	2.106064
326	1.759233
327	1.720724
328	1.708394
329	1.804826
330	1.736750
331	1.751744
332	1.744390
333	1.761477
334	1.968832
335	1.855587
336	1.909292
337	1.842308
338	1.922005
339	1.942729
340	1.865528
341	1.709915
342	1.820220
343	1.775188
344	1.750972
345	1.861209
346	1.790306
347	1.973853
348	1.870029
349	1.986681
350	2.444525
351	1.807621
352	2.095447
353	1.727542
354	2.143969
355	1.949383
356	2.282652
357	2.348553
358	1.892749
359	1.747826
360	1.954764
361	1.718401
362	2.804104
363	1.842473
364	2.109928
365	1.976260
366	1.856233
367	1.728757
368	1.885339
369	1.883694
370	2.032388
371	1.849270
372	1.978736
373	1.896972
374	1.773443
375	1.730463
376	1.681311
377	1.858198
378	1.910342
379	1.699708
380	1.756728
381	1.652330
382	1.702648
383	1.860702
384	1.893858
385	1.828063
386	1.938167
387	1.870536
388	1.902339
389	1.873869
390	1.721219
391	1.892247
392	1.778931
393	1.835917
394	1.783732
395	2.014549
396	1.949824
397	1.702381
398	1.772031
399	1.772256
400	1.758270
401	2.213402
402	1.928237
403	1.964611
404	1.731443
405	1.937592
406	1.950026
407	1.953544
408	2.077739
409	1.747765
410	1.805712
411	1.833931
412	1.947562
413	1.919528
414	1.994618
415	2.017073
416	1.937967
417	1.773385
418	1.977625
419	1.930002
420	1.787008
421	1.700175
422	2.113884
423	1.926943
424	1.940977
425	1.735851
426	1.850913
427	1.951123
428	2.028913
429	1.855287
430	1.678363
431	1.856504
432	2.080577
433	1.963415
434	1.753665
435	1.916588
436	1.822222
437	2.694367
438	1.697704
439	1.948276
440	1.909480
441	1.743362
442	1.790225
443	1.750830
444	1.668593
445	1.857391
446	1.704410
447	1.853298
448	1.778904
449	1.960255
450	2.318406
451	2.002949
452	1.813119
453	1.905835
454	1.927534
455	1.759911
456	2.131057
457	1.815902
458	1.821673
459	1.840678
460	1.994719
461	1.856100
462	1.759690
463	1.862394
464	1.913583
465	1.801861
466	2.057131
467	1.800776
468	1.852729
469	1.689851
470	1.874915
471	1.732888
472	1.703498
473	1.759603
474	1.861427
475	1.786226
476	1.752141
477	1.852622
478	1.698381
479	1.777132
480	1.929637
481	1.826637
482	1.942421
483	1.763122
484	1.782947
485	1.999050
486	1.743244
487	1.748056
488	1.678630
489	1.905308
490	1.936544
491	1.768672
492	1.979722
493	2.054288
494	1.952255
495	1.700383
496	1.771501
497	1.788491
498	1.772061
499	1.892591
500	2.119574
501	1.993214
502	1.642803
503	1.808038
504	1.985674
505	1.885311
506	1.678393
507	1.814233
508	1.723949
509	1.764454
510	1.657076
511	1.817058
512	1.774204
513	1.735771
514	1.897657
515	1.964333
516	1.747026
517	1.893621
518	1.704435
519	1.728439
520	1.741379
521	1.656050
522	1.901548
523	1.711052
524	1.825624
525	1.693703
526	1.921094
527	1.759602
528	2.184056
529	1.886531
530	2.073168
531	2.156077
532	1.892248
533	1.834638
534	1.949897
535	1.821099
536	1.883960
537	1.874592
538	1.795133
539	1.737901
540	1.835783
541	1.877055
542	1.636031
543	1.913353
544	2.021014
545	1.927924
546	1.717587
547	1.744647
548	1.817525
549	2.187007
550	2.223915
551	2.030985
552	2.037278
553	2.117215
554	1.994844
555	1.825511
556	3.162057
557	2.058155
558	1.802051
559	2.051853
560	1.893093
561	1.906646
562	1.906567
563	1.998025
564	1.929377
565	1.744105
566	1.695081
567	1.751229
568	1.682765
569	2.001249
570	1.735366
571	1.946611
572	1.699706
573	1.973068
574	1.942654
575	2.037499
576	1.895098
577	1.751854
578	1.782161
579	1.887034
580	2.210905
581	1.814995
582	2.067727
583	1.713008
584	1.832458
585	1.876939
586	1.869036
587	2.081635
588	1.767372
589	1.742644
590	1.754762
591	1.861691
592	1.901212
593	1.723832
594	1.838095
595	1.933624
596	1.751235
597	1.857847
598	1.981238
599	1.752882
600	1.798334
601	1.883879
602	1.819122
603	1.879417
604	1.881620
605	1.938685
606	1.808148
607	1.971243
608	1.827293
609	1.803495
610	1.907035
611	1.628189
612	1.774768
613	1.790279
614	1.702481
615	1.907458
616	1.848757
617	1.945121
618	1.753454
619	1.826088
620	2.053923
621	1.846239
622	1.796579
623	2.001249
624	1.734619
625	1.649182
626	1.786645
627	1.769774
628	1.894966
629	1.817857
630	1.761277
631	1.792289
632	1.886426
633	1.920208
634	1.744104
635	1.840678
636	1.848973
637	1.882287
638	2.057523
639	1.821757
640	1.804550
641	1.794436
642	1.622683
643	1.902236
644	1.879414
645	1.918776
646	1.684458
647	1.800502
648	1.783424
649	2.198774
650	1.833766
651	2.136377
652	1.831065
653	1.750286
654	2.040933
655	2.017249
656	1.918800
657	1.905151
658	1.765387
659	1.831938
660	2.233743
661	1.886504
662	1.790336
663	1.863923
664	1.722383
665	1.932384
666	2.185725
667	1.609316
668	1.732194
669	2.018242
670	1.970585
671	1.671018
672	1.796301
673	1.926992
674	1.813751
675	1.778370
676	1.999951
677	2.027954
678	1.754565
679	1.771837
680	1.774203
681	1.954943
682	2.071086
683	2.117688
684	1.814414
685	1.968502
686	2.044751
687	1.693429
688	1.826936
689	1.722730
690	1.660303
691	1.972689
692	2.083483
693	1.794297
694	1.866600
695	1.930440
696	1.813644
697	1.920080
698	1.727744
699	1.825817
700	1.803663
701	1.754224
702	1.914940
703	2.148117
704	1.986554
705	1.978965
706	1.773303
707	1.980759
708	1.910445
709	2.004476
710	1.799695
711	1.855531
712	2.036616
713	1.901316
714	1.785217
715	2.120471
716	2.174972
717	1.945485
718	1.892166
719	1.687041
720	1.885208
721	1.818790
722	1.863094
723	1.917370
724	1.923045
725	1.879625
726	2.245840
727	1.994618
728	1.812897
729	1.767867
730	1.702847
731	1.713480
732	1.768187
733	1.849702
734	1.820467
735	1.830691
736	1.779823
737	1.676126
738	1.790272
739	1.965322
740	1.749315
741	1.754191
742	1.763090
743	1.869492
744	1.939098
745	1.848597
746	1.889049
747	1.904205
748	1.796247
749	2.024299
750	1.800947
751	1.838313
752	1.814856
753	1.873981
754	2.340000
755	1.852375
756	1.795241
757	1.703117
758	1.632606
759	2.132159
760	1.815189
761	1.799639
762	1.932590
763	1.736689
764	1.890847
765	1.727831
766	1.880344
767	1.801941
768	1.777921
769	2.259845
770	1.781601
771	1.900053
772	1.687750
773	1.867297
774	1.870346
775	2.020152
776	2.056916
777	1.843066
778	1.842878
779	1.722266
780	2.027122
781	1.913895
782	1.873878
783	1.893832
784	1.937652
785	2.029458
786	2.038945
787	1.793711
788	1.849675
789	1.721105
790	1.904757
791	1.762101
792	1.804298
793	1.832213
794	1.857471
795	1.855748
796	1.849054
797	1.983154
798	1.744991
799	1.856906
800	1.925486
801	1.772934
802	1.666523
803	1.735340
804	1.855748
805	1.852378
806	1.875231
807	1.790447
808	1.604805
809	1.814084
810	1.848593
811	1.854454
812	1.832757
813	1.818599
814	1.944685
815	1.751970
816	1.921508
817	1.708040
818	1.914210
819	1.675352
820	1.760967
821	1.710467
822	1.707336
823	1.958316
824	1.726556
825	1.740603
826	1.839810
827	1.870266
828	1.688254
829	2.017399
830	1.813753
831	1.841902
832	1.852431
833	1.819395
834	1.732801
835	1.864135
836	1.666854
837	1.983783
838	1.908980
839	1.769633
840	1.853348
841	1.807928
842	1.621202
843	1.920860
844	1.701470
845	1.850108
846	1.838043
847	1.975045
848	1.963313
849	1.815187
850	1.989371
851	2.143456
852	1.871419
853	1.896734
854	1.865180
855	1.845129
856	1.868422
857	1.812016
858	1.954481
859	1.898973
860	1.780900
861	1.877792
862	1.782385
863	1.894756
864	1.963008
865	1.913819
866	2.216753
867	2.024106
868	1.842389
869	1.786335
870	1.938788
871	1.794883
872	1.868529
873	1.717352
874	1.908534
875	1.769125
876	1.932666
877	1.872672
878	2.272135
879	1.851646
880	1.761730
881	1.834612
882	2.097879
883	1.947562
884	1.812098
885	1.844886
886	1.748886
887	2.125394
888	2.004520
889	1.904547
890	2.423007
891	1.895627
892	2.383904
893	1.834720
894	1.720988
895	1.960639
896	2.087608
897	1.888967
898	1.851407
899	1.780113
900	2.020222
901	1.785329
902	1.784040
903	1.826280
904	1.794045
905	1.752968
906	1.742327
907	1.745051
908	2.080890
909	1.788267
910	2.069033
911	1.888703
912	1.886551
913	1.922516
914	1.801027
915	1.883321
916	2.004726
917	1.784722
918	1.759034
919	1.832827
920	1.959034
921	2.284739
922	2.507489
923	1.854428
924	1.817993
925	1.792791
926	1.780646
927	1.983406
928	1.876672
929	1.946792
930	1.806377
931	1.711871
932	1.978940
933	1.951845
934	1.846429
935	1.702241
936	1.922551
937	1.711901
938	1.951358
939	1.792289
940	2.051000
941	1.625701
942	1.963494
943	1.803469
944	1.601250
945	1.698617
946	1.928261
947	1.822388
948	1.656050
949	2.131854
950	1.757526
951	1.835921
952	1.805132
953	1.745709
954	1.847809
955	1.680655
956	1.843204
957	2.032166
958	1.848135
959	1.873099
960	1.918254
961	2.075958
962	1.747026
963	1.853267
964	1.797137
965	1.913139
966	1.912224
967	1.726123
968	2.105066
969	1.696408
970	1.804439
971	1.821071
972	1.696290
973	1.836682
974	1.997349
975	2.250244
976	1.681814
977	1.838749
978	1.866039
979	1.851080
980	1.719593
981	1.823266
982	1.900763
983	1.809614
984	1.848081
985	1.754566
986	1.966545
987	1.885100
988	1.831774
989	1.770959
990	1.812484
991	1.936208
992	1.800805
993	2.080625
994	1.882818
995	1.775190
996	1.690089
997	2.009205
998	1.843934
999	1.747397
1000	1.893700
1001	1.635696
1002	1.744046
1003	1.950410
1004	1.899736
1005	1.738073
1006	1.737728
1007	1.771018
1008	1.853268
1009	1.993339
1010	1.882419
1011	2.105090
1012	1.815791
1013	1.878989
1014	1.675500
1015	1.850541
1016	1.873634
1017	1.772174
1018	1.942603
1019	1.831939
1020	1.650969
1021	2.030269
1022	1.919949
1023	1.694226
1024	1.789889
1025	1.713273
1026	1.884145
1027	1.824883
1028	1.890211
1029	1.763095
1030	1.671467
1031	1.861344
1032	1.738591
1033	2.182314
1034	1.949797
1035	1.722469
1036	2.037966
1037	1.741753
1038	1.655475
1039	1.828715
1040	1.814084
1041	1.830329
1042	1.841141
1043	1.856905
1044	1.801472
1045	1.791479
1046	1.864028
1047	1.698617
1048	2.148139
1049	1.778228
1050	1.952998
1051	1.838314
1052	2.041273
1053	1.783844
1054	1.838803
1055	1.683419
1056	1.884090
1057	1.742556
1058	1.885364
1059	1.870027
1060	1.896865
1061	1.871068
1062	2.163562
1063	1.874194
1064	1.920157
1065	1.736490
1066	1.836627
1067	1.928575
1068	1.737411
1069	1.829098
1070	2.083219
1071	1.860780
1072	1.902447
1073	1.827047
1074	1.811132
1075	1.840678
1076	1.787205
1077	1.788574
1078	2.073668
1079	1.750114
1080	2.149907
1081	1.776598
1082	1.795382
1083	1.944455
1084	1.784655
1085	2.074030
1086	1.809999
1087	1.771157
1088	1.835781
1089	2.033912
1090	1.676307
1091	2.592798
1092	2.248600
1093	2.136097
1094	1.825322
1095	1.846809
1096	1.771213
1097	1.951921
1098	2.173154
1099	1.739109
1100	1.704229
1101	1.711549
1102	2.312227
1103	1.866602
1104	1.858226
1105	1.891561
1106	1.890236
1107	2.084251
1108	2.012312
1109	1.824857
1110	1.956756
1111	1.770368
1112	1.820029
1113	1.712339
1114	1.928342
1115	1.747284
1116	1.933442
1117	1.770254
1118	1.743188
1119	1.954356
1120	2.018986
1121	1.700647
1122	2.107178
1123	1.733550
1124	2.006814
1125	1.811767
1126	2.032760
1127	2.093059
1128	1.899951
1129	2.027166
1130	1.875795
1131	1.802359
1132	1.782888
1133	1.799139
1134	1.909397
1135	1.875556
1136	1.847403
1137	2.017449
1138	1.756729
1139	1.880692
1140	1.843204
1141	1.722381
1142	1.879494
1143	1.669311
1144	1.974360
1145	1.889709
1146	1.872541
1147	1.771102
1148	1.927483
1149	1.904676
1150	1.783286
1151	1.924109
1152	1.854803
1153	1.904758
1154	1.743245
1155	1.947511
1156	1.696142
1157	1.801249
1158	1.873312
1159	2.011617
1160	2.090407
1161	1.846727
1162	1.878429
1163	1.852727
1164	1.740258
1165	1.875660
1166	2.261348
1167	3.398838
1168	2.025757
1169	2.789945
1170	1.761846
1171	1.851648
1172	3.034370
1173	2.238325
1174	1.780925
1175	1.794045
1176	3.306523
1177	3.443806
1178	1.815598
1179	2.562771
1180	2.935440
1181	1.858628
1182	2.166427
1183	3.457758
1184	3.585317
1185	1.981640
1186	1.942113
1187	1.855209
1188	1.846809
1189	2.051559
1190	1.792373
1191	2.101072
1192	1.917107
1193	1.745023
1194	2.005268
1195	1.828388
1196	1.813340
1197	1.818268
1198	1.689675
1199	1.999151
1200	1.767173
1201	1.895994
1202	1.738966
1203	1.768107
1204	1.791814
1205	1.798472
1206	1.946203
1207	1.773079
1208	1.882499
1209	1.857794
1210	1.804911
1211	1.968679
1212	1.995521
1213	2.105351
1214	1.951768
1215	2.105279
1216	2.011019
1217	1.848513
1218	1.773669
1219	1.888121
1220	2.226612
1221	1.963697
1222	1.924993
1223	1.843719
1224	1.946355
1225	1.842660
1226	1.804383
1227	1.686120
1228	1.657861
1229	1.892590
1230	1.892962
1231	2.111870
1232	1.785833
1233	1.888225
1234	1.740345
1235	1.894360
1236	1.815985
1237	1.921692
1238	1.898130
1239	1.861425
1240	2.010224
1241	1.756730
1242	1.734216
1243	1.774401
1244	1.779833
1245	1.785131
1246	1.741866
1247	1.838613
1248	2.083554
1249	1.795494
1250	1.858413
1251	1.869065
1252	1.968477
1253	2.014149
1254	1.725138
1255	3.364299
1256	2.538603
1257	3.198593
1258	1.843855
1259	1.856369
1260	1.999725
1261	3.038486
1262	1.933856
1263	1.991834
1264	1.743128
1265	1.891058
1266	1.851323
1267	2.373817
1268	1.878244
1269	1.707777
1270	1.895811
1271	3.495511
1272	2.271144
1273	1.871469
1274	1.860617
1275	1.803663
1276	1.856179
1277	2.182613
1278	1.807984
1279	1.800581
1280	2.827738
1281	1.846673
1282	2.427695
1283	1.972561
1284	2.180115
1285	1.907616
1286	1.831312
1287	2.105112
1288	1.871069
1289	1.792037
1290	2.069444
1291	3.454940
1292	1.696762
1293	1.865180
1294	1.915934
1295	3.267354
1296	1.920079
1297	1.850056
1298	2.990786
1299	1.883456
1300	2.388094
1301	1.932176
1302	1.762894
1303	3.201219
1304	1.895126
1305	1.870053
1306	1.800805
1307	1.844504
1308	2.038946
1309	2.376742
1310	1.997325
1311	1.853348
1312	2.837903
1313	1.945200
1314	1.828303
1315	3.238797
1316	1.857823
1317	2.177841
1318	1.923172
1319	1.960001
1320	1.891271
1321	2.898585
1322	1.873711
1323	2.044041
1324	1.841006
1325	2.062621
1326	2.426478
1327	1.880264
1328	1.863062
1329	1.827949
1330	1.794046
1331	1.748629
1332	1.805158
1333	1.936621
1334	1.711843
1335	1.779694
1336	1.881434
1337	1.708799
1338	1.922523
1339	1.945327
1340	1.796970
1341	1.738793
1342	1.750715
1343	1.892433
1344	1.825733
1345	2.006266
1346	1.951358
1347	1.866816
1348	1.868931
1349	1.814663
1350	1.812015
1351	1.751456
1352	1.778594
1353	2.006713
1354	2.087942
1355	1.974386
1356	1.747313
1357	1.820686
1358	1.890106
1359	1.734762
1360	1.891719
1361	1.958318
1362	1.982673
1363	1.992134
1364	1.767654
1365	2.124406
1366	2.137965
1367	2.061188
1368	2.065042
1369	1.735626
1370	2.238863
1371	1.947049
1372	1.752626
1373	1.702087
1374	1.658974
1375	1.992915
1376	2.267377
1377	2.011592
1378	2.122875
1379	1.891401
1380	1.873259
1381	1.923824
1382	1.834149
1383	2.056235
1384	1.767964
1385	2.189726
1386	1.987310
1387	1.917551
1388	1.830767
1389	2.067124
1390	1.700500
1391	1.778931
1392	1.706926
1393	1.919453
1394	2.046289
1395	1.993439
1396	1.791815
1397	1.794715
1398	2.030887
1399	2.093920
1400	1.938865
1401	2.257166
1402	1.728988
1403	1.976512
1404	1.767936
1405	2.231166
1406	1.909844
1407	1.744104
1408	2.190228
1409	1.756388
1410	1.888941
1411	1.828497
1412	2.018439
1413	1.804688
1414	1.773752
1415	1.880983
1416	1.750028
1417	1.783087
1418	1.763349
1419	1.994116
1420	1.977726
1421	1.735453
1422	1.908664
1423	1.839211
1424	1.791034
1425	1.792791
1426	1.785132
1427	1.879947
1428	1.883693
1429	2.263560
1430	1.863116
1431	1.984666
1432	2.001349
1433	1.690977
1434	1.689794
1435	2.031379
1436	1.834449
1437	1.897894
1438	1.761391
1439	2.171405
1440	1.849811
1441	2.225264
1442	1.893675
1443	1.822745
1444	1.770958
1445	1.850271
1446	1.812458
1447	1.692425
1448	1.890051
1449	2.010721
1450	1.921457
1451	1.883506
1452	1.859195
1453	1.785442
1454	1.818874
1455	2.076030
1456	1.687660
1457	1.928885
1458	1.757100
1459	2.093608
1460	1.770001
1461	1.835321
1462	1.852593
1463	1.766013
1464	1.835484
1465	1.928030
1466	1.853052
1467	1.700235
1468	1.856502
1469	2.070096
1470	2.020718
1471	1.968426
1472	1.738563
1473	1.803636
1474	2.038555
1475	1.934348
1476	1.821099
1477	1.935303
1478	2.081851
1479	2.004893
1480	1.909921
1481	1.640428
1482	1.888837
1483	1.864565
1484	2.132110
1485	1.698500
1486	1.700617
1487	1.719769
1488	1.943451
1489	1.731157
1490	1.748826
1491	1.678423
1492	2.089523
1493	1.731156
1494	1.820823
1495	1.938322
1496	1.851483
1497	1.690531
1498	1.890528
1499	1.939176
1500	1.904891
1501	1.775557
1502	1.824061
1503	1.683448
1504	2.148978
1505	1.866493
1506	1.815813
1507	1.937035
1508	1.958290
1509	2.090191
1510	1.753082
1511	1.871951
1512	1.727513
1513	1.823923
1514	1.804327
1515	1.950815
1516	1.963775
1517	1.817305
1518	2.001027
1519	1.905649
1520	1.868288
1521	1.821291
1522	1.825377
1523	1.960714
