0	1.830873
1	1.922112
2	1.674456
3	2.005243
4	1.926185
5	2.086719
6	1.810857
7	1.795272
8	1.883960
9	2.062157
10	1.952181
11	1.856179
12	1.931034
13	1.882630
14	1.992136
15	1.889073
16	1.968628
17	1.938170
18	1.952791
19	1.840351
20	2.042768
21	1.771127
22	1.863142
23	1.819312
24	1.893804
25	1.823979
26	1.875658
27	1.758464
28	1.816643
29	1.872965
30	1.888281
31	1.956781
32	1.801695
33	1.837118
34	2.019853
35	1.930648
36	1.851324
37	1.759772
38	1.719594
39	1.830217
40	1.938864
41	1.934578
42	2.025931
43	2.077763
44	2.112181
45	1.861640
46	2.021165
47	1.654144
48	1.834229
49	1.859598
50	1.753569
51	1.694135
52	2.004596
53	1.764482
54	1.776993
55	1.810858
56	1.838723
57	2.011642
58	2.212080
59	1.864752
60	1.824061
61	1.912354
62	1.700882
63	2.029307
64	1.919115
65	1.803692
66	1.748283
67	1.889443
68	1.870751
69	1.902341
70	1.903343
71	1.727684
72	1.844209
73	1.906017
74	2.306576
75	1.983257
76	1.817800
77	1.902498
78	1.831095
79	1.765362
80	1.933238
81	1.861478
82	1.873976
83	1.741095
84	2.461890
85	1.747599
86	1.694283
87	1.764228
88	1.880583
89	1.817059
90	1.717848
91	1.707044
92	1.783956
93	1.950103
94	1.787120
95	1.887032
96	1.741521
97	1.804052
98	1.844505
99	1.912224
100	1.636275
101	1.783143
102	1.845862
103	1.937163
104	1.827294
105	1.982473
106	1.763692
107	1.743677
108	1.883536
109	1.779692
110	1.825486
111	1.897527
112	1.826609
113	1.738504
114	1.851187
115	1.856905
116	2.126074
117	1.851539
118	1.695552
119	1.847836
120	1.705667
121	2.329487
122	1.984087
123	1.919376
124	1.840786
125	1.750227
126	1.941493
127	1.965144
128	1.772258
129	1.816317
130	1.772176
131	1.940436
132	1.674604
133	2.054118
134	1.920289
135	2.011196
136	1.944073
137	1.698263
138	1.986430
139	1.736520
140	1.904681
141	1.723654
142	1.736347
143	1.846969
144	1.884780
145	1.874753
146	1.812208
147	1.748885
148	1.769576
149	1.759459
150	1.889153
151	1.742759
152	1.941494
153	1.797721
154	1.916510
155	1.833299
156	1.917579
157	1.824139
158	1.722472
159	1.964278
160	1.782978
161	1.738418
162	1.797249
163	1.901708
164	1.985905
165	1.831204
166	1.741433
167	1.865956
168	2.235914
169	1.857821
170	1.792373
171	1.787204
172	2.023739
173	1.791257
174	2.082547
175	1.904361
176	1.943758
177	2.022496
178	1.843500
179	1.852271
180	1.882578
181	1.872270
182	1.938892
183	1.901707
184	1.983733
185	1.662708
186	1.906464
187	1.703202
188	2.077112
189	1.683475
190	1.802553
191	1.838723
192	1.665471
193	1.886824
194	1.779242
195	1.712425
196	1.992135
197	1.744047
198	1.771695
199	1.890265
200	1.713798
201	1.783141
202	2.100548
203	2.095282
204	1.868930
205	1.810332
206	1.819532
207	1.899606
208	1.812015
209	1.932590
210	1.887592
211	1.616202
212	1.951895
213	2.196406
214	1.967383
215	1.929507
216	1.765475
217	1.931346
218	1.926318
219	1.888941
220	1.928884
221	2.063224
222	1.914598
223	1.793403
224	1.804054
225	1.729508
226	1.875128
227	2.103639
228	1.837117
229	1.867004
230	1.672423
231	1.807790
232	1.843830
233	1.736290
234	2.042503
235	1.948256
236	1.754138
237	1.865554
238	2.032456
239	2.486919
240	2.047530
241	1.871284
242	1.929193
243	1.983653
244	1.769094
245	1.797165
246	1.716102
247	1.815873
248	1.759687
249	1.743678
250	1.630617
251	1.823978
252	2.072824
253	1.847592
254	1.863035
255	1.804796
256	1.816234
257	1.870212
258	1.936386
259	1.885340
260	1.764711
261	1.683212
262	1.887992
263	1.762841
264	2.133406
265	1.990251
266	1.775924
267	1.820824
268	1.982018
269	1.975652
270	1.806484
271	1.977219
272	1.731677
273	1.753281
274	1.811302
275	1.852192
276	1.837121
277	1.734444
278	2.000804
279	1.783061
280	1.694991
281	1.749091
282	2.007463
283	1.845669
284	1.739912
285	1.823788
286	1.865846
287	1.759343
288	1.904894
289	1.926085
290	1.891084
291	1.883315
292	2.222566
293	1.897081
294	1.859086
295	1.808011
296	1.826830
297	1.864430
298	1.853917
299	1.867864
300	2.077164
301	1.851971
302	1.715834
303	1.756986
304	1.959719
305	2.333881
306	1.857040
307	1.909005
308	1.973477
309	1.797943
310	1.866790
311	1.806376
312	2.121934
313	1.871631
314	1.812187
315	1.661144
316	1.829181
317	1.868746
318	1.789774
319	1.971106
320	1.789442
321	1.832209
322	1.859569
323	1.874938
324	1.694373
325	2.106064
326	1.759233
327	1.720724
328	1.708394
329	1.804826
330	1.736750
331	1.751744
332	1.744390
333	1.761477
334	1.968832
335	1.855587
336	1.909292
337	1.842308
338	1.922005
339	1.942729
340	1.865528
341	1.709915
342	1.820220
343	1.775188
344	1.750972
345	1.861209
346	1.790306
347	1.973853
348	1.870029
349	1.986681
350	2.444525
351	1.807621
352	2.095447
353	1.727542
354	2.143969
355	1.949383
356	2.282652
357	2.348553
358	1.892749
359	1.747826
360	1.954764
361	1.718401
362	2.804104
363	1.842473
364	2.109928
365	1.976260
366	1.856233
367	1.728757
368	1.885339
369	1.883694
370	2.032388
371	1.849270
372	1.978736
373	1.896972
374	1.773443
375	1.730463
376	1.681311
377	1.858198
378	1.910342
379	1.699708
380	1.756728
381	1.652330
382	1.702648
383	1.860702
384	1.893858
385	1.828063
386	1.938167
387	1.870536
388	1.902339
389	1.873869
390	1.721219
391	1.892247
392	1.778931
393	1.835917
394	1.783732
395	2.014549
396	1.949824
397	1.702381
398	1.772031
399	1.772256
400	1.758270
401	2.213402
402	1.928237
403	1.964611
404	1.731443
405	1.937592
406	1.950026
407	1.953544
408	2.077739
409	1.747765
410	1.805712
411	1.833931
412	1.947562
413	1.919528
414	1.994618
415	2.017073
416	1.937967
417	1.773385
418	1.977625
419	1.930002
420	1.787008
421	1.700175
422	2.113884
423	1.926943
424	1.940977
425	1.735851
426	1.850913
427	1.951123
428	2.028913
429	1.855287
430	1.678363
431	1.856504
432	2.080577
433	1.963415
434	1.753665
435	1.916588
436	1.822222
437	2.694367
438	1.697704
439	1.948276
440	1.909480
441	1.743362
442	1.790225
443	1.750830
444	1.668593
445	1.857391
446	1.704410
447	1.853298
448	1.778904
449	1.960255
450	2.318406
451	2.002949
452	1.813119
453	1.905835
454	1.927534
455	1.759911
456	2.131057
457	1.815902
458	1.821673
459	1.840678
460	1.994719
461	1.856100
462	1.759690
463	1.862394
464	1.913583
465	1.801861
466	2.057131
467	1.800776
468	1.852729
469	1.689851
470	1.874915
471	1.732888
472	1.703498
473	1.759603
474	1.861427
475	1.786226
476	1.752141
477	1.852622
478	1.698381
479	1.777132
480	1.929637
481	1.826637
482	1.942421
483	1.763122
484	1.782947
485	1.999050
486	1.743244
487	1.748056
488	1.678630
489	1.905308
490	1.936544
491	1.768672
492	1.979722
493	2.054288
494	1.952255
495	1.700383
496	1.771501
497	1.788491
498	1.772061
499	1.892591
500	2.119574
501	1.993214
502	1.642803
503	1.808038
504	1.985674
505	1.885311
506	1.678393
507	1.814233
508	1.723949
509	1.764454
510	1.657076
511	1.817058
512	1.774204
513	1.735771
514	1.897657
515	1.964333
516	1.747026
517	1.893621
518	1.704435
519	1.728439
520	1.741379
521	1.656050
522	1.901548
523	1.711052
524	1.825624
525	1.693703
526	1.921094
527	1.759602
528	2.184056
529	1.886531
530	2.073168
531	2.156077
532	1.892248
533	1.834638
534	1.949897
535	1.821099
536	1.883960
537	1.874592
538	1.795133
539	1.737901
540	1.835783
541	1.877055
542	1.636031
543	1.913353
544	2.021014
545	1.927924
546	1.717587
547	1.744647
548	1.817525
549	2.187007
550	2.223915
551	2.030985
552	2.037278
553	2.117215
554	1.994844
555	1.825511
556	3.162057
557	2.058155
558	1.802051
559	2.051853
560	1.893093
561	1.906646
562	1.906567
563	1.998025
564	1.929377
565	1.744105
566	1.695081
567	1.751229
568	1.682765
569	2.001249
570	1.735366
571	1.946611
572	1.699706
573	1.973068
574	1.942654
575	2.037499
576	1.895098
577	1.751854
578	1.782161
579	1.887034
580	2.210905
581	1.814995
582	2.067727
583	1.713008
584	1.832458
585	1.876939
586	1.869036
587	2.081635
588	1.767372
589	1.742644
590	1.754762
591	1.861691
592	1.901212
593	1.723832
594	1.838095
595	1.933624
596	1.751235
597	1.857847
598	1.981238
599	1.752882
600	1.798334
601	1.883879
602	1.819122
603	1.879417
604	1.881620
605	1.938685
606	1.808148
607	1.971243
608	1.827293
609	1.803495
610	1.907035
611	1.628189
612	1.774768
613	1.790279
614	1.702481
615	1.907458
616	1.848757
617	1.945121
618	1.753454
619	1.826088
620	2.053923
621	1.846239
622	1.796579
623	2.001249
624	1.734619
625	1.649182
626	1.786645
627	1.769774
628	1.894966
629	1.817857
630	1.761277
631	1.792289
632	1.886426
633	1.920208
634	1.744104
635	1.840678
636	1.848973
637	1.882287
638	2.057523
639	1.821757
640	1.804550
641	1.794436
642	1.622683
643	1.902236
644	1.879414
645	1.918776
646	1.684458
647	1.800502
648	1.783424
649	2.198774
650	1.833766
651	2.136377
652	1.831065
653	1.750286
654	2.040933
655	2.017249
656	1.918800
657	1.905151
658	1.765387
659	1.831938
660	2.233743
661	1.886504
662	1.790336
663	1.863923
664	1.722383
665	1.932384
666	2.185725
667	1.609316
668	1.732194
669	2.018242
670	1.970585
671	1.671018
672	1.796301
673	1.926992
674	1.813751
675	1.778370
676	1.999951
677	2.027954
678	1.754565
679	1.771837
680	1.774203
681	1.954943
682	2.071086
683	2.117688
684	1.814414
685	1.968502
686	2.044751
687	1.693429
688	1.826936
689	1.722730
690	1.660303
691	1.972689
692	2.083483
693	1.794297
694	1.866600
695	1.930440
696	1.813644
697	1.920080
698	1.727744
699	1.825817
700	1.803663
701	1.754224
702	1.914940
703	2.148117
704	1.986554
705	1.978965
706	1.773303
707	1.980759
708	1.910445
709	2.004476
710	1.799695
711	1.855531
712	2.036616
713	1.901316
714	1.785217
715	2.120471
716	2.174972
717	1.945485
718	1.892166
719	1.687041
720	1.885208
721	1.818790
722	1.863094
723	1.917370
724	1.923045
725	1.879625
726	2.245840
727	1.994618
728	1.812897
729	1.767867
730	1.702847
731	1.713480
732	1.768187
733	1.849702
734	1.820467
735	1.830691
736	1.779823
737	1.676126
738	1.790272
739	1.965322
740	1.749315
741	1.754191
742	1.763090
743	1.869492
744	1.939098
745	1.848597
746	1.889049
747	1.904205
748	1.796247
749	2.024299
750	1.800947
751	1.838313
752	1.814856
753	1.873981
754	2.340000
755	1.852375
756	1.795241
757	1.703117
758	1.632606
759	2.132159
760	1.815189
761	1.799639
762	1.932590
763	1.736689
764	1.890847
765	1.727831
766	1.880344
767	1.801941
768	1.777921
769	2.259845
770	1.781601
771	1.900053
772	1.687750
773	1.867297
774	1.870346
775	2.020152
776	2.056916
777	1.843066
778	1.842878
779	1.722266
780	2.027122
781	1.913895
782	1.873878
783	1.893832
784	1.937652
785	2.029458
786	2.038945
787	1.793711
788	1.849675
789	1.721105
790	1.904757
791	1.762101
792	1.804298
793	1.832213
794	1.857471
795	1.855748
796	1.849054
797	1.983154
798	1.744991
799	1.856906
800	1.925486
801	1.772934
802	1.666523
803	1.735340
804	1.855748
805	1.852378
806	1.875231
807	1.790447
808	1.604805
809	1.814084
810	1.848593
811	1.854454
812	1.832757
813	1.818599
814	1.944685
815	1.751970
816	1.921508
817	1.708040
818	1.914210
819	1.675352
820	1.760967
821	1.710467
822	1.707336
823	1.958316
824	1.726556
825	1.740603
826	1.839810
827	1.870266
828	1.688254
829	2.017399
830	1.813753
831	1.841902
832	1.852431
833	1.819395
834	1.732801
835	1.864135
836	1.666854
837	1.983783
838	1.908980
839	1.769633
840	1.853348
841	1.807928
842	1.621202
843	1.920860
844	1.701470
845	1.850108
846	1.838043
847	1.975045
848	1.963313
849	1.815187
850	1.989371
851	2.143456
852	1.871419
853	1.896734
854	1.865180
855	1.845129
856	1.868422
857	1.812016
858	1.954481
859	1.898973
860	1.780900
861	1.877792
862	1.782385
863	1.894756
864	1.963008
865	1.913819
866	2.216753
867	2.024106
868	1.842389
869	1.786335
870	1.938788
871	1.794883
872	1.868529
873	1.717352
874	1.908534
875	1.769125
876	1.932666
877	1.872672
878	2.272135
879	1.851646
880	1.761730
881	1.834612
882	2.097879
883	1.947562
884	1.812098
885	1.844886
886	1.748886
887	2.125394
888	2.004520
889	1.904547
890	2.423007
891	1.895627
892	2.383904
893	1.834720
894	1.720988
895	1.960639
896	2.087608
897	1.888967
898	1.851407
899	1.780113
900	2.020222
901	1.785329
902	1.784040
903	1.826280
904	1.794045
905	1.752968
906	1.742327
907	1.745051
908	2.080890
909	1.788267
910	2.069033
911	1.888703
912	1.886551
913	1.922516
914	1.801027
915	1.883321
916	2.004726
917	1.784722
918	1.759034
919	1.832827
920	1.959034
921	2.284739
922	2.507489
923	1.854428
924	1.817993
925	1.792791
926	1.780646
927	1.983406
928	1.876672
929	1.946792
930	1.806377
931	1.711871
932	1.978940
933	1.951845
934	1.846429
935	1.702241
936	1.922551
937	1.711901
938	1.951358
939	1.792289
940	2.051000
941	1.625701
942	1.963494
943	1.803469
944	1.601250
945	1.698617
946	1.928261
947	1.822388
948	1.656050
949	2.131854
950	1.757526
951	1.835921
952	1.805132
953	1.745709
954	1.847809
955	1.680655
956	1.843204
957	2.032166
958	1.848135
959	1.873099
960	1.918254
961	2.075958
962	1.747026
963	1.853267
964	1.797137
965	1.913139
966	1.912224
967	1.726123
968	2.105066
969	1.696408
970	1.804439
971	1.821071
972	1.696290
973	1.836682
974	1.997349
975	2.250244
976	1.681814
977	1.838749
978	1.866039
979	1.851080
980	1.719593
981	1.823266
982	1.900763
983	1.809614
984	1.848081
985	1.754566
986	1.966545
987	1.885100
988	1.831774
989	1.770959
990	1.812484
991	1.936208
992	1.800805
993	2.080625
994	1.882818
995	1.775190
996	1.690089
997	2.009205
998	1.843934
999	1.747397
1000	1.893700
1001	1.635696
1002	1.744046
1003	1.950410
1004	1.899736
1005	1.738073
1006	1.737728
1007	1.771018
1008	1.853268
1009	1.993339
1010	1.882419
1011	2.105090
1012	1.815791
1013	1.878989
1014	1.675500
1015	1.850541
1016	1.873634
1017	1.772174
1018	1.942603
1019	1.831939
1020	1.650969
1021	2.030269
1022	1.919949
1023	1.694226
1024	1.789889
1025	1.713273
1026	1.884145
1027	1.824883
1028	1.890211
1029	1.763095
1030	1.671467
1031	1.861344
1032	1.738591
1033	2.182314
1034	1.949797
1035	1.722469
1036	2.037966
1037	1.741753
1038	1.655475
1039	1.828715
1040	1.814084
1041	1.830329
1042	1.841141
1043	1.856905
1044	1.801472
1045	1.791479
1046	1.864028
1047	1.698617
1048	2.148139
1049	1.778228
1050	1.952998
1051	1.838314
1052	2.041273
1053	1.783844
1054	1.838803
1055	1.683419
1056	1.884090
1057	1.742556
1058	1.885364
1059	1.870027
1060	1.896865
1061	1.871068
1062	2.163562
1063	1.874194
1064	1.920157
1065	1.736490
1066	1.836627
1067	1.928575
1068	1.737411
1069	1.829098
1070	2.083219
1071	1.860780
1072	1.902447
1073	1.827047
1074	1.811132
1075	1.840678
1076	1.787205
1077	1.788574
1078	2.073668
1079	1.750114
1080	2.149907
1081	1.776598
1082	1.795382
1083	1.944455
1084	1.784655
1085	2.074030
1086	1.809999
1087	1.771157
1088	1.835781
1089	2.033912
1090	1.676307
1091	2.592798
1092	2.248600
1093	2.136097
1094	1.825322
1095	1.846809
1096	1.771213
1097	1.951921
1098	2.173154
1099	1.739109
1100	1.704229
1101	1.711549
1102	2.312227
1103	1.866602
1104	1.858226
1105	1.891561
1106	1.890236
1107	2.084251
1108	2.012312
1109	1.824857
1110	1.956756
1111	1.770368
1112	1.820029
1113	1.712339
1114	1.928342
1115	1.747284
1116	1.933442
1117	1.770254
1118	1.743188
1119	1.954356
1120	2.018986
1121	1.700647
1122	2.107178
1123	1.733550
1124	2.006814
1125	1.811767
1126	2.032760
1127	2.093059
1128	1.899951
1129	2.027166
1130	1.875795
1131	1.802359
1132	1.782888
1133	1.799139
1134	1.909397
1135	1.875556
1136	1.847403
1137	2.017449
1138	1.756729
1139	1.880692
1140	1.843204
1141	1.722381
1142	1.879494
1143	1.669311
1144	1.974360
1145	1.889709
1146	1.872541
1147	1.771102
1148	1.927483
1149	1.904676
1150	1.783286
1151	1.924109
1152	1.854803
1153	1.904758
1154	1.743245
1155	1.947511
1156	1.696142
1157	1.801249
1158	1.873312
1159	2.011617
1160	2.090407
1161	1.846727
1162	1.878429
1163	1.852727
1164	1.740258
1165	1.875660
1166	2.261348
1167	3.398838
1168	2.025757
1169	2.789945
1170	1.761846
1171	1.851648
1172	3.034370
1173	2.238325
1174	1.780925
1175	1.794045
1176	3.306523
1177	3.443806
1178	1.815598
1179	2.562771
1180	2.935440
1181	1.858628
1182	2.166427
1183	3.457758
1184	3.585317
1185	1.981640
1186	1.942113
1187	1.855209
1188	1.846809
1189	2.051559
1190	1.792373
1191	2.101072
1192	1.917107
1193	1.745023
1194	2.005268
1195	1.828388
1196	1.813340
1197	1.818268
1198	1.689675
1199	1.999151
1200	1.767173
1201	1.895994
1202	1.738966
1203	1.768107
1204	1.791814
1205	1.798472
1206	1.946203
1207	1.773079
1208	1.882499
1209	1.857794
1210	1.804911
1211	1.968679
1212	1.995521
1213	2.105351
1214	1.951768
1215	2.105279
1216	2.011019
1217	1.848513
1218	1.773669
1219	1.888121
1220	2.226612
1221	1.963697
1222	1.924993
1223	1.843719
1224	1.946355
1225	1.842660
1226	1.804383
1227	1.686120
1228	1.657861
1229	1.892590
1230	1.892962
1231	2.111870
1232	1.785833
1233	1.888225
1234	1.740345
1235	1.894360
1236	1.815985
1237	1.921692
1238	1.898130
1239	1.861425
1240	2.010224
1241	1.756730
1242	1.734216
1243	1.774401
1244	1.779833
1245	1.785131
1246	1.741866
1247	1.838613
1248	2.083554
1249	1.795494
1250	1.858413
1251	1.869065
1252	1.968477
1253	2.014149
1254	1.725138
1255	3.364299
1256	2.538603
1257	3.198593
1258	1.843855
1259	1.856369
1260	1.999725
1261	3.038486
1262	1.933856
1263	1.991834
1264	1.743128
1265	1.891058
1266	1.851323
1267	2.373817
1268	1.878244
1269	1.707777
1270	1.895811
1271	3.495511
1272	2.271144
1273	1.871469
1274	1.860617
1275	1.803663
1276	1.856179
1277	2.182613
1278	1.807984
1279	1.800581
1280	2.827738
1281	1.846673
1282	2.427695
1283	1.972561
1284	2.180115
1285	1.907616
1286	1.831312
1287	2.105112
1288	1.871069
1289	1.792037
1290	2.069444
1291	3.454940
1292	1.696762
1293	1.865180
1294	1.915934
1295	3.267354
1296	1.920079
1297	1.850056
1298	2.990786
1299	1.883456
1300	2.388094
1301	1.932176
1302	1.762894
1303	3.201219
1304	1.895126
1305	1.870053
1306	1.800805
1307	1.844504
1308	2.038946
1309	2.376742
1310	1.997325
1311	1.853348
1312	2.837903
1313	1.945200
1314	1.828303
1315	3.238797
1316	1.857823
1317	2.177841
1318	1.923172
1319	1.960001
1320	1.891271
1321	2.898585
1322	1.873711
1323	2.044041
1324	1.841006
1325	2.062621
1326	2.426478
1327	1.880264
1328	1.863062
1329	1.827949
1330	1.794046
1331	1.748629
1332	1.805158
1333	1.936621
1334	1.711843
1335	1.779694
1336	1.881434
1337	1.708799
1338	1.922523
1339	1.945327
1340	1.796970
1341	1.738793
1342	1.750715
1343	1.892433
1344	1.825733
1345	2.006266
1346	1.951358
1347	1.866816
1348	1.868931
1349	1.814663
1350	1.812015
1351	1.751456
1352	1.778594
1353	2.006713
1354	2.087942
1355	1.974386
1356	1.747313
1357	1.820686
1358	1.890106
1359	1.734762
1360	1.891719
1361	1.958318
1362	1.982673
1363	1.992134
1364	1.767654
1365	2.124406
1366	2.137965
1367	2.061188
1368	2.065042
1369	1.735626
1370	2.238863
1371	1.947049
1372	1.752626
1373	1.702087
1374	1.658974
1375	1.992915
1376	2.267377
1377	2.011592
1378	2.122875
1379	1.891401
1380	1.873259
1381	1.923824
1382	1.834149
1383	2.056235
1384	1.767964
1385	2.189726
1386	1.987310
1387	1.917551
1388	1.830767
1389	2.067124
1390	1.700500
1391	1.778931
1392	1.706926
1393	1.919453
1394	2.046289
1395	1.993439
1396	1.791815
1397	1.794715
1398	2.030887
1399	2.093920
1400	1.938865
1401	2.257166
1402	1.728988
1403	1.976512
1404	1.767936
1405	2.231166
1406	1.909844
1407	1.744104
1408	2.190228
1409	1.756388
1410	1.888941
1411	1.828497
1412	2.018439
1413	1.804688
1414	1.773752
1415	1.880983
1416	1.750028
1417	1.783087
1418	1.763349
1419	1.994116
1420	1.977726
1421	1.735453
1422	1.908664
1423	1.839211
1424	1.791034
1425	1.792791
1426	1.785132
1427	1.879947
1428	1.883693
1429	2.263560
1430	1.863116
1431	1.984666
1432	2.001349
1433	1.690977
1434	1.689794
1435	2.031379
1436	1.834449
1437	1.897894
1438	1.761391
1439	2.171405
1440	1.849811
1441	2.225264
1442	1.893675
1443	1.822745
1444	1.770958
1445	1.850271
1446	1.812458
1447	1.692425
1448	1.890051
1449	2.010721
1450	1.921457
1451	1.883506
1452	1.859195
1453	1.785442
1454	1.818874
1455	2.076030
1456	1.687660
1457	1.928885
1458	1.757100
1459	2.093608
1460	1.770001
1461	1.835321
1462	1.852593
1463	1.766013
1464	1.835484
1465	1.928030
1466	1.853052
1467	1.700235
1468	1.856502
1469	2.070096
1470	2.020718
1471	1.968426
1472	1.738563
1473	1.803636
1474	2.038555
1475	1.934348
1476	1.821099
1477	1.935303
1478	2.081851
1479	2.004893
1480	1.909921
1481	1.640428
1482	1.888837
1483	1.864565
1484	2.132110
1485	1.698500
1486	1.700617
1487	1.719769
1488	1.943451
1489	1.731157
1490	1.748826
1491	1.678423
1492	2.089523
1493	1.731156
1494	1.820823
1495	1.938322
1496	1.851483
1497	1.690531
1498	1.890528
1499	1.939176
1500	1.904891
1501	1.775557
1502	1.824061
1503	1.683448
1504	2.148978
1505	1.866493
1506	1.815813
1507	1.937035
1508	1.958290
1509	2.090191
1510	1.753082
1511	1.871951
1512	1.727513
1513	1.823923
1514	1.804327
1515	1.950815
1516	1.963775
1517	1.817305
1518	2.001027
1519	1.905649
1520	1.868288
1521	1.821291
1522	1.825377
1523	1.960714
0	1.729797
1	1.962806
2	1.796355
3	1.841442
4	1.781039
5	1.836354
6	1.766747
7	1.825761
8	1.876458
9	2.004619
10	1.838096
11	1.900686
12	1.828908
13	1.713332
14	1.891481
15	1.829618
16	1.915619
17	1.710232
18	1.724005
19	1.911987
20	1.664811
21	1.840597
22	2.015690
23	1.998475
24	1.620556
25	1.818408
26	2.010822
27	1.767937
28	1.682171
29	1.948356
30	1.787512
31	1.847403
32	1.780703
33	2.021509
34	1.800695
35	1.765559
36	2.015812
37	1.755564
38	1.723110
39	1.935408
40	1.817306
41	1.969519
42	1.702764
43	1.846676
44	1.693399
45	1.846972
46	1.807126
47	1.756841
48	1.924266
49	1.896576
50	1.804663
51	1.839213
52	1.748256
53	1.862553
54	1.867218
55	1.756956
56	1.765841
57	1.744533
58	1.855965
59	1.876671
60	2.012014
61	1.972943
62	1.881729
63	1.665445
64	1.909374
65	1.837527
66	1.757070
67	1.736288
68	1.857685
69	1.877074
70	1.663671
71	1.668593
72	1.883531
73	1.967588
74	1.751399
75	1.812238
76	1.943476
77	1.754565
78	1.810357
79	2.067293
80	1.818626
81	1.686830
82	1.789109
83	1.848728
84	1.943657
85	2.212396
86	1.751969
87	1.895704
88	1.779383
89	2.008035
90	1.799472
91	1.841737
92	2.163263
93	1.678034
94	1.752769
95	1.964332
96	1.753740
97	1.840054
98	1.999728
99	1.881544
100	1.887352
101	1.942032
102	1.842959
103	1.698087
104	1.815794
105	1.967665
106	1.659547
107	1.964306
108	1.716132
109	2.145552
110	1.697322
111	1.718430
112	1.749171
113	1.872563
114	1.991006
115	1.746539
116	1.763886
117	1.965910
118	1.850351
119	1.788240
120	1.797469
121	1.793934
122	1.857149
123	1.970103
124	1.818600
125	1.806680
126	1.914838
127	1.757070
128	1.741637
129	1.627175
130	1.750030
131	1.749314
132	1.687898
133	1.963949
134	1.843856
135	1.874060
136	1.871739
137	1.641708
138	1.698764
139	1.832373
140	1.851218
141	1.662709
142	1.896763
143	1.772541
144	1.732915
145	1.677526
146	1.690294
147	1.784322
148	1.814664
149	1.858382
150	1.651846
151	1.798079
152	1.635544
153	1.859059
154	1.770140
155	2.056818
156	1.841904
157	1.991810
158	1.823568
159	1.749117
160	1.744049
161	1.738274
162	1.755277
163	1.906908
164	1.888331
165	1.957422
166	1.736836
167	1.772513
168	1.845290
169	1.799916
170	1.744964
171	2.038944
172	1.924420
173	1.895124
174	1.863142
175	1.781010
176	1.666552
177	1.649333
178	1.812042
179	1.955657
180	1.840571
181	1.886742
182	1.717234
183	1.747313
184	1.751742
185	1.734273
186	1.763093
187	1.854886
188	1.732686
189	1.769464
190	1.859167
191	1.813093
192	1.629814
193	1.644503
194	1.728758
195	1.794438
196	1.883457
197	1.756389
198	1.851972
199	1.832704
200	1.939279
201	1.786308
202	1.787682
203	1.913896
204	2.172671
205	1.783394
206	1.806489
207	1.849459
208	1.922707
209	1.631256
210	1.795245
211	1.773445
212	1.942447
213	1.765046
214	1.589309
215	1.752856
216	1.853348
217	2.151698
218	1.735426
219	1.774094
220	1.871390
221	1.831582
222	1.816895
223	1.870669
224	1.796522
225	1.849893
226	2.016457
227	1.893383
228	1.867859
229	1.769378
230	1.699529
231	1.740861
232	1.749601
233	1.784431
234	1.812458
235	1.755250
236	1.668564
237	1.734648
238	1.825322
239	1.995519
240	1.982197
241	2.262346
242	1.765277
243	1.906698
244	1.895758
245	1.645783
246	1.807347
247	1.849244
248	1.775921
249	1.732659
250	1.913975
251	1.600779
252	1.762978
253	1.841006
254	1.805188
255	1.931555
256	1.927511
257	1.924916
258	1.956015
259	1.728727
260	1.757185
261	1.691626
262	1.667272
263	1.957064
264	1.858414
265	1.931034
266	1.722382
267	1.890554
268	1.864726
269	1.768558
270	1.915124
271	1.801249
272	1.767765
273	1.707336
274	1.846457
275	1.866332
276	2.002597
277	1.834912
278	1.823570
279	1.820440
280	1.802776
281	1.800971
282	1.835672
283	1.648698
284	1.753995
285	1.701528
286	1.834776
287	1.988593
288	1.916142
289	1.778201
290	1.929378
291	1.737383
292	1.975651
293	1.854371
294	1.808591
295	1.756757
296	1.849620
297	1.724821
298	2.314369
299	1.784852
300	1.908377
301	1.750056
302	1.866575
303	1.828687
304	1.743788
305	1.859167
306	1.882151
307	1.893594
308	1.793598
309	1.771584
310	1.784768
311	1.737411
312	1.880345
313	1.745050
314	1.704816
315	1.794716
316	1.725282
317	1.683183
318	1.930077
319	1.749544
320	1.793710
321	1.861100
322	1.793600
323	2.251866
324	1.834147
325	2.088684
326	1.761420
327	1.791454
328	1.719361
329	1.872164
330	1.832840
331	1.756617
332	1.726818
333	1.757525
334	1.688017
335	1.817582
336	1.735221
337	2.087726
338	1.754111
339	1.687216
340	1.786031
341	1.750456
342	1.733118
343	1.790139
344	1.762101
345	1.888966
346	1.963744
347	1.786086
348	1.665593
349	1.791451
350	1.992910
351	1.807815
352	1.762781
353	1.846727
354	1.786225
355	1.831830
356	1.842636
357	1.800470
358	1.710295
359	1.755591
360	1.760313
361	1.837089
362	1.903812
363	1.846510
364	1.857659
365	1.975603
366	1.821126
367	1.818160
368	1.784658
369	2.163748
370	1.875902
371	1.859274
372	1.743619
373	1.732309
374	1.758322
375	1.948561
376	1.869599
377	1.953201
378	1.864647
379	1.827703
380	1.744017
381	1.733522
382	1.803802
383	1.787148
384	1.685496
385	1.833276
386	1.679166
387	2.110592
388	2.076946
389	1.737988
390	1.852051
391	1.774118
392	1.851567
393	2.024920
394	2.013852
395	2.054606
396	1.802749
397	1.822333
398	1.662827
399	1.837633
400	1.899974
401	1.658767
402	1.807126
403	1.695198
404	1.752539
405	1.892644
406	1.753567
407	1.825241
408	1.863277
409	1.932073
410	1.804827
411	1.799167
412	1.907591
413	1.813089
414	1.848701
415	1.881648
416	1.900763
417	1.976891
418	1.780620
419	1.866896
420	1.889815
421	1.788967
422	1.814772
423	1.870347
424	1.710234
425	1.971622
426	1.832019
427	1.795495
428	2.055164
429	1.792458
430	1.779521
431	1.786422
432	1.802389
433	2.195106
434	1.938945
435	1.960205
436	1.799723
437	1.597063
438	2.008633
439	1.784401
440	1.903313
441	2.528340
442	1.785132
443	1.982550
444	1.812099
445	2.023214
446	1.962678
447	3.401205
448	1.657072
449	3.026978
450	1.869034
451	2.535449
452	2.004046
453	1.990100
454	2.066761
455	2.965604
456	2.003398
457	3.214857
458	3.225368
459	1.856475
460	1.960560
461	1.880693
462	2.014198
463	2.679121
464	3.193022
465	3.774973
466	2.169838
467	1.757728
468	2.500022
469	2.584453
470	1.842009
471	1.801417
472	1.894333
473	2.043672
474	1.817278
475	1.847944
476	1.922316
477	1.799500
478	1.845428
479	1.753539
480	1.786086
481	1.974464
482	1.878935
483	1.883030
484	1.965222
485	1.850756
486	1.924422
487	1.841468
488	1.747397
489	1.794076
490	1.897051
491	1.804468
492	1.908376
493	1.906462
494	1.794017
495	2.184491
496	1.958518
497	1.755391
498	2.036295
499	1.911884
500	1.827019
501	1.781798
502	2.014024
503	1.897497
504	1.757070
505	1.800916
506	1.971396
507	1.764880
508	1.791117
509	1.794464
510	1.727253
511	1.842445
512	1.919949
513	2.031306
514	1.787903
515	1.833820
516	2.501879
517	2.088013
518	1.893250
519	1.748286
520	1.827430
521	1.733697
522	2.008531
523	1.794715
524	1.871387
525	2.032387
526	2.030124
527	1.713855
528	1.722037
529	1.827048
530	1.837010
531	1.854561
532	1.674067
533	1.858761
534	1.756645
535	1.828825
536	1.875978
537	2.062061
538	1.843583
539	1.780898
540	1.926914
541	1.786647
542	1.944891
543	1.758352
544	1.818298
545	1.758947
546	1.971118
547	1.963924
548	1.930025
549	1.724208
550	1.810775
551	1.689113
552	1.815102
553	1.727022
554	2.004720
555	1.736374
556	1.805383
557	1.984667
558	1.827182
559	1.734879
560	1.754195
561	1.917758
562	1.842661
563	1.666524
564	1.838722
565	1.796274
566	1.877578
567	1.729972
568	1.926680
569	2.026178
570	1.927694
571	2.085521
572	1.851134
573	1.802054
574	2.030715
575	1.954710
576	1.846022
577	1.924942
578	1.789134
579	1.872005
580	1.944967
581	2.101830
582	1.805439
583	1.898129
584	1.778003
585	1.640795
586	1.861020
587	1.906017
588	1.854963
589	1.778033
590	1.884917
591	1.907615
592	1.861639
593	1.737815
594	1.967206
595	1.963770
596	1.851084
597	1.846860
598	1.748169
599	1.893171
600	1.715955
601	1.780701
602	1.719853
603	1.737753
604	1.961965
605	1.830710
606	1.785104
607	1.889047
608	1.793682
609	1.883455
610	1.866844
611	1.663583
612	1.988310
613	1.928571
614	1.936027
615	1.765502
616	1.890106
617	1.999748
618	1.854857
619	1.964151
620	1.907824
621	1.861127
622	1.763432
623	1.933441
624	1.719244
625	1.982273
626	1.704964
627	1.952665
628	1.796970
629	1.811076
630	1.837527
631	1.726152
632	1.666674
633	1.830245
634	1.765079
635	1.798890
636	1.732745
637	1.750456
638	1.733088
639	1.782527
640	1.844260
641	1.917316
642	1.889576
643	1.862764
644	1.841140
645	1.806240
646	1.821017
647	2.022871
648	1.773049
649	1.818490
650	1.701323
651	1.987488
652	1.996147
653	1.794242
654	2.147511
655	1.859114
656	1.880135
657	1.746457
658	2.202567
659	1.987080
660	1.958293
661	1.815738
662	1.728376
663	1.809171
664	1.995318
665	1.756615
666	2.053802
667	1.783649
668	1.737411
669	1.902867
670	1.716654
671	1.722268
672	1.807236
673	1.934268
674	1.907694
675	1.760627
676	1.845888
677	1.784070
678	1.815406
679	1.952841
680	1.800388
681	1.776009
682	1.657859
683	2.057812
684	1.920027
685	1.829560
686	1.790032
687	2.039829
688	1.752996
689	1.890449
690	2.278725
691	1.801164
692	1.805551
693	1.792010
694	1.947858
695	1.749459
696	1.814216
697	1.799609
698	1.940870
699	2.039630
700	1.878190
701	1.805380
702	1.816658
703	1.851189
704	1.773358
705	1.779801
706	2.109528
707	1.842066
708	1.773413
709	1.809696
710	1.774401
711	1.739282
712	1.803913
713	1.678480
714	1.709065
715	1.897500
716	1.834693
717	1.815790
718	1.881143
719	1.953510
720	1.997325
721	1.651365
722	1.830220
723	2.087606
724	1.713361
725	1.795385
726	1.815738
727	1.880878
728	1.762641
729	1.688578
730	1.784740
731	1.819039
732	1.907093
733	1.877126
734	1.700765
735	1.842309
736	1.935459
737	1.804245
738	1.831119
739	1.867991
740	1.870107
741	1.871712
742	1.806960
743	1.741665
744	1.881383
745	1.726298
746	1.847727
747	1.831504
748	1.835893
749	1.642685
750	1.789805
751	1.684546
752	1.690147
753	1.686568
754	1.872272
755	1.653148
756	1.749541
757	1.770227
758	1.885975
759	1.781963
760	1.779608
761	1.873845
762	1.854236
763	1.726210
764	1.991253
765	1.615581
766	1.964892
767	1.808205
768	1.884940
769	1.827733
770	1.838395
771	1.790417
772	1.903208
773	1.693634
774	1.801722
775	1.755593
776	1.815988
777	1.829755
778	1.722237
779	1.985497
780	1.996644
781	2.019234
782	1.804579
783	1.772150
784	1.875552
785	3.091831
786	3.179951
787	1.783787
788	1.967690
789	1.701470
790	1.725372
791	1.956656
792	2.732561
793	2.064123
794	1.831856
795	1.894148
796	3.038734
797	1.807207
798	1.762327
799	1.982448
800	1.629417
801	1.860135
802	1.860267
803	1.990178
804	3.545040
805	3.136015
806	3.015711
807	1.922006
808	1.886425
809	1.785387
810	1.761763
811	1.898687
812	1.850431
813	2.301720
814	1.816203
815	1.890609
816	2.062741
817	1.760513
818	2.001826
819	1.749057
820	1.790557
821	1.838313
822	1.699177
823	1.813642
824	1.897732
825	2.009529
826	1.844344
827	1.823979
828	1.936078
829	1.989494
830	1.796387
831	1.767882
832	1.747369
833	1.814003
834	1.783170
835	1.872994
836	1.805711
837	2.441535
838	3.489424
839	1.733926
840	1.791119
841	1.973248
842	1.776346
843	2.033470
844	1.790782
845	3.513815
846	1.762127
847	1.734735
848	2.137713
849	2.116790
850	1.689556
851	3.310198
852	1.922655
853	2.102431
854	2.173545
855	2.668425
856	2.032190
857	1.858198
858	2.918852
859	1.987686
860	3.345848
861	1.891798
862	1.951436
863	2.005865
864	2.032830
865	1.967282
866	1.976512
867	1.692601
868	2.334652
869	1.910523
870	2.074102
871	1.918490
872	2.476208
873	2.088586
874	3.640960
875	1.671822
876	1.848621
877	2.140981
878	2.005467
879	2.062062
880	1.975904
881	1.747254
882	1.818185
883	1.788015
884	1.867458
885	1.958825
886	1.902288
887	2.046753
888	1.738132
889	1.720146
890	1.911440
891	2.160324
892	1.789665
893	1.981970
894	3.081575
895	1.812761
896	1.856181
897	1.814664
898	1.759260
899	2.049706
900	2.597016
901	1.869785
902	1.741437
903	1.882922
904	1.990704
905	2.213911
906	1.997726
907	2.161991
908	1.843203
909	1.917210
910	2.398522
911	2.509244
912	1.879709
913	1.923904
914	1.848595
915	2.029728
916	1.711638
917	2.840299
918	1.969161
919	2.133424
920	1.759347
921	1.851728
922	1.787598
923	2.000051
924	1.787681
925	2.109454
926	1.955326
927	1.827212
928	2.361546
929	2.006440
930	3.245335
931	1.793349
932	1.761901
933	1.933109
934	2.017746
935	1.915854
936	1.963923
937	2.088109
938	1.792819
939	1.817940
940	1.801057
941	2.151047
942	2.116554
943	1.871496
944	1.841548
945	1.961095
946	1.766606
947	1.933156
948	1.939126
949	1.746456
950	2.229395
951	1.731761
952	2.004845
953	2.111632
954	1.709853
955	1.804468
956	1.711319
957	2.112744
958	1.829780
959	2.202409
960	1.984336
961	1.874668
962	1.730725
963	2.159811
964	1.937451
965	1.996628
966	2.145086
967	1.826859
968	1.819614
969	1.793431
970	1.727017
971	1.801613
972	2.095925
973	1.890711
974	1.832700
975	1.849379
976	1.983681
977	1.883218
978	1.964306
979	1.963624
980	2.266123
981	2.056604
982	1.795328
983	1.801805
984	1.696997
985	1.924423
986	1.743700
987	2.035437
988	1.771242
989	2.212236
990	2.099978
991	1.863999
992	2.839859
993	2.006419
994	1.984597
995	1.784513
996	1.790811
997	2.133661
998	1.798614
999	1.931473
1000	1.891587
1001	1.680771
1002	1.726786
1003	1.957231
1004	1.770647
1005	1.965834
1006	1.631966
1007	1.859091
1008	2.077522
1009	1.871520
1010	1.856987
1011	2.054070
1012	1.824800
1013	1.771920
1014	1.737415
1015	1.816317
1016	1.805492
1017	1.845238
1018	1.778905
1019	1.813452
1020	1.830680
1021	1.724963
1022	1.772856
1023	1.812764
1024	1.974209
1025	1.895600
1026	1.877495
1027	1.905889
1028	1.895633
1029	1.677767
1030	1.734530
1031	1.826554
1032	1.871631
1033	1.796888
1034	1.749637
1035	1.861209
1036	1.725930
1037	1.890527
1038	1.729428
1039	1.848131
1040	1.793378
1041	1.732192
1042	1.744103
1043	1.944892
1044	2.165040
1045	1.845889
1046	1.771127
1047	1.763265
1048	1.774819
1049	1.716301
1050	1.777188
1051	1.766181
1052	1.773810
1053	1.880930
1054	1.652418
1055	1.915203
1056	1.605182
1057	1.813810
1058	1.671405
1059	1.811682
1060	1.923436
1061	1.722118
1062	1.858444
1063	1.833745
1064	1.830331
1065	1.726214
1066	1.971427
1067	1.799199
1068	1.799497
1069	1.894625
1070	1.856099
1071	1.801920
1072	1.745452
1073	1.904022
1074	2.027069
1075	1.793682
1076	2.214002
1077	1.858950
1078	1.829915
1079	1.845915
1080	1.698149
1081	1.783486
1082	1.900552
1083	1.740603
1084	2.121536
1085	1.732109
1086	1.771581
1087	1.846671
1088	1.848273
1089	1.757359
1090	1.910759
1091	1.955655
1092	2.094447
1093	2.186335
1094	2.053781
1095	1.794465
1096	1.639538
1097	1.773479
1098	1.707497
1099	1.876751
1100	1.905139
1101	1.744379
1102	2.094872
1103	1.729310
1104	1.759147
1105	1.741523
1106	1.830329
1107	1.784991
1108	1.802747
1109	1.852404
1110	1.698530
1111	1.707682
1112	1.663008
1113	2.227647
1114	1.723774
1115	1.760936
1116	2.011098
1117	1.936698
1118	1.688017
1119	1.869494
1120	1.666762
1121	2.221014
1122	2.074827
1123	1.892354
1124	1.906745
1125	1.794385
1126	1.826987
1127	1.852941
1128	1.873524
1129	1.730491
1130	2.099766
1131	1.880028
1132	2.174027
1133	1.704169
1134	1.718313
1135	1.870352
1136	1.740146
1137	1.980986
1138	1.817307
1139	1.719622
1140	2.168682
1141	1.845234
1142	1.841602
1143	1.974922
1144	1.781067
1145	2.033866
1146	1.829184
1147	1.823483
1148	1.816508
1149	1.880159
1150	1.730577
1151	1.753196
1152	1.854835
1153	1.767424
1154	1.837990
1155	1.863359
1156	1.930649
1157	1.705372
1158	1.743961
1159	1.921610
1160	2.030375
1161	1.696850
1162	1.736948
1163	1.894968
1164	1.683477
1165	1.719188
1166	1.850353
1167	1.841763
1168	1.910052
1169	1.839701
1170	1.911777
1171	1.890820
1172	1.857258
1173	2.049047
1174	1.792289
1175	1.920961
1176	2.104138
1177	1.747827
1178	1.799224
1179	1.772936
1180	1.811188
1181	1.829645
1182	1.855019
1183	1.940775
1184	1.841219
1185	1.640579
1186	1.874675
1187	2.068745
1188	1.771465
1189	1.712949
1190	1.979519
1191	1.870213
1192	1.855610
1193	1.843938
1194	1.747316
1195	1.768896
1196	2.039263
1197	1.977931
1198	1.844018
1199	1.851301
1200	1.892567
1201	1.734124
1202	1.784067
1203	1.799502
1204	1.827730
1205	1.772240
1206	1.755454
1207	1.852406
1208	1.780560
1209	1.723572
1210	1.677880
1211	1.820138
1212	1.795936
1213	1.794574
1214	1.836112
1215	1.978787
1216	1.847184
1217	2.015861
1218	2.062498
1219	1.867643
1220	1.742185
1221	1.767485
1222	1.820274
1223	1.814691
1224	1.877272
1225	1.850436
1226	1.762129
1227	1.806681
1228	1.806130
1229	1.920440
1230	1.779129
1231	1.788127
1232	1.773613
1233	2.033960
1234	1.786730
1235	1.830793
1236	1.700911
1237	1.831969
1238	1.788881
1239	1.790111
1240	1.833413
1241	1.776317
1242	1.692363
1243	1.895310
1244	1.863682
1245	1.715841
1246	1.729190
1247	1.875660
1248	1.734731
1249	1.900898
1250	1.799645
1251	1.679585
1252	1.865407
1253	1.713333
1254	1.826935
1255	1.781989
1256	1.950204
1257	1.749197
1258	1.822170
1259	1.813449
1260	1.907274
1261	2.047877
1262	2.123018
1263	1.727224
1264	1.820192
1265	1.757130
1266	1.894755
1267	1.801691
1268	1.779240
1269	1.797612
1270	1.890873
1271	1.948663
1272	2.037251
1273	1.719712
1274	1.973752
1275	1.885367
1276	1.781514
1277	1.804176
1278	1.864198
1279	1.763234
1280	1.958256
1281	1.866602
1282	1.838181
1283	1.843340
1284	1.783934
1285	1.931733
1286	1.829674
1287	2.050706
1288	1.767288
1289	1.793793
1290	1.740207
1291	1.838426
1292	1.892113
1293	1.669130
1294	1.833413
1295	1.782495
1296	1.768159
1297	1.865636
1298	1.936931
1299	1.657589
1300	1.850108
1301	1.776996
1302	1.781913
1303	1.923980
1304	1.725860
1305	1.751289
1306	1.918907
1307	1.920782
1308	1.726440
1309	1.807047
1310	1.936723
1311	1.874914
1312	1.744738
1313	1.698085
1314	1.818078
1315	1.797495
1316	1.806075
1317	1.936516
1318	1.717618
1319	1.757071
1320	1.955224
1321	1.765476
1322	2.057913
1323	1.724558
1324	2.032731
1325	1.800169
1326	1.717266
1327	1.946408
1328	1.899711
1329	1.947105
1330	1.793570
1331	2.008950
1332	1.978736
1333	2.058763
1334	1.909398
1335	2.030518
1336	1.707427
1337	1.759908
1338	1.760626
1339	1.856313
1340	1.900262
1341	1.943488
1342	1.753395
1343	1.667960
1344	1.732875
1345	1.768925
1346	1.800806
1347	1.776684
1348	1.731731
1349	1.860134
1350	1.892170
1351	1.801445
1352	1.887777
1353	1.757868
1354	1.793990
1355	1.935382
1356	1.872887
1357	1.905809
1358	1.866818
1359	1.789802
1360	2.026968
1361	1.835266
1362	1.635452
1363	1.743246
1364	1.743673
1365	1.746569
1366	1.840545
1367	1.715985
1368	1.902866
1369	1.923954
1370	1.861906
1371	1.716363
1372	1.896575
1373	2.154113
1374	1.728988
1375	1.839947
1376	1.653937
1377	1.854318
1378	1.855882
1379	1.809614
1380	1.808784
1381	1.748971
1382	1.708652
1383	1.783423
1384	2.075909
1385	2.069322
1386	1.884489
1387	1.848592
1388	1.770592
1389	1.868422
1390	2.059928
1391	1.825186
1392	1.922629
1393	2.083867
1394	1.838532
1395	1.811379
1396	1.814303
1397	1.843287
1398	1.877897
1399	2.094826
1400	2.093562
1401	1.630523
1402	1.854074
1403	1.880479
1404	1.914942
1405	1.783566
1406	1.905231
1407	1.902708
1408	1.775981
1409	1.733581
1410	2.070893
1411	1.876752
1412	2.098907
1413	1.864510
1414	1.944040
1415	1.839157
1416	1.748314
1417	1.829453
1418	1.863679
1419	1.816617
1420	2.129858
1421	1.837934
1422	1.924810
1423	1.874276
1424	1.837417
1425	2.095188
1426	1.734503
1427	1.761446
1428	1.851619
1429	1.984969
1430	2.185546
1431	1.933078
1432	1.909686
1433	1.973853
1434	1.899738
1435	1.731964
1436	2.053434
1437	2.461015
1438	1.791090
1439	1.694816
1440	1.813590
1441	1.938167
1442	1.960636
1443	1.806683
1444	1.847298
1445	1.814193
1446	1.934606
1447	1.905385
1448	1.967891
1449	2.220316
1450	1.817966
1451	1.805686
1452	1.789889
1453	1.905413
1454	1.869707
1455	1.905622
1456	1.857794
1457	2.000426
1458	1.828524
1459	1.837337
1460	1.787458
1461	1.934630
1462	1.961913
1463	1.781964
1464	1.680298
1465	1.775106
1466	1.751801
1467	1.734130
1468	1.760567
1469	1.874030
1470	1.821785
1471	1.800806
1472	1.783957
1473	1.682439
1474	2.100476
1475	1.710615
1476	1.753853
1477	1.765134
1478	2.099191
1479	1.861102
1480	1.973245
1481	1.854859
1482	1.920051
1483	2.023659
1484	1.776571
1485	1.766667
1486	1.762783
1487	1.702793
1488	1.871628
1489	1.802942
1490	1.872913
1491	1.835020
1492	1.660482
1493	1.822827
1494	1.903811
1495	1.876671
1496	1.643808
1497	1.802831
1498	1.740833
1499	1.635664
1500	1.702498
1501	2.008708
1502	1.811632
1503	1.626070
1504	1.776964
1505	1.845076
1506	1.954123
1507	2.126663
1508	1.946920
1509	1.824310
1510	1.972942
1511	1.931037
1512	1.814001
1513	1.842553
1514	1.794742
1515	1.972636
1516	1.740143
1517	1.746794
1518	1.960226
1519	1.746882
1520	1.698706
1521	1.746708
1522	2.162659
1523	1.837119
1524	1.868583
1525	1.827650
1526	1.883029
1527	1.689852
1528	1.882498
1529	1.877393
1530	1.766072
1531	2.302109
1532	1.885364
1533	1.771016
1534	1.973349
1535	1.738764
1536	1.940953
1537	1.917029
1538	1.853078
1539	1.775554
1540	1.879603
1541	1.987085
1542	1.923875
1543	1.848974
1544	1.798971
1545	1.951691
1546	1.983960
1547	1.703674
1548	1.828249
1549	1.724936
1550	1.806958
1551	1.772258
1552	2.127932
1553	1.889922
1554	1.780141
1555	1.884595
1556	2.328499
1557	2.120943
1558	2.234747
1559	1.835456
1560	1.766947
1561	3.172210
1562	4.042947
1563	2.946222
1564	2.050805
1565	1.709356
1566	1.879071
1567	1.804806
1568	1.810331
1569	2.182797
1570	1.994016
1571	1.897525
1572	1.779496
1573	1.755049
1574	1.618051
1575	1.984464
1576	1.684308
1577	1.972832
1578	1.869789
1579	1.786643
1580	1.667337
1581	1.989194
1582	1.940461
1583	1.967438
1584	1.818380
1585	1.842552
1586	1.817745
1587	1.919532
1588	1.794714
1589	2.044556
1590	1.831745
1591	1.755503
1592	1.716102
1593	1.720870
1594	1.934196
1595	1.825074
1596	1.768077
1597	1.910052
1598	1.749540
1599	1.965223
1600	2.205673
1601	1.818297
1602	1.870866
1603	1.912749
1604	1.980252
1605	1.883111
1606	1.608321
1607	2.435302
1608	1.761405
1609	1.961861
1610	2.027748
1611	2.145809
1612	1.770141
1613	1.888306
1614	1.842955
1615	1.839375
1616	2.045117
1617	1.700058
1618	1.673470
1619	2.117661
1620	2.023217
1621	1.741591
0	1.785411
1	1.870109
2	1.919843
3	1.748997
4	1.928678
5	1.825516
6	1.766270
7	1.792706
8	1.730262
9	1.736348
10	1.673619
11	2.002047
12	1.959110
13	1.855641
14	1.714204
15	1.784236
16	1.839292
17	1.839837
18	2.151022
19	1.802551
20	2.007238
21	1.865636
22	1.837444
23	2.084924
24	1.789328
25	1.777245
26	1.909293
27	1.858200
28	1.985192
29	1.796746
30	1.898076
31	2.027882
32	1.804051
33	1.895521
34	1.790251
35	2.026056
36	2.047119
37	1.952846
38	1.926086
39	1.863704
40	1.806820
41	1.941058
42	1.925358
43	2.386653
44	1.916117
45	1.722965
46	1.896730
47	1.861423
48	2.013356
49	1.781994
50	1.748312
51	1.891798
52	1.809585
53	1.926162
54	2.038281
55	1.734645
56	1.779131
57	1.707892
58	1.918151
59	2.022298
60	1.698529
61	1.993215
62	1.817059
63	1.846648
64	1.939152
65	1.836872
66	1.757214
67	2.006740
68	1.763121
69	1.943273
70	1.764908
71	1.744590
72	1.855370
73	1.858198
74	1.774090
75	1.738362
76	1.933414
77	1.939510
78	1.811766
79	1.914786
80	2.292663
81	1.785443
82	1.858118
83	1.821070
84	1.793043
85	1.995669
86	1.795854
87	1.925671
88	1.722123
89	1.751856
90	1.851513
91	1.907068
92	2.068961
93	1.880585
94	2.036884
95	1.684815
96	1.917550
97	1.942705
98	1.836246
99	1.865637
100	1.843853
101	1.834829
102	1.996846
103	2.215423
104	2.030370
105	1.852295
106	1.852054
107	1.835294
108	1.949899
109	1.994718
110	2.088754
111	1.795328
112	1.796051
113	1.904022
114	1.710935
115	1.761504
116	1.777357
117	1.721308
118	1.830327
119	1.847079
120	2.054554
121	1.756189
122	1.756987
123	2.023214
124	1.774176
125	1.764878
126	1.953817
127	1.906464
128	1.960841
129	2.005444
130	1.772032
131	1.904128
132	1.863788
133	1.813808
134	1.840055
135	1.779917
136	1.858198
137	1.916455
138	1.997120
139	1.750371
140	1.846214
141	1.968096
142	1.960052
143	1.894439
144	1.793794
145	2.178373
146	2.014398
147	1.926291
148	1.952231
149	1.870346
150	1.929379
151	1.997474
152	1.766608
153	1.805797
154	2.099380
155	1.826855
156	1.950049
157	1.831119
158	1.676724
159	1.929016
160	2.059659
161	1.778484
162	2.001825
163	1.861018
164	1.797691
165	1.808561
166	1.767200
167	2.956927
168	1.842688
169	1.963313
170	1.757044
171	2.805228
172	1.871096
173	1.932795
174	1.838397
175	1.864857
176	3.128756
177	3.293799
178	1.787175
179	2.743154
180	1.700029
181	1.833606
182	2.897120
183	3.420250
184	1.850975
185	1.808452
186	3.705372
187	1.902498
188	1.811101
189	2.037476
190	1.888095
191	2.945201
192	1.893066
193	1.832867
194	1.890424
195	2.371179
196	1.800221
197	2.101284
198	2.005866
199	2.237725
200	2.072996
201	3.312568
202	2.510879
203	2.536888
204	1.651092
205	1.695876
206	1.931086
207	3.399087
208	1.711286
209	1.824117
210	3.650494
211	2.598424
212	2.337455
213	2.056502
214	2.545074
215	2.015615
216	1.803718
217	1.694814
218	1.857471
219	1.666074
220	2.575598
221	1.822442
222	1.972841
223	1.707982
224	1.796692
225	1.700294
226	3.368991
227	1.928135
228	1.954303
229	1.857095
230	1.832431
231	1.676842
232	1.740662
233	3.102031
234	2.035336
235	1.846133
236	1.844504
237	1.965044
238	2.126477
239	2.204382
240	2.262146
241	1.778259
242	1.859839
243	2.128377
244	1.916612
245	1.768474
246	2.128735
247	1.885682
248	2.619065
249	1.710614
250	2.123108
251	1.837008
252	1.721570
253	3.040822
254	2.780232
255	2.050976
256	1.760539
257	1.694522
258	2.216030
259	1.872778
260	1.761165
261	1.833165
262	2.295673
263	1.885023
264	1.908954
265	1.632910
266	1.884383
267	1.855315
268	1.804134
269	1.844561
270	1.876512
271	1.718284
272	1.876194
273	1.833633
274	1.859999
275	2.098191
276	2.212442
277	1.781178
278	1.778453
279	1.943681
280	2.340557
281	1.770310
282	1.777891
283	1.852053
284	1.897708
285	4.109332
286	2.010320
287	1.983558
288	1.873047
289	3.104418
290	1.902953
291	1.808121
292	2.017919
293	2.158658
294	1.924031
295	2.046511
296	1.879310
297	1.826720
298	1.856501
299	1.803383
300	1.874113
301	2.066688
302	1.840545
303	2.247687
304	1.787345
305	1.853052
306	1.962397
307	2.380693
308	1.844478
309	1.739311
310	1.787904
311	1.876965
312	1.957267
313	1.791006
314	1.815958
315	1.737987
316	1.906358
317	1.724674
318	1.889021
319	1.826501
320	1.967206
321	1.853916
322	1.699293
323	1.670270
324	1.717269
325	1.940434
326	2.017227
327	2.037547
328	1.792068
329	1.744849
330	1.867218
331	1.907693
332	1.752741
333	1.804051
334	1.842986
335	1.907172
336	1.708127
337	1.923981
338	1.945737
339	1.909479
340	1.791478
341	1.762411
342	1.865316
343	1.761532
344	1.711989
345	1.949999
346	1.876964
347	1.697674
348	1.831149
349	2.251445
350	1.860779
351	1.956657
352	1.964714
353	1.908323
354	1.885260
355	1.696407
356	1.825622
357	1.743903
358	1.973422
359	1.804468
360	1.992738
361	1.709825
362	1.786757
363	1.801250
364	1.880586
365	1.828577
366	1.863141
367	1.808700
368	1.838777
369	2.002347
370	2.245775
371	1.957420
372	1.844015
373	2.003797
374	2.008805
375	1.698409
376	1.985298
377	1.833195
378	1.790363
379	1.960437
380	1.937628
381	1.849890
382	1.931270
383	1.834368
384	1.853292
385	2.027535
386	1.828008
387	2.089304
388	1.965831
389	1.839404
390	1.829043
391	1.801250
392	1.809228
393	1.958288
394	1.800805
395	1.997924
396	2.189453
397	1.956197
398	1.840488
399	1.736117
400	1.707541
401	1.626162
402	2.300044
403	1.917551
404	1.932279
405	1.881542
406	1.818214
407	1.729797
408	1.755618
409	1.859240
410	1.922108
411	1.842742
412	1.877151
413	2.018663
414	1.793934
415	1.913584
416	1.744534
417	1.857014
418	1.788211
419	1.836029
420	1.895338
421	1.955530
422	1.962880
423	1.702146
424	1.994719
425	1.832758
426	1.734532
427	1.803467
428	1.950230
429	1.857016
430	1.980225
431	1.851647
432	1.808866
433	1.815487
434	1.964535
435	1.851514
436	1.788127
437	1.772993
438	2.019455
439	2.148928
440	1.688846
441	1.979748
442	2.066808
443	1.828526
444	1.837115
445	1.719680
446	1.794852
447	1.931138
448	1.805797
449	1.917080
450	1.754793
451	1.809892
452	1.748712
453	1.642528
454	1.716042
455	1.812566
456	1.884197
457	1.818351
458	2.087510
459	1.812209
460	1.747970
461	1.925902
462	1.812926
463	1.959643
464	1.775697
465	1.847729
466	1.762641
467	2.338055
468	1.900000
469	1.929791
470	2.029705
471	1.899737
472	1.924655
473	1.990226
474	1.993034
475	1.721222
476	1.762867
477	2.164429
478	1.702233
479	1.916376
480	1.785105
481	1.824390
482	2.070458
483	1.746023
484	2.181147
485	1.943219
486	2.158259
487	1.796329
488	1.674933
489	2.223353
490	2.041225
491	2.079665
492	1.925825
493	2.022325
494	1.905151
495	1.997073
496	1.825513
497	1.874699
498	1.906961
499	2.015961
500	1.817553
501	2.028275
502	1.827840
503	1.978382
504	2.053289
505	1.802387
506	2.149186
507	1.772146
508	1.891323
509	1.817168
510	1.996530
511	1.937370
512	1.880849
513	2.175751
514	2.430022
515	1.990250
516	2.560645
517	1.804965
518	1.814994
519	1.717469
520	3.153441
521	3.566036
522	1.806710
523	1.737844
524	2.008631
525	1.819149
526	1.901315
527	1.686119
528	2.022426
529	1.807789
530	1.739972
531	1.898789
532	1.901814
533	1.876833
534	1.977727
535	1.728727
536	1.898790
537	1.793796
538	1.865930
539	1.680508
540	1.854750
541	1.794548
542	1.784768
543	2.002348
544	2.040343
545	1.982852
546	1.924786
547	1.727687
548	2.057209
549	1.909503
550	1.970026
551	1.864056
552	1.721541
553	1.813587
554	2.133682
555	1.842227
556	1.918801
557	1.912171
558	1.997699
559	1.791897
560	1.940670
561	1.869064
562	1.921717
563	1.760056
564	1.669999
565	1.741894
566	1.755505
567	1.881783
568	1.820441
569	1.845372
570	1.630368
571	2.068454
572	1.837173
573	1.968147
574	1.691804
575	1.765105
576	1.789691
577	1.828578
578	1.984767
579	1.790447
580	2.021213
581	2.024846
582	1.770792
583	1.679226
584	1.732455
585	1.961097
586	1.911779
587	1.644537
588	1.830492
589	1.921353
590	1.728178
591	1.857444
592	1.947512
593	1.910733
594	1.727224
595	1.752769
596	1.869786
597	1.741523
598	1.676663
599	1.752798
600	1.893304
601	1.688639
602	1.876618
603	1.755277
604	1.882818
605	1.832511
606	2.026673
607	1.829701
608	1.747140
609	1.828607
610	1.776570
611	1.734185
612	1.825706
613	1.942292
614	1.811767
615	1.897815
616	1.727802
617	1.940026
618	1.894149
619	1.900842
620	1.818076
621	1.907066
622	1.693191
623	1.651848
624	1.731358
625	1.849837
626	1.858548
627	1.774542
628	1.811795
629	1.862766
630	1.757642
631	1.793459
632	1.847815
633	1.934286
634	1.805436
635	1.762380
636	1.892307
637	1.757897
638	1.977271
639	1.715169
640	1.796385
641	2.041420
642	1.961734
643	2.089044
644	1.896233
645	2.013031
646	1.726442
647	1.786820
648	1.818489
649	2.348338
650	1.732226
651	1.760483
652	1.683449
653	1.984267
654	1.828689
655	1.794837
656	1.739653
657	1.837723
658	1.767316
659	1.705577
660	1.890477
661	1.676575
662	1.943887
663	1.995221
664	1.808370
665	1.741266
666	1.698769
667	1.931734
668	1.821125
669	1.891480
670	1.931682
671	1.781914
672	1.722117
673	2.011493
674	2.054559
675	1.889892
676	1.949638
677	1.698560
678	1.633279
679	1.926164
680	2.047465
681	1.771578
682	1.987615
683	1.758463
684	1.833196
685	1.936647
686	1.868287
687	2.014945
688	1.746540
689	2.065792
690	1.926033
691	1.835866
692	1.959029
693	1.886402
694	1.907746
695	1.727226
696	1.972765
697	1.863035
698	1.966164
699	2.049464
700	2.051217
701	2.065964
702	2.307313
703	1.842744
704	1.835865
705	1.723426
706	2.026646
707	1.953688
708	2.330214
709	1.975045
710	1.995547
711	1.825104
712	2.052070
713	1.816231
714	1.938168
715	1.926085
716	1.895070
717	1.751742
718	1.814857
719	1.837987
720	1.833494
721	1.761901
722	1.888944
723	1.814553
724	1.779833
725	1.687631
726	1.927691
727	2.281249
728	1.772990
729	1.956274
730	2.003348
731	1.914498
732	2.059441
733	1.947537
734	1.800222
735	2.112748
736	1.884835
737	2.225706
738	1.728441
739	1.872778
740	1.750818
741	1.970916
742	3.147921
743	2.178945
744	2.181174
745	1.712339
746	2.058372
747	2.909484
748	1.920911
749	1.919920
750	3.406082
751	2.875762
752	1.907197
753	3.314211
754	3.220155
755	1.845481
756	2.976794
757	1.958929
758	1.852348
759	1.859838
760	1.973675
761	1.960026
762	1.905992
763	2.212646
764	3.195467
765	2.032657
766	1.636126
767	2.493371
768	2.002748
769	1.869464
770	1.906017
771	1.961353
772	1.855694
773	1.898580
774	1.881354
775	2.411721
776	1.820140
777	1.985421
778	2.287117
779	1.912224
780	1.735338
781	1.721077
782	2.015489
783	2.028225
784	1.736578
785	2.052584
786	1.832431
787	1.804965
788	1.833162
789	2.009004
790	2.043131
791	2.262081
792	1.892382
793	1.675351
794	1.727542
795	3.762172
796	1.822665
797	2.037987
798	2.072538
799	2.032413
800	1.801721
801	1.851322
802	2.745649
803	1.844857
804	2.284408
805	1.879733
806	2.001724
807	3.478132
808	2.322801
809	2.518091
810	1.960102
811	3.229504
812	1.869788
813	1.820028
814	2.047462
815	1.808480
816	1.850837
817	1.910865
818	1.960255
819	1.798610
820	1.778370
821	1.993939
822	1.829700
823	1.952342
824	1.730326
825	1.946406
826	1.954021
827	2.006863
828	1.908640
829	1.840681
830	1.824745
831	1.950668
832	1.820026
833	1.926913
834	1.789465
835	1.969720
836	1.802705
837	1.800148
838	1.755319
839	1.759044
840	1.624591
841	1.834366
842	1.790028
843	1.962548
844	1.900370
845	1.999349
846	2.222292
847	1.901604
848	1.708598
849	1.798694
850	1.844695
851	2.124759
852	1.941829
853	2.054214
854	1.690027
855	1.831228
856	1.792481
857	1.745909
858	1.889047
859	1.999350
860	1.702528
861	1.831365
862	2.329357
863	1.707453
864	1.866254
865	2.010373
866	1.807458
867	1.822114
868	1.777470
869	1.950923
870	1.800722
871	1.729595
872	2.032267
873	1.798500
874	2.003597
875	1.906672
876	2.069831
877	1.807484
878	1.930802
879	1.910261
880	1.747712
881	1.842824
882	1.812209
883	1.969009
884	2.875603
885	1.805242
886	1.849163
887	1.954711
888	1.832240
889	1.773190
890	1.747942
891	2.054021
892	1.972764
893	2.013107
894	2.303497
895	1.711462
896	2.061917
897	1.897630
898	1.871898
899	1.943323
900	1.979975
901	1.708889
902	1.761903
903	1.730376
904	1.923876
905	1.825101
906	1.973931
907	1.883773
908	2.000050
909	2.109715
910	2.040050
911	1.718546
912	1.838370
913	1.833113
914	1.643807
915	1.881728
916	1.786196
917	2.037496
918	1.705315
919	1.841030
920	1.926086
921	1.676902
922	1.734041
923	1.746022
924	1.831884
925	1.747368
926	1.770565
927	1.636612
928	1.781121
929	1.792791
930	1.817967
931	1.678274
932	1.940647
933	1.767344
934	1.769890
935	1.692661
936	1.818296
937	2.000348
938	1.772850
939	1.816481
940	1.869063
941	1.691716
942	1.784910
943	1.814055
944	1.936932
945	1.723542
946	2.107249
947	1.800668
948	1.708830
949	1.772964
950	1.873482
951	1.929405
952	1.713593
953	1.796290
954	2.153905
955	1.867216
956	1.812678
957	1.663641
958	1.731185
959	1.750542
960	1.683716
961	1.849784
962	1.938272
963	1.874753
964	1.922940
965	1.718895
966	1.862955
967	2.073886
968	2.096689
969	1.790140
970	1.876006
971	1.763349
972	1.748686
973	2.259226
974	1.745996
975	1.881862
976	1.786756
977	1.813008
978	1.908743
979	1.710380
980	1.893305
981	1.792234
982	1.866601
983	1.934270
984	1.772174
985	1.862148
986	1.679553
987	1.851054
988	1.894124
989	2.019853
990	1.756730
991	1.718283
992	1.868208
993	1.986354
994	1.739310
995	1.666283
996	1.850974
997	1.889815
998	2.335916
999	1.801000
1000	1.716828
1001	1.732455
1002	1.899316
1003	1.775218
1004	1.801122
1005	1.790809
1006	1.731589
1007	1.732941
1008	1.785357
1009	1.794882
1010	1.781011
1011	1.865850
1012	1.838641
1013	1.660031
1014	1.966443
1015	1.701441
1016	1.811355
1017	1.856261
1018	1.715838
1019	1.905624
1020	1.706957
1021	1.744879
1022	1.781124
1023	1.854858
1024	1.812541
1025	1.827511
1026	1.791814
1027	1.829319
1028	2.180596
1029	1.827511
1030	1.977524
1031	1.827376
1032	2.135696
1033	1.861988
1034	1.943707
1035	1.631778
1036	1.768446
1037	1.724557
1038	1.722381
1039	1.739800
1040	1.724558
1041	1.750971
1042	1.740030
1043	1.736290
1044	1.847322
1045	2.035336
1046	1.933106
1047	1.780617
1048	1.838286
1049	1.670600
1050	1.722934
1051	1.754594
1052	1.842119
1053	1.837879
1054	2.106323
1055	1.815571
1056	1.972079
1057	1.907800
1058	1.793935
1059	1.982119
1060	1.841250
1061	2.018267
1062	1.692837
1063	1.867995
1064	1.857390
1065	1.956145
1066	1.832184
1067	1.694285
1068	1.876513
1069	1.799944
1070	1.964433
1071	1.833385
1072	1.739656
1073	1.796802
1074	1.812897
1075	1.947460
1076	1.822691
1077	1.683865
1078	1.898921
1079	1.766182
1080	1.683479
1081	1.851431
1082	1.776232
1083	1.939201
1084	1.812070
1085	1.807208
1086	1.708039
1087	1.864753
1088	1.845155
1089	1.981564
1090	1.772260
1091	1.785442
1092	1.854238
1093	1.860592
1094	1.977473
1095	1.923123
1096	1.724037
1097	1.821290
1098	1.877818
1099	1.827838
1100	1.735310
1101	1.661594
1102	2.130211
1103	1.760851
1104	1.817388
1105	1.946509
1106	1.805712
1107	1.712629
1108	1.927927
1109	2.056844
1110	1.899605
1111	1.846131
1112	1.849190
1113	1.750943
1114	1.811792
1115	1.762357
1116	1.849270
1117	1.788937
1118	1.723398
1119	1.816233
1120	1.757783
1121	1.977725
1122	1.959797
1123	1.815050
1124	1.767853
1125	1.723978
1126	1.912095
1127	1.739971
1128	1.911179
1129	1.738420
1130	1.798136
1131	1.778932
1132	1.760567
1133	1.926396
1134	1.905099
1135	1.843393
1136	1.821017
1137	1.716275
1138	1.881622
1139	1.722092
1140	1.880692
1141	1.878110
1142	1.694167
1143	1.692837
1144	1.662107
1145	1.856368
1146	1.746710
1147	1.770819
1148	1.705167
1149	1.964103
1150	1.785748
1151	1.775640
1152	2.192032
1153	1.826853
1154	1.844914
1155	2.025119
1156	1.809586
1157	1.688105
1158	1.800609
1159	1.828005
1160	1.717761
1161	1.777806
1162	1.714176
1163	1.941031
1164	1.767313
1165	1.789917
1166	1.851138
1167	1.986602
1168	2.062377
1169	1.746000
1170	1.989374
1171	1.762497
1172	1.692039
1173	2.203587
1174	1.910601
1175	1.809586
1176	1.769463
1177	1.897392
1178	2.037350
1179	1.699057
1180	1.799556
1181	1.798695
1182	1.939278
1183	1.809889
1184	1.816067
1185	1.805242
1186	2.049024
1187	1.753255
1188	1.863626
1189	1.721685
1190	1.844451
1191	1.951050
1192	1.893251
1193	2.074608
1194	1.871069
1195	1.725022
1196	1.786420
1197	1.936543
1198	1.868314
1199	1.792456
1200	1.674992
1201	1.906568
1202	1.927537
1203	1.774318
1204	1.716071
1205	1.751742
1206	2.022028
1207	1.940129
1208	1.854319
1209	1.684903
1210	1.836981
1211	1.847187
1212	2.372783
1213	1.814607
1214	1.708889
1215	1.901682
1216	2.134384
1217	1.774316
1218	1.921483
1219	1.943322
1220	1.931450
1221	1.884621
1222	1.897604
1223	2.064680
1224	1.775783
1225	1.664782
1226	1.788127
1227	1.855532
1228	2.015491
1229	1.769548
1230	1.930958
1231	1.806573
1232	1.866816
1233	1.849705
1234	1.800082
1235	1.848026
1236	1.812430
1237	1.837609
1238	1.744591
1239	2.019950
1240	1.894412
1241	1.930908
1242	1.790921
1243	1.691538
1244	1.780198
1245	1.859838
1246	1.898445
1247	1.667034
1248	2.104757
1249	1.958928
1250	1.674873
1251	2.292357
1252	1.941185
1253	1.879866
1254	2.091722
1255	1.895706
1256	1.702969
1257	1.875659
1258	1.750457
1259	1.789665
1260	1.916298
1261	1.966749
1262	1.761306
1263	1.867110
1264	1.676932
1265	1.889605
1266	1.815817
1267	1.788967
1268	2.062161
1269	2.025041
1270	1.790001
1271	1.869359
1272	1.832237
1273	1.917862
1274	1.830518
1275	1.917943
1276	1.850108
1277	1.836437
1278	1.918984
1279	1.713739
1280	1.787516
1281	1.926527
1282	1.740144
1283	1.700293
1284	1.685102
1285	1.699940
1286	1.890900
1287	1.932976
1288	1.837419
1289	1.666674
1290	2.032388
1291	1.849702
1292	1.757101
1293	1.761761
1294	1.793572
1295	1.809309
1296	1.639574
1297	1.796718
1298	1.859678
1299	1.838287
1300	1.764141
1301	1.866601
1302	1.707161
1303	1.773809
1304	1.826308
1305	1.686060
1306	1.830655
1307	1.813008
1308	1.725949
1309	1.749800
1310	1.744390
1311	1.716801
1312	1.744879
1313	1.755392
1314	1.767060
1315	1.723195
1316	1.705931
1317	1.789245
1318	2.065359
1319	1.943758
1320	1.917133
1321	1.701205
1322	1.922966
1323	1.761845
1324	1.786310
1325	1.843637
1326	1.714351
1327	1.730116
1328	1.994240
1329	1.835235
1330	1.757869
1331	1.648788
1332	1.623158
1333	1.758667
1334	1.867352
1335	1.901079
1336	2.016791
1337	1.805796
1338	1.977398
1339	1.672064
1340	1.824527
1341	2.055263
1342	1.956963
1343	1.947197
1344	1.906697
1345	1.846131
1346	1.875472
1347	1.812430
1348	1.845995
1349	1.884330
1350	1.842853
1351	2.010497
1352	1.784181
1353	1.924266
1354	1.909791
1355	1.814636
1356	1.771103
1357	1.713738
1358	1.866251
1359	2.045923
1360	1.821458
1361	1.808926
1362	1.878454
1363	1.843117
1364	1.821782
1365	1.799472
1366	1.710441
1367	1.742955
1368	1.819061
1369	1.955378
1370	1.753199
1371	1.891402
1372	1.911732
1373	2.096034
1374	1.860844
1375	2.038529
1376	1.831366
1377	1.764115
1378	2.033370
1379	1.631441
1380	1.950614
1381	1.820413
1382	1.811297
1383	1.876116
1384	2.001998
1385	2.025856
1386	1.930183
1387	1.894573
1388	1.822551
1389	1.766750
1390	1.902788
1391	1.839266
1392	1.880772
1393	1.891797
1394	1.862628
1395	1.929769
1396	1.703643
1397	1.926295
1398	1.753567
1399	1.849165
1400	2.051586
1401	1.863760
1402	1.943937
1403	1.712192
1404	1.806571
1405	1.876436
1406	2.082044
1407	1.847488
1408	1.816230
1409	1.864029
1410	1.824803
1411	1.760256
1412	1.748629
1413	1.887591
1414	1.772962
1415	1.819368
1416	1.813384
1417	2.010897
1418	1.804467
1419	1.760906
1420	1.702554
1421	1.794907
1422	1.749085
1423	2.029536
1424	1.854858
1425	1.821705
1426	1.849891
1427	2.388405
1428	1.944068
1429	1.862604
1430	1.726617
1431	1.753484
1432	1.807482
1433	1.695731
1434	1.950948
1435	1.937495
1436	1.783646
1437	1.848512
1438	1.980521
1439	1.792821
1440	1.869870
1441	1.838047
1442	1.740026
1443	1.940848
1444	2.020025
1445	1.656745
1446	1.850541
1447	1.964840
1448	1.814988
1449	1.812015
1450	1.810912
1451	1.923822
1452	1.737298
1453	2.106583
1454	1.665834
1455	1.795438
1456	1.851487
1457	1.604295
1458	1.755706
1459	1.973530
1460	1.678124
1461	1.742959
1462	1.787905
1463	2.267214
1464	1.814602
1465	1.835420
1466	1.960512
1467	1.804719
1468	1.880666
1469	1.850753
1470	2.052242
1471	1.793375
1472	1.901924
1473	1.819535
1474	1.985700
1475	1.796244
1476	1.817637
1477	1.825074
1478	1.846857
1479	2.137286
1480	1.916743
1481	1.848314
1482	1.807127
1483	1.871629
1484	2.188742
1485	1.801250
1486	1.690237
1487	1.791896
1488	1.692597
1489	1.762870
1490	1.923569
1491	1.868560
1492	1.931168
1493	1.901868
1494	1.779383
1495	1.865077
1496	1.685379
1497	1.755732
1498	2.032409
1499	1.745942
1500	2.040413
1501	1.834291
1502	1.832487
1503	1.852109
1504	1.853023
1505	1.891692
1506	1.904388
1507	1.783848
1508	1.785779
1509	1.968785
1510	1.963689
1511	1.757444
1512	1.870423
1513	1.636768
1514	1.892353
1515	1.849139
1516	1.842014
1517	1.750459
1518	1.864241
1519	1.823513
1520	1.820197
1521	1.933753
1522	2.132817
