0	3.160475
1	2.613257
2	2.599195
3	2.927969
4	3.132634
5	3.268102
6	2.635224
7	3.068859
8	2.886800
9	3.648617
10	3.446593
11	3.222951
12	3.366690
13	3.028679
14	3.498530
15	3.016917
16	2.243793
17	3.278552
18	3.532762
19	2.818899
20	3.431619
21	3.000398
22	3.171764
23	3.034354
24	3.583588
25	3.028450
26	3.312928
27	3.307703
28	2.818120
29	3.303952
30	2.927696
31	3.296391
32	3.077921
33	3.116374
34	2.755560
35	2.902241
36	3.399131
37	2.941870
38	2.839192
39	3.642060
40	3.266897
41	3.700132
42	3.021803
43	2.862692
44	3.120174
45	2.646146
46	2.739310
47	2.512227
48	2.862534
49	3.054668
50	3.018758
51	2.881406
52	3.568921
53	2.626995
54	2.750292
55	2.883471
56	2.816185
57	3.443980
58	3.081330
59	2.663792
60	2.574511
61	2.795246
62	2.678469
63	3.323944
64	3.019619
65	2.806939
66	2.516881
67	3.183849
68	2.833761
69	3.118510
70	3.234892
71	2.418181
72	2.401708
73	2.723290
74	3.593576
75	3.119456
76	2.876701
77	3.041642
78	2.793279
79	2.616984
80	3.123926
81	2.988428
82	3.526485
83	2.741717
84	3.009636
85	2.318880
86	2.841284
87	2.990034
88	3.050063
89	2.683245
90	2.603942
91	2.706990
92	2.465864
93	2.651547
94	2.744616
95	3.129553
96	2.978354
97	2.902294
98	2.660883
99	3.020859
100	2.540789
101	3.009601
102	2.498342
103	3.275026
104	2.616066
105	3.444360
106	2.824925
107	2.519404
108	2.660491
109	3.102919
110	3.113098
111	2.685161
112	2.529227
113	2.878281
114	2.706827
115	2.797356
116	2.426889
117	2.854279
118	3.142882
119	3.033246
120	2.619696
121	3.287858
122	3.387167
123	3.151649
124	3.030988
125	3.029291
126	2.767255
127	3.320239
128	3.157164
129	2.841234
130	2.603251
131	2.729927
132	3.172725
133	3.270562
134	2.981171
135	2.811705
136	3.059252
137	2.913774
138	2.862765
139	3.115219
140	2.487146
141	2.953423
142	2.538190
143	3.163618
144	3.096194
145	2.309524
146	2.639580
147	2.735594
148	2.826466
149	2.993226
150	2.676678
151	2.866463
152	3.035216
153	3.052770
154	2.914673
155	3.334487
156	2.785305
157	2.634294
158	2.602101
159	3.077627
160	2.688961
161	2.280081
162	2.926896
163	3.120046
164	3.330273
165	2.788206
166	2.900442
167	2.845927
168	2.400526
169	2.816005
170	3.002553
171	2.989732
172	3.582379
173	2.999563
174	2.751980
175	3.191046
176	3.054996
177	3.416575
178	3.016567
179	3.181152
180	2.829947
181	2.455748
182	3.031479
183	2.840805
184	2.877587
185	2.183668
186	3.057349
187	2.904100
188	3.252643
189	2.895094
190	2.848391
191	2.834152
192	2.694106
193	2.563163
194	2.966445
195	2.684210
196	2.982717
197	2.667454
198	2.859474
199	3.079123
200	3.057927
201	2.952590
202	2.967575
203	2.085523
204	2.913781
205	3.022000
206	2.868781
207	2.457848
208	3.006429
209	3.154311
210	2.861850
211	3.050640
212	2.846138
213	3.066153
214	2.802642
215	3.237065
216	2.837765
217	2.518214
218	3.278510
219	2.514163
220	2.606835
221	3.236928
222	3.133559
223	2.827522
224	3.060036
225	2.862956
226	3.111783
227	3.220482
228	2.957937
229	2.827407
230	2.780394
231	2.646096
232	3.070736
233	2.696995
234	3.185924
235	2.970821
236	2.996880
237	3.264002
238	2.861255
239	3.324694
240	3.085141
241	2.996900
242	3.449940
243	3.350966
244	2.982445
245	2.908622
246	2.643788
247	3.120799
248	2.761826
249	2.720404
250	2.989736
251	2.830637
252	2.958885
253	2.830825
254	3.009518
255	2.820296
256	2.739524
257	3.033051
258	2.976442
259	2.871486
260	2.875340
261	2.663592
262	3.106193
263	2.388870
264	3.366811
265	3.538169
266	2.801397
267	2.963460
268	2.988006
269	2.775466
270	3.130210
271	2.774184
272	2.616199
273	2.988728
274	2.657484
275	2.866826
276	2.612777
277	3.301546
278	3.425879
279	2.790860
280	2.732668
281	3.140733
282	2.650771
283	3.367996
284	2.868325
285	3.058316
286	2.831868
287	2.493788
288	3.110583
289	3.425698
290	2.669255
291	3.162400
292	2.512229
293	3.126618
294	2.326953
295	2.716119
296	3.064216
297	2.678077
298	3.119053
299	3.156596
300	3.021610
301	2.147018
302	2.721302
303	2.617441
304	2.848425
305	3.891756
306	3.106535
307	2.984967
308	3.557841
309	2.792456
310	2.731971
311	2.218222
312	3.639686
313	2.591393
314	3.111371
315	2.376149
316	2.824907
317	3.049245
318	2.953603
319	3.154461
320	2.986600
321	2.688698
322	3.109886
323	3.118489
324	2.744323
325	2.777586
326	2.913022
327	2.862636
328	2.779226
329	2.660772
330	2.814461
331	3.124006
332	2.623907
333	2.771751
334	3.032857
335	2.959357
336	3.112071
337	3.096008
338	3.039788
339	3.288982
340	3.246691
341	3.070949
342	2.925917
343	3.187175
344	2.881754
345	3.317621
346	3.052947
347	3.102723
348	3.088078
349	3.039377
350	3.720258
351	3.009149
352	3.174098
353	3.005480
354	3.560561
355	3.143213
356	4.001726
357	3.501742
358	2.886348
359	2.614632
360	3.740923
361	2.749473
362	4.235621
363	3.309457
364	3.190360
365	2.865275
366	2.794744
367	2.171036
368	3.001433
369	3.041367
370	3.066776
371	3.196540
372	3.352997
373	2.751927
374	2.896307
375	2.992424
376	2.679216
377	3.181525
378	3.093559
379	3.202188
380	2.665595
381	2.865658
382	2.983506
383	3.416931
384	3.365204
385	3.053935
386	2.984570
387	3.229754
388	2.628418
389	3.439737
390	2.889186
391	2.494437
392	2.635164
393	2.691782
394	2.861434
395	2.393556
396	3.446090
397	2.731648
398	2.695362
399	3.160680
400	2.619794
401	2.968150
402	3.122914
403	2.847558
404	2.568745
405	3.230142
406	3.392625
407	2.846510
408	2.985581
409	2.428869
410	2.469538
411	2.842697
412	2.963292
413	2.874607
414	3.326397
415	3.527889
416	3.133708
417	3.161976
418	3.138805
419	3.142247
420	2.771031
421	2.313827
422	3.478821
423	3.127427
424	2.999265
425	2.989397
426	2.510836
427	2.382834
428	3.474704
429	2.415985
430	2.575058
431	2.569932
432	3.488467
433	3.459205
434	2.813769
435	2.981731
436	3.028548
437	3.581218
438	2.722618
439	2.558024
440	3.584332
441	2.925012
442	3.164478
443	2.868207
444	2.850597
445	3.003033
446	3.223958
447	3.051395
448	2.960575
449	3.549541
450	3.981686
451	3.596942
452	2.522610
453	2.769025
454	3.410820
455	2.929464
456	3.397623
457	3.358255
458	2.659056
459	2.785840
460	3.349105
461	2.645939
462	2.812402
463	2.848741
464	3.368174
465	2.548316
466	3.020028
467	2.944721
468	2.602174
469	2.897327
470	2.957853
471	3.139013
472	2.878112
473	2.532466
474	2.898482
475	2.782751
476	2.739087
477	2.891053
478	3.250508
479	2.757879
480	3.173468
481	3.090809
482	2.933496
483	2.938197
484	2.704903
485	3.354549
486	2.680784
487	3.392610
488	2.870036
489	3.400147
490	3.238532
491	3.135299
492	2.847664
493	3.189701
494	3.315056
495	2.910447
496	2.547253
497	3.073338
498	2.839912
499	2.836372
500	2.891263
501	3.343337
502	2.932114
503	2.697185
504	2.670468
505	2.601328
506	3.017052
507	3.001631
508	2.996631
509	3.445649
510	2.857079
511	3.192741
512	2.689572
513	2.822338
514	3.092329
515	3.449421
516	3.060226
517	3.448710
518	2.933831
519	2.769585
520	3.040148
521	2.975736
522	3.197130
523	3.019967
524	3.249415
525	3.418969
526	3.060621
527	3.094786
528	2.623375
529	2.741350
530	3.734411
531	3.164303
532	2.808220
533	2.736622
534	2.357393
535	2.975264
536	2.524916
537	2.894996
538	3.125604
539	3.034896
540	3.322454
541	2.925440
542	2.445077
543	3.010133
544	3.226670
545	2.663998
546	3.123732
547	2.822551
548	2.444525
549	3.812622
550	3.692003
551	3.238423
552	2.793189
553	3.127762
554	2.912130
555	2.979162
556	4.568635
557	3.619173
558	2.675705
559	2.360530
560	2.989633
561	2.628726
562	3.498828
563	3.370149
564	2.974643
565	2.525787
566	2.800018
567	3.045948
568	3.083683
569	3.076183
570	2.858355
571	2.917825
572	2.796158
573	3.563846
574	3.163606
575	2.689628
576	2.729066
577	2.739069
578	2.881857
579	3.350432
580	3.137069
581	2.933207
582	2.978875
583	2.606569
584	2.765248
585	2.381533
586	3.051212
587	2.418429
588	2.911393
589	2.749547
590	2.747761
591	2.785909
592	3.010167
593	3.162182
594	2.955503
595	2.723142
596	3.363067
597	3.019882
598	3.295173
599	3.141814
600	2.899879
601	2.705939
602	2.731190
603	3.412697
604	3.247353
605	3.341212
606	3.000566
607	2.945590
608	2.750038
609	2.869164
610	2.797733
611	2.593801
612	3.180454
613	3.051637
614	2.514975
615	2.964775
616	2.166469
617	2.454811
618	2.334802
619	2.783002
620	2.947218
621	2.505372
622	2.355820
623	2.306708
624	2.697590
625	2.700610
626	2.534523
627	2.713539
628	2.571596
629	2.389203
630	3.152745
631	2.186323
632	2.612395
633	2.605398
634	2.928310
635	2.814584
636	2.763494
637	2.974425
638	3.089888
639	2.954134
640	2.810945
641	3.283073
642	3.015064
643	3.279362
644	3.161899
645	3.149621
646	2.920974
647	2.915940
648	3.205636
649	3.393965
650	3.304207
651	3.022399
652	3.106286
653	2.776928
654	2.912631
655	2.952524
656	2.664922
657	2.808648
658	2.761357
659	3.140525
660	3.386945
661	2.773914
662	2.713247
663	2.972726
664	3.107106
665	2.988814
666	3.592949
667	2.806066
668	2.725310
669	3.350253
670	2.971751
671	2.780127
672	3.041807
673	2.954237
674	3.356708
675	2.994230
676	2.562712
677	3.039309
678	2.765085
679	2.482518
680	3.034520
681	2.905184
682	3.400795
683	3.346731
684	3.025244
685	2.954913
686	3.094336
687	2.876300
688	2.817814
689	2.891731
690	3.012975
691	2.818546
692	2.807667
693	2.740184
694	3.131618
695	3.144283
696	2.945384
697	3.098148
698	2.707387
699	2.438917
700	3.301589
701	3.147871
702	3.309937
703	3.479908
704	3.483803
705	3.304907
706	2.670093
707	3.409372
708	3.139810
709	3.809150
710	2.872940
711	2.414284
712	3.315773
713	3.277866
714	3.369406
715	3.420203
716	3.303094
717	2.963796
718	3.136973
719	2.780036
720	3.462457
721	2.706788
722	2.990067
723	3.023590
724	3.014001
725	3.376686
726	3.647179
727	3.062597
728	3.524174
729	2.856519
730	2.648262
731	2.341388
732	2.699627
733	3.091955
734	3.113246
735	2.924071
736	2.525644
737	2.692991
738	2.629220
739	2.660130
740	2.618815
741	2.969191
742	2.436122
743	2.560350
744	3.030594
745	3.083034
746	2.850771
747	2.913916
748	3.315509
749	2.659699
750	2.947237
751	3.015990
752	2.391882
753	3.248153
754	3.478017
755	3.263832
756	2.954201
757	2.797604
758	2.830212
759	3.197031
760	2.723855
761	3.437134
762	3.151224
763	3.052229
764	3.213237
765	3.015245
766	3.209188
767	3.056158
768	2.807171
769	3.396381
770	2.865171
771	3.160016
772	2.738320
773	3.197155
774	2.975450
775	2.707046
776	2.658666
777	2.797624
778	2.965992
779	2.644089
780	3.577724
781	2.934433
782	2.956535
783	3.036972
784	3.225615
785	3.196076
786	3.165518
787	3.174461
788	3.013587
789	2.519384
790	3.432942
791	3.012125
792	2.915744
793	2.818831
794	2.524639
795	2.922137
796	3.078670
797	3.480507
798	3.091295
799	3.066758
800	2.549157
801	2.915219
802	2.903153
803	2.739816
804	2.936630
805	2.777948
806	2.923459
807	2.930257
808	3.012291
809	2.894217
810	3.113424
811	3.198843
812	3.264445
813	3.136383
814	3.060521
815	2.603766
816	2.861905
817	2.914001
818	3.388364
819	2.692376
820	2.609924
821	3.098791
822	2.896843
823	3.003880
824	3.321461
825	2.852403
826	3.027507
827	3.278688
828	2.854715
829	3.024004
830	3.413445
831	2.644542
832	2.971363
833	2.726846
834	2.932218
835	2.764524
836	2.802607
837	3.494366
838	3.262223
839	3.126419
840	2.761323
841	2.762497
842	2.890916
843	3.117596
844	3.045997
845	3.012423
846	3.078457
847	3.226346
848	3.479453
849	3.074898
850	3.253320
851	3.235769
852	2.525412
853	3.422702
854	3.022713
855	2.621182
856	2.884025
857	3.176131
858	3.136001
859	3.340689
860	2.681436
861	3.086407
862	2.881771
863	3.161393
864	2.867578
865	3.082257
866	3.068598
867	3.012988
868	2.985448
869	2.617883
870	3.134661
871	3.054195
872	3.344234
873	2.759819
874	3.496106
875	3.312686
876	3.025959
877	3.453418
878	3.462167
879	2.904032
880	2.876074
881	2.760308
882	2.903429
883	2.974205
884	3.015477
885	3.015112
886	3.243732
887	3.960922
888	3.365561
889	2.870784
890	4.021276
891	3.324923
892	3.579190
893	2.836388
894	2.978288
895	3.094818
896	3.296726
897	2.523847
898	3.297711
899	2.533456
900	2.953185
901	3.353103
902	2.511751
903	2.787292
904	3.073142
905	2.893407
906	2.760144
907	2.804621
908	2.915286
909	2.802749
910	2.811779
911	3.496197
912	2.971048
913	3.085670
914	2.653659
915	3.107588
916	3.052888
917	2.983094
918	2.901535
919	2.700556
920	3.013748
921	3.570931
922	4.108991
923	3.279558
924	2.604805
925	3.276217
926	2.631975
927	2.786838
928	2.984058
929	3.102355
930	3.344144
931	3.044684
932	2.405534
933	3.164980
934	2.401874
935	2.569985
936	3.505097
937	3.008872
938	2.986320
939	3.145122
940	2.764834
941	2.784331
942	3.161022
943	3.030824
944	2.902603
945	2.581957
946	3.152187
947	2.967726
948	2.661543
949	2.976676
950	3.085317
951	2.924176
952	3.052787
953	2.609675
954	3.096725
955	2.919196
956	2.759675
957	3.435129
958	2.729074
959	3.199515
960	3.153743
961	3.467349
962	2.823648
963	3.039901
964	2.941667
965	2.609483
966	2.922926
967	3.120802
968	3.805062
969	2.589054
970	2.867018
971	2.698540
972	2.796714
973	2.823135
974	3.420073
975	3.594080
976	2.975166
977	2.583061
978	2.734337
979	2.779103
980	3.042531
981	2.907043
982	2.911735
983	3.091487
984	2.917773
985	2.772111
986	3.244349
987	2.548668
988	2.968334
989	3.145551
990	2.710462
991	2.973264
992	2.439508
993	3.614001
994	2.748182
995	2.928633
996	2.506012
997	2.976139
998	2.808095
999	2.824429
1000	2.760743
1001	2.855679
1002	2.710959
1003	2.862063
1004	2.421095
1005	2.789033
1006	2.903189
1007	2.647451
1008	2.685163
1009	3.268469
1010	2.881822
1011	3.384050
1012	2.839894
1013	2.836000
1014	2.915802
1015	3.010814
1016	2.858550
1017	2.690985
1018	3.034371
1019	3.332115
1020	2.661391
1021	2.558496
1022	2.560744
1023	2.672471
1024	2.280043
1025	3.066105
1026	2.513543
1027	3.426075
1028	3.300606
1029	2.675387
1030	2.997999
1031	2.856291
1032	3.135937
1033	2.993927
1034	2.597383
1035	2.951424
1036	3.672643
1037	2.785839
1038	2.608659
1039	3.110803
1040	2.686913
1041	2.835595
1042	3.016140
1043	3.131166
1044	2.781690
1045	2.504896
1046	2.982484
1047	2.828284
1048	3.373633
1049	2.850018
1050	3.038043
1051	2.674397
1052	2.920445
1053	2.875414
1054	3.179009
1055	2.883384
1056	2.589768
1057	3.254658
1058	3.245705
1059	3.101306
1060	3.277956
1061	3.438575
1062	3.371484
1063	3.191396
1064	2.860560
1065	3.178884
1066	3.054668
1067	3.139109
1068	2.664208
1069	3.053474
1070	3.471958
1071	3.130080
1072	3.362232
1073	2.987172
1074	2.838485
1075	3.455054
1076	2.889516
1077	2.720239
1078	3.203717
1079	2.901947
1080	3.317257
1081	2.925577
1082	2.480524
1083	3.195700
1084	3.303255
1085	3.530595
1086	3.097451
1087	2.692285
1088	3.164095
1089	3.585987
1090	3.367878
1091	4.410681
1092	3.954353
1093	2.310542
1094	2.951118
1095	3.296999
1096	2.676938
1097	3.437063
1098	3.169148
1099	3.161266
1100	3.305465
1101	2.842921
1102	3.195340
1103	2.807578
1104	2.698111
1105	2.915613
1106	2.786610
1107	3.331381
1108	3.044076
1109	3.174367
1110	3.387196
1111	3.139316
1112	2.831484
1113	3.063952
1114	3.199452
1115	2.422830
1116	3.265716
1117	2.913108
1118	2.664997
1119	2.774474
1120	2.662987
1121	2.901362
1122	3.416095
1123	3.167806
1124	3.469539
1125	3.201952
1126	3.555659
1127	3.420203
1128	3.315481
1129	3.482756
1130	3.093026
1131	3.339776
1132	2.988326
1133	2.963074
1134	3.257147
1135	3.477788
1136	3.009883
1137	3.303817
1138	2.687861
1139	2.811211
1140	3.069154
1141	3.018378
1142	2.894855
1143	3.022447
1144	3.206150
1145	3.131804
1146	2.739359
1147	2.648678
1148	2.337476
1149	3.048177
1150	3.008736
1151	2.572662
1152	3.030792
1153	3.278810
1154	2.902723
1155	2.783685
1156	2.830652
1157	2.662707
1158	2.468319
1159	3.389898
1160	3.057009
1161	2.698702
1162	3.043468
1163	2.879341
1164	2.503977
1165	2.807293
1166	3.919057
1167	4.975277
1168	3.693196
1169	4.166785
1170	2.938195
1171	3.268487
1172	4.166319
1173	3.945187
1174	2.661541
1175	3.378062
1176	4.633410
1177	4.468568
1178	3.321461
1179	4.125069
1180	4.381804
1181	3.318750
1182	3.903102
1183	4.595834
1184	4.914610
1185	3.284722
1186	3.248399
1187	3.156121
1188	3.387049
1189	3.009469
1190	2.718419
1191	2.832827
1192	3.057272
1193	2.574178
1194	3.458626
1195	2.824784
1196	3.170505
1197	3.452029
1198	2.654713
1199	2.715769
1200	2.741714
1201	3.103369
1202	3.253567
1203	3.072607
1204	2.745615
1205	2.813858
1206	3.186879
1207	2.975635
1208	3.090824
1209	3.295604
1210	3.157310
1211	3.416475
1212	3.105526
1213	3.203062
1214	3.301227
1215	3.705968
1216	2.842584
1217	3.211137
1218	2.695422
1219	2.536317
1220	3.367060
1221	2.617232
1222	3.331803
1223	2.721783
1224	3.041857
1225	2.995747
1226	2.508925
1227	2.673180
1228	2.809661
1229	3.036279
1230	2.400541
1231	3.478075
1232	3.014911
1233	3.213629
1234	2.850981
1235	3.111621
1236	3.051704
1237	3.024781
1238	2.940443
1239	3.055978
1240	3.306131
1241	2.576722
1242	3.113664
1243	2.751925
1244	3.106462
1245	2.388599
1246	2.844045
1247	2.470345
1248	2.704256
1249	2.709797
1250	2.909879
1251	3.137419
1252	3.866328
1253	3.457557
1254	3.092363
1255	4.679199
1256	4.010923
1257	4.313340
1258	2.783200
1259	2.997299
1260	2.800090
1261	4.400431
1262	3.173562
1263	2.942992
1264	3.160837
1265	3.449609
1266	2.975381
1267	4.067358
1268	3.290425
1269	3.068470
1270	3.065519
1271	4.267152
1272	3.835334
1273	3.043386
1274	3.358719
1275	3.134135
1276	2.632431
1277	3.681060
1278	3.038241
1279	3.370371
1280	4.252730
1281	2.507687
1282	3.721612
1283	3.022003
1284	3.094914
1285	2.890174
1286	3.170396
1287	3.487463
1288	3.387123
1289	3.269050
1290	3.355922
1291	4.870074
1292	3.357754
1293	3.403646
1294	3.139205
1295	4.568698
1296	2.907731
1297	3.302135
1298	4.392632
1299	3.189687
1300	3.964263
1301	3.378566
1302	3.231192
1303	4.661385
1304	3.533582
1305	3.384228
1306	3.203684
1307	3.381168
1308	3.644091
1309	3.463497
1310	3.996137
1311	3.372059
1312	3.943373
1313	3.377944
1314	3.570797
1315	4.305542
1316	3.438329
1317	3.462846
1318	3.434952
1319	3.410028
1320	3.405259
1321	4.292377
1322	3.095238
1323	3.091697
1324	3.128276
1325	3.736175
1326	4.144839
1327	2.931705
1328	3.110210
1329	2.972642
1330	3.343695
1331	2.928309
1332	3.356040
1333	2.988966
1334	2.721122
1335	3.139300
1336	3.019833
1337	2.796301
1338	2.864038
1339	2.914155
1340	3.012722
1341	2.896500
1342	3.066742
1343	2.020990
1344	2.551452
1345	3.381438
1346	2.896033
1347	2.966580
1348	3.056371
1349	3.102467
1350	2.483585
1351	2.928720
1352	3.165329
1353	1.984691
1354	3.261227
1355	3.563412
1356	3.275257
1357	2.563902
1358	2.941020
1359	3.082888
1360	3.298454
1361	3.434254
1362	3.195087
1363	3.360567
1364	3.108761
1365	3.588271
1366	2.806422
1367	3.263465
1368	3.117868
1369	2.996846
1370	3.190674
1371	3.270121
1372	2.614056
1373	2.546626
1374	2.787148
1375	3.382824
1376	3.389779
1377	2.859461
1378	3.495852
1379	2.791165
1380	3.430933
1381	3.197954
1382	2.918855
1383	3.429476
1384	2.832844
1385	2.884668
1386	3.067083
1387	3.174193
1388	3.385041
1389	2.626043
1390	3.014580
1391	2.771588
1392	3.268807
1393	3.024715
1394	3.291262
1395	3.174225
1396	2.896378
1397	2.923031
1398	2.979262
1399	3.173926
1400	3.180220
1401	3.077288
1402	2.918836
1403	3.197076
1404	2.777067
1405	3.356902
1406	3.207009
1407	2.860105
1408	3.422061
1409	2.972221
1410	3.248415
1411	3.307582
1412	3.105623
1413	2.891366
1414	3.066806
1415	3.013851
1416	3.038733
1417	3.032442
1418	2.902981
1419	3.133656
1420	3.467031
1421	2.712746
1422	3.404248
1423	3.037665
1424	2.943111
1425	2.841004
1426	3.010663
1427	3.189953
1428	3.141954
1429	3.626804
1430	3.507337
1431	2.736365
1432	3.267002
1433	2.651150
1434	3.014499
1435	2.822871
1436	2.842921
1437	3.418084
1438	3.065566
1439	3.287142
1440	3.171449
1441	3.744703
1442	3.216178
1443	3.253752
1444	2.765701
1445	2.629754
1446	2.937992
1447	2.824200
1448	3.316397
1449	3.512506
1450	3.211074
1451	3.260751
1452	2.504276
1453	3.176491
1454	3.060735
1455	3.327267
1456	2.528359
1457	3.379630
1458	2.889291
1459	3.084833
1460	2.640474
1461	3.207835
1462	2.635924
1463	3.149762
1464	2.763585
1465	2.797247
1466	2.829241
1467	2.628041
1468	2.874456
1469	2.846367
1470	3.200783
1471	2.828002
1472	2.969900
1473	2.713319
1474	2.515751
1475	3.018177
1476	2.844749
1477	2.756283
1478	3.472336
1479	3.215274
1480	3.148537
1481	2.401792
1482	2.972100
1483	2.838910
1484	2.803301
1485	2.576666
1486	2.783752
1487	2.536416
1488	2.953879
1489	2.633726
1490	3.319128
1491	2.833480
1492	3.148111
1493	2.864156
1494	2.813911
1495	2.827047
1496	2.721048
1497	2.354187
1498	2.620992
1499	2.602036
1500	2.870838
1501	3.068843
1502	3.066628
1503	2.252664
1504	3.029341
1505	2.667676
1506	3.022681
1507	2.742646
1508	3.332477
1509	3.313925
1510	2.851405
1511	2.489176
1512	2.933225
1513	3.000750
1514	2.748327
1515	3.268774
1516	3.155361
1517	2.384763
1518	3.201641
1519	3.044358
1520	2.755032
1521	2.937245
1522	2.776294
1523	2.758209
0	3.070600
1	2.826482
2	3.140860
3	2.827917
4	3.002847
5	2.663624
6	3.157928
7	3.048689
8	2.823190
9	2.972710
10	2.697870
11	2.914997
12	2.947846
13	2.585442
14	2.546093
15	3.268425
16	2.156524
17	3.067326
18	2.590502
19	2.193283
20	2.375330
21	2.749435
22	2.792167
23	2.715050
24	2.651904
25	3.378891
26	2.797393
27	2.967575
28	2.657176
29	3.381742
30	2.252867
31	2.963544
32	2.961842
33	2.651980
34	3.147777
35	3.172806
36	3.186317
37	3.432943
38	2.877813
39	2.835400
40	2.954232
41	3.441325
42	2.935610
43	2.800250
44	2.998484
45	2.692825
46	2.955182
47	2.922925
48	2.554801
49	2.092485
50	2.813648
51	3.249568
52	3.094786
53	2.739998
54	2.392947
55	2.679457
56	2.481088
57	2.230179
58	2.744542
59	2.809198
60	2.329398
61	2.895098
62	2.417231
63	2.692749
64	2.534519
65	2.530239
66	2.141914
67	2.819520
68	2.509264
69	3.199702
70	2.962077
71	2.916181
72	3.210574
73	2.734962
74	2.846086
75	2.997765
76	2.853508
77	2.916040
78	2.761904
79	3.147985
80	2.639451
81	2.692879
82	2.702982
83	2.533574
84	2.685851
85	3.045750
86	2.547177
87	3.016937
88	2.972710
89	2.872633
90	2.475198
91	3.130828
92	2.906731
93	2.769586
94	2.854242
95	3.095513
96	2.707860
97	2.602884
98	2.493114
99	2.890415
100	2.618778
101	2.821718
102	3.039144
103	2.722224
104	3.221333
105	2.948255
106	2.872316
107	2.217298
108	2.875291
109	3.068319
110	2.484231
111	2.888043
112	2.899724
113	3.156406
114	2.921044
115	2.872123
116	3.743754
117	3.127749
118	3.445765
119	2.857867
120	3.251229
121	2.441271
122	2.386189
123	2.534756
124	2.585072
125	2.977817
126	2.911856
127	2.796516
128	3.123812
129	2.706806
130	2.944725
131	2.553351
132	3.050065
133	3.109004
134	2.296191
135	3.011677
136	2.957314
137	2.852684
138	3.124947
139	3.012307
140	3.110290
141	3.160727
142	2.762175
143	2.901622
144	2.877307
145	2.422749
146	3.136398
147	2.868607
148	2.696441
149	2.970536
150	2.705050
151	2.786051
152	2.936086
153	2.350679
154	2.663681
155	2.401294
156	2.359958
157	2.269912
158	2.938335
159	2.801304
160	2.731468
161	3.021688
162	2.873568
163	2.571633
164	2.575598
165	3.163875
166	2.532093
167	2.590927
168	2.381532
169	2.757643
170	2.617269
171	2.597477
172	2.628478
173	2.826555
174	2.498700
175	2.942872
176	2.584048
177	3.078213
178	2.369916
179	3.141175
180	2.954216
181	2.617269
182	2.559805
183	2.644882
184	2.738431
185	2.643183
186	3.036280
187	3.022797
188	2.895062
189	2.644053
190	3.027820
191	2.911633
192	2.697036
193	2.825263
194	2.708672
195	2.963579
196	2.260041
197	3.105415
198	2.501278
199	2.967575
200	2.813022
201	3.119439
202	2.731064
203	2.980607
204	2.712728
205	2.725785
206	3.028084
207	3.273725
208	2.292183
209	3.080357
210	2.996497
211	2.546585
212	2.873625
213	2.908554
214	2.744850
215	2.992208
216	3.123203
217	3.515976
218	2.726538
219	3.167713
220	2.870173
221	2.514972
222	3.251554
223	3.250417
224	2.801750
225	3.033200
226	3.117468
227	3.172303
228	2.998048
229	2.912919
230	2.503818
231	3.066348
232	3.235214
233	3.212740
234	2.965569
235	3.084218
236	2.797017
237	2.817762
238	3.063871
239	3.201594
240	2.916506
241	3.329221
242	2.950663
243	3.224283
244	3.309591
245	2.735216
246	3.025293
247	3.187821
248	2.892493
249	2.757771
250	3.025046
251	2.845363
252	2.713613
253	2.465138
254	3.231023
255	3.302861
256	3.462269
257	2.969327
258	3.706007
259	3.212182
260	2.986404
261	2.818387
262	2.724738
263	2.951422
264	3.094171
265	2.603035
266	3.014531
267	2.627185
268	3.574984
269	2.883158
270	2.796374
271	2.586135
272	2.384176
273	2.743593
274	2.903069
275	2.647810
276	2.922482
277	2.967575
278	2.561954
279	2.733989
280	2.939063
281	3.280929
282	2.861277
283	2.576547
284	2.868674
285	2.321250
286	2.940696
287	3.049901
288	2.978556
289	3.001781
290	2.908575
291	2.827471
292	2.525451
293	2.857638
294	3.077013
295	2.475096
296	2.898103
297	2.947643
298	3.544165
299	2.736441
300	2.150048
301	3.122017
302	3.072669
303	3.074117
304	2.844238
305	2.330021
306	2.728847
307	3.196546
308	3.153458
309	2.672641
310	3.151889
311	2.997147
312	3.233945
313	2.546252
314	2.777392
315	2.975181
316	2.773535
317	2.949254
318	3.455445
319	3.081915
320	2.703977
321	2.621965
322	2.805281
323	3.602401
324	3.429635
325	3.393480
326	3.061520
327	2.498720
328	2.521527
329	3.228995
330	3.147061
331	2.886954
332	2.937534
333	2.629467
334	3.167127
335	2.912884
336	2.703848
337	3.196154
338	2.837902
339	2.916590
340	3.085791
341	2.522598
342	2.840581
343	2.924755
344	2.620133
345	3.271911
346	2.895478
347	3.010415
348	3.020267
349	2.877673
350	2.942296
351	2.772829
352	2.679048
353	2.529288
354	3.019837
355	2.653508
356	3.145491
357	2.939879
358	2.567333
359	2.597116
360	2.868815
361	2.833513
362	2.765378
363	2.522377
364	2.965754
365	2.409087
366	2.679122
367	2.929797
368	2.756249
369	3.164856
370	2.645545
371	2.763134
372	3.150270
373	2.986066
374	3.427913
375	3.350240
376	2.868172
377	2.716046
378	2.658215
379	2.262278
380	2.363263
381	2.746345
382	2.995432
383	3.287962
384	2.581338
385	3.200468
386	2.624252
387	2.934518
388	3.559678
389	2.647075
390	2.958665
391	2.809360
392	2.999483
393	3.376286
394	3.390869
395	2.751488
396	2.900277
397	2.898601
398	2.989465
399	2.481008
400	2.919914
401	3.022052
402	3.089564
403	2.457090
404	2.509083
405	2.772201
406	2.569143
407	2.412820
408	3.244040
409	2.739088
410	3.019717
411	3.019486
412	2.491968
413	2.791808
414	3.025014
415	2.843396
416	2.891383
417	3.020082
418	2.757716
419	3.107041
420	2.899294
421	3.260399
422	2.729285
423	2.771875
424	2.564645
425	2.350529
426	3.185511
427	2.812901
428	3.023191
429	3.102854
430	2.725748
431	2.625054
432	2.895272
433	3.490228
434	2.725234
435	3.570237
436	2.884480
437	2.992225
438	3.518934
439	3.044174
440	3.310679
441	4.029216
442	3.230123
443	3.399208
444	3.661937
445	3.424190
446	3.079629
447	4.559364
448	2.953826
449	4.623590
450	2.730327
451	4.395577
452	3.234949
453	3.119695
454	3.158657
455	3.811640
456	3.678071
457	4.575557
458	4.607321
459	3.461112
460	3.336630
461	3.248814
462	3.025508
463	4.195962
464	4.598629
465	4.891333
466	3.492977
467	2.952456
468	3.907099
469	4.412539
470	3.262961
471	3.372432
472	3.292839
473	3.176301
474	2.901534
475	3.147906
476	3.222996
477	3.308006
478	3.452625
479	3.270444
480	3.436131
481	3.335417
482	3.194308
483	3.124836
484	3.225927
485	3.160076
486	3.213643
487	2.965451
488	2.440676
489	2.802161
490	3.145949
491	2.693883
492	2.974122
493	3.267965
494	3.002680
495	3.536227
496	3.245705
497	2.845557
498	3.012326
499	3.209861
500	3.063511
501	3.162102
502	2.804479
503	3.167884
504	2.951116
505	2.607701
506	3.049231
507	2.746889
508	2.880383
509	2.564080
510	2.190204
511	2.839456
512	3.349073
513	3.112699
514	2.856938
515	3.582430
516	3.831253
517	3.246059
518	3.401822
519	3.045998
520	2.748580
521	2.770378
522	3.258358
523	3.015229
524	2.910737
525	3.022993
526	2.944844
527	2.706236
528	3.225217
529	3.387184
530	3.168929
531	2.451940
532	2.723122
533	3.134470
534	2.922909
535	3.023476
536	2.639811
537	2.917858
538	2.880885
539	3.308608
540	3.187303
541	2.948644
542	3.167017
543	3.022549
544	3.321115
545	3.002431
546	3.565796
547	3.267692
548	3.023391
549	2.911115
550	3.072084
551	3.123251
552	2.766533
553	3.315947
554	3.262714
555	2.724428
556	3.107812
557	3.749934
558	3.468804
559	2.947693
560	2.816312
561	2.799607
562	2.691524
563	2.977566
564	2.875516
565	2.618549
566	3.141496
567	2.536652
568	3.286107
569	3.635355
570	3.080324
571	2.626956
572	3.438328
573	3.187523
574	3.170441
575	2.843764
576	2.816754
577	3.041153
578	3.362053
579	2.670466
580	3.356203
581	3.339311
582	3.458050
583	3.067148
584	2.830177
585	2.845717
586	2.534343
587	2.774239
588	2.947047
589	2.826465
590	3.019752
591	3.002932
592	3.069283
593	2.701220
594	2.925217
595	2.472329
596	2.738869
597	3.279177
598	3.162183
599	3.171009
600	2.508925
601	3.178381
602	2.795908
603	2.993275
604	2.459125
605	2.342667
606	3.285195
607	2.923660
608	2.835456
609	3.224067
610	3.125012
611	2.768071
612	3.068937
613	2.795675
614	3.096737
615	3.093105
616	2.175911
617	3.347711
618	3.321896
619	2.913208
620	3.303303
621	3.228592
622	3.212038
623	3.132925
624	2.890155
625	3.236834
626	2.967508
627	3.304754
628	2.819151
629	3.204133
630	2.665358
631	2.977953
632	2.738085
633	2.865310
634	3.241053
635	3.153491
636	2.358706
637	2.766371
638	3.073097
639	3.136819
640	3.053487
641	3.000600
642	3.142945
643	3.217748
644	2.696313
645	2.890341
646	2.894910
647	3.096500
648	2.548684
649	2.656780
650	2.014598
651	3.624113
652	3.385916
653	2.406268
654	3.057347
655	2.684553
656	2.920992
657	2.841025
658	2.922481
659	3.162151
660	3.094805
661	2.359343
662	2.908534
663	2.900243
664	2.053216
665	2.750307
666	2.934847
667	2.851142
668	2.310713
669	3.126941
670	3.215737
671	2.758882
672	2.906164
673	2.919676
674	3.439314
675	2.959781
676	3.084036
677	3.258638
678	3.415862
679	3.101242
680	3.066821
681	3.033561
682	2.573461
683	3.195274
684	3.356874
685	2.972858
686	2.731832
687	2.822592
688	3.006973
689	2.934346
690	3.754907
691	2.928221
692	3.547166
693	2.485015
694	3.009386
695	2.717391
696	2.819393
697	2.752201
698	2.950484
699	3.340672
700	3.049262
701	2.943755
702	2.822459
703	2.268944
704	2.913311
705	2.879525
706	3.845502
707	3.153442
708	3.247845
709	2.899757
710	2.657933
711	2.524557
712	3.018634
713	2.771751
714	2.643369
715	3.055094
716	3.168988
717	2.505852
718	2.896253
719	3.166147
720	3.736109
721	2.913591
722	3.031175
723	3.021441
724	2.883366
725	2.985999
726	2.753705
727	3.082760
728	3.221959
729	2.761775
730	2.880608
731	2.767235
732	2.929864
733	2.985935
734	3.123202
735	3.136971
736	2.814214
737	2.331523
738	2.981173
739	3.065713
740	3.027673
741	3.070065
742	2.803462
743	2.723987
744	3.088610
745	2.530099
746	2.542616
747	2.541754
748	2.425637
749	2.770561
750	2.805939
751	2.973969
752	2.884682
753	3.019323
754	2.930853
755	2.981021
756	2.968316
757	3.112188
758	2.562908
759	3.191580
760	2.651132
761	3.266478
762	3.076279
763	2.884959
764	3.138881
765	3.011891
766	3.191381
767	3.067996
768	3.071305
769	3.083051
770	2.921692
771	3.044156
772	3.122710
773	2.724370
774	2.913745
775	2.839612
776	2.993679
777	3.382146
778	2.953661
779	3.439579
780	3.502883
781	3.115447
782	2.907956
783	3.050460
784	3.432287
785	4.098549
786	4.468679
787	3.318808
788	3.769617
789	2.901998
790	2.858394
791	3.125284
792	4.348883
793	3.439260
794	3.390029
795	3.218088
796	4.563716
797	3.022796
798	2.926944
799	3.495183
800	3.094350
801	3.381626
802	3.390632
803	3.284906
804	4.631565
805	4.814155
806	4.578045
807	3.554518
808	2.927147
809	3.201046
810	2.833885
811	3.026056
812	3.003383
813	3.387789
814	3.116487
815	3.210749
816	3.134851
817	2.775860
818	3.097257
819	3.039178
820	2.950153
821	3.384642
822	2.509860
823	3.001899
824	3.215865
825	3.635989
826	2.792384
827	2.835649
828	3.348882
829	3.039127
830	2.904841
831	3.205089
832	2.802461
833	3.020166
834	3.049328
835	3.186770
836	3.442236
837	3.797813
838	4.398395
839	2.983353
840	2.861697
841	2.549923
842	2.820956
843	3.537131
844	3.262098
845	4.881579
846	3.000998
847	3.061455
848	3.731608
849	3.513318
850	2.785645
851	4.749003
852	3.491833
853	3.157944
854	3.566468
855	3.811902
856	3.607337
857	3.188401
858	4.419026
859	3.030214
860	4.683738
861	3.323339
862	3.290805
863	2.580697
864	3.612049
865	2.916674
866	3.136145
867	2.934943
868	3.793546
869	3.434543
870	3.343576
871	3.229954
872	4.039120
873	3.532293
874	4.959646
875	3.160585
876	3.544982
877	3.548635
878	3.372625
879	3.331381
880	3.190736
881	3.183221
882	2.768356
883	3.296254
884	3.476910
885	3.494639
886	3.121570
887	3.219036
888	3.245075
889	3.032393
890	3.386578
891	3.768198
892	3.134742
893	3.342096
894	4.470896
895	2.524561
896	3.312010
897	3.004662
898	3.144086
899	2.665953
900	4.251596
901	3.482614
902	2.903291
903	3.611152
904	3.395201
905	3.326051
906	3.455851
907	3.442646
908	3.390784
909	3.239257
910	4.178304
911	3.537500
912	2.665223
913	3.083115
914	3.382323
915	3.149001
916	2.979848
917	4.497022
918	3.239150
919	3.523720
920	3.243502
921	2.556970
922	2.452061
923	2.942839
924	2.820302
925	3.908082
926	3.438806
927	3.245550
928	3.806837
929	3.124644
930	4.531424
931	3.387330
932	3.241113
933	3.547028
934	3.417397
935	3.369599
936	3.608946
937	2.921934
938	3.211995
939	3.171468
940	3.138981
941	3.570630
942	3.544135
943	3.474550
944	3.290607
945	3.453317
946	2.796944
947	3.428525
948	3.139109
949	2.839947
950	2.777067
951	2.800911
952	3.762153
953	3.371247
954	3.008822
955	2.847120
956	2.948254
957	3.369361
958	3.260443
959	3.480821
960	3.202266
961	3.239903
962	3.049683
963	3.941092
964	2.988077
965	3.387640
966	3.724745
967	3.551072
968	2.913604
969	2.736584
970	2.994629
971	3.162435
972	3.220237
973	3.245445
974	3.315238
975	2.321769
976	3.802482
977	3.494694
978	3.526018
979	3.197893
980	3.743104
981	3.368441
982	3.179321
983	2.877930
984	3.105058
985	3.455326
986	2.852262
987	3.260919
988	3.352700
989	4.002761
990	3.212946
991	2.755738
992	4.148136
993	3.186943
994	2.913386
995	3.067997
996	2.685409
997	3.585597
998	2.569086
999	2.795514
1000	3.458471
1001	2.944520
1002	2.289518
1003	2.923337
1004	2.760782
1005	3.042320
1006	2.670898
1007	2.601652
1008	3.007773
1009	2.729599
1010	3.205326
1011	3.386711
1012	2.803767
1013	2.719781
1014	2.872213
1015	2.667904
1016	2.780033
1017	2.923940
1018	2.305560
1019	2.492028
1020	2.736289
1021	3.051651
1022	3.050411
1023	2.866378
1024	3.310393
1025	2.770290
1026	2.634027
1027	2.784348
1028	3.023528
1029	2.647205
1030	2.882566
1031	3.307857
1032	2.820320
1033	2.670620
1034	2.682939
1035	2.854238
1036	3.065458
1037	3.149521
1038	3.073338
1039	2.825561
1040	2.974526
1041	2.837429
1042	3.083082
1043	3.320091
1044	3.728030
1045	2.754436
1046	2.952526
1047	2.910088
1048	2.398225
1049	3.205680
1050	2.934553
1051	3.017697
1052	2.837132
1053	3.530184
1054	2.573907
1055	2.707193
1056	2.810515
1057	2.491631
1058	2.950625
1059	2.802140
1060	3.003033
1061	2.758081
1062	3.311073
1063	3.125335
1064	2.482981
1065	2.879497
1066	2.605263
1067	2.869809
1068	3.081474
1069	2.545820
1070	2.875133
1071	3.265732
1072	2.450088
1073	3.188557
1074	3.251250
1075	3.043466
1076	3.030377
1077	3.012824
1078	2.623905
1079	2.770902
1080	2.966093
1081	2.963884
1082	2.866307
1083	2.747405
1084	3.073909
1085	3.132060
1086	3.114434
1087	2.910966
1088	2.933429
1089	3.030926
1090	2.773984
1091	3.499572
1092	3.273869
1093	3.607967
1094	2.904936
1095	3.023393
1096	2.347463
1097	2.355214
1098	2.573747
1099	2.969074
1100	2.965905
1101	2.781064
1102	3.023076
1103	3.023341
1104	2.799893
1105	2.885932
1106	2.966246
1107	3.104333
1108	2.839470
1109	2.527864
1110	2.694498
1111	3.240448
1112	3.128337
1113	3.279652
1114	2.948987
1115	3.055190
1116	3.138950
1117	2.907337
1118	2.572897
1119	2.620189
1120	2.978557
1121	3.594553
1122	2.932664
1123	3.192787
1124	3.044304
1125	3.212185
1126	3.068077
1127	2.687857
1128	3.054534
1129	3.347847
1130	3.741097
1131	3.046720
1132	3.439837
1133	2.807202
1134	2.850612
1135	2.959834
1136	2.557753
1137	3.084644
1138	2.610770
1139	3.109170
1140	3.193008
1141	3.342389
1142	2.846367
1143	2.453588
1144	2.560971
1145	3.025957
1146	2.968972
1147	2.945042
1148	2.577714
1149	2.896979
1150	2.455688
1151	2.706304
1152	2.994879
1153	2.958798
1154	3.107540
1155	2.941513
1156	2.958800
1157	2.723035
1158	2.406158
1159	2.993556
1160	3.097888
1161	2.763547
1162	2.941750
1163	3.267569
1164	2.759382
1165	2.984393
1166	3.119068
1167	3.108715
1168	3.036723
1169	2.763097
1170	2.757935
1171	2.466311
1172	2.535826
1173	3.167490
1174	2.731174
1175	3.085156
1176	2.351616
1177	3.100211
1178	2.798518
1179	2.863111
1180	3.436467
1181	2.900520
1182	2.988110
1183	2.610862
1184	2.999433
1185	3.053867
1186	3.270309
1187	3.230063
1188	2.803871
1189	2.428437
1190	2.291658
1191	2.735725
1192	3.077870
1193	3.255569
1194	3.094688
1195	2.583117
1196	3.270262
1197	3.179610
1198	3.271380
1199	2.961203
1200	3.195092
1201	2.784995
1202	2.965215
1203	3.218573
1204	3.089353
1205	2.592183
1206	2.996763
1207	2.430594
1208	2.962648
1209	2.915751
1210	3.147589
1211	2.857641
1212	2.792740
1213	2.875361
1214	2.968398
1215	3.207056
1216	2.346593
1217	3.110546
1218	3.615232
1219	2.738924
1220	3.025889
1221	2.829171
1222	3.142627
1223	2.745921
1224	2.574063
1225	2.659210
1226	2.585652
1227	2.736512
1228	2.707491
1229	3.034616
1230	2.600713
1231	2.897743
1232	3.150699
1233	3.240773
1234	2.919541
1235	3.222892
1236	2.787748
1237	3.120912
1238	3.130512
1239	2.967710
1240	3.097776
1241	3.254260
1242	2.662669
1243	2.936429
1244	2.690911
1245	2.992808
1246	3.048861
1247	3.109486
1248	2.819397
1249	2.775933
1250	3.184667
1251	2.820605
1252	2.611073
1253	2.871169
1254	2.694735
1255	2.679552
1256	2.661448
1257	2.596653
1258	2.905082
1259	2.505717
1260	2.420145
1261	3.080729
1262	3.169069
1263	2.891470
1264	3.388894
1265	2.894462
1266	3.281785
1267	3.223692
1268	2.458333
1269	3.061994
1270	3.182733
1271	3.204185
1272	3.209378
1273	2.898708
1274	3.247319
1275	3.218912
1276	2.730367
1277	2.629942
1278	2.745213
1279	2.502901
1280	3.078264
1281	2.976139
1282	3.221320
1283	2.865063
1284	3.066496
1285	2.770560
1286	2.732069
1287	3.232537
1288	3.103240
1289	2.545132
1290	2.535251
1291	3.188276
1292	3.000549
1293	2.690929
1294	2.714021
1295	2.659475
1296	2.590849
1297	2.918029
1298	2.840178
1299	2.563902
1300	2.997483
1301	3.188103
1302	2.837643
1303	2.852788
1304	2.482177
1305	2.902706
1306	3.092314
1307	2.866654
1308	3.168563
1309	2.830919
1310	3.128673
1311	2.871829
1312	2.261703
1313	2.784402
1314	3.243177
1315	2.964423
1316	3.150428
1317	2.837994
1318	2.904773
1319	3.161787
1320	3.428966
1321	3.005327
1322	3.292204
1323	2.837410
1324	3.132810
1325	2.966276
1326	3.234148
1327	2.941616
1328	3.311238
1329	2.908761
1330	2.338247
1331	2.473076
1332	3.247799
1333	2.884408
1334	2.269229
1335	2.707859
1336	3.061684
1337	2.646112
1338	2.698312
1339	3.440355
1340	3.282011
1341	2.908694
1342	2.264618
1343	3.021793
1344	2.601807
1345	2.539780
1346	3.145017
1347	2.507528
1348	2.328970
1349	2.362416
1350	3.287710
1351	2.707417
1352	3.125652
1353	2.772088
1354	3.126318
1355	2.921111
1356	3.043432
1357	3.176512
1358	3.189499
1359	2.504478
1360	2.862972
1361	2.759749
1362	3.225227
1363	2.372954
1364	2.884303
1365	2.893387
1366	2.662894
1367	2.804390
1368	2.672488
1369	3.091828
1370	3.006976
1371	2.847192
1372	3.107556
1373	2.497440
1374	2.857427
1375	2.908849
1376	2.810445
1377	2.983436
1378	3.003133
1379	2.863233
1380	3.039622
1381	2.644636
1382	2.626042
1383	2.765954
1384	2.425160
1385	3.026236
1386	2.986284
1387	2.904633
1388	2.573304
1389	2.708524
1390	3.414981
1391	3.275088
1392	2.891160
1393	3.468747
1394	3.097547
1395	3.228670
1396	2.796801
1397	2.748545
1398	3.068321
1399	2.570312
1400	3.216487
1401	2.678077
1402	3.136399
1403	3.044245
1404	3.266449
1405	3.222020
1406	2.946506
1407	2.294931
1408	2.365882
1409	2.676301
1410	3.117214
1411	3.448160
1412	3.629078
1413	2.579940
1414	2.461995
1415	3.319549
1416	2.789445
1417	2.774329
1418	2.957092
1419	2.981741
1420	2.681868
1421	2.770702
1422	2.813130
1423	2.756466
1424	2.646226
1425	3.592146
1426	2.504337
1427	2.639771
1428	2.786071
1429	3.155788
1430	3.715454
1431	3.565333
1432	3.131020
1433	3.434574
1434	3.702930
1435	2.475115
1436	3.254782
1437	3.147235
1438	3.186110
1439	2.557458
1440	2.946611
1441	3.266604
1442	3.115847
1443	3.093524
1444	2.988310
1445	2.755395
1446	3.166289
1447	3.236496
1448	3.714661
1449	3.364417
1450	3.071337
1451	2.777843
1452	2.804461
1453	2.976995
1454	2.945334
1455	2.873464
1456	3.154343
1457	3.305448
1458	3.015892
1459	3.362989
1460	2.760324
1461	2.820657
1462	2.590386
1463	2.701497
1464	2.863094
1465	2.967052
1466	2.820941
1467	3.132811
1468	3.089545
1469	3.206710
1470	2.935354
1471	3.163037
1472	3.089238
1473	2.707197
1474	3.013803
1475	2.443072
1476	2.834942
1477	3.335162
1478	3.482656
1479	3.067915
1480	3.119326
1481	2.924619
1482	2.756701
1483	3.003162
1484	2.889030
1485	2.967052
1486	2.949459
1487	2.905139
1488	2.486885
1489	2.506193
1490	2.940715
1491	3.050987
1492	2.673630
1493	2.974929
1494	3.065126
1495	3.288052
1496	2.998417
1497	3.033827
1498	2.693584
1499	2.701906
1500	2.928037
1501	2.747708
1502	2.570390
1503	2.738723
1504	2.789068
1505	2.356989
1506	2.986922
1507	2.887367
1508	3.137518
1509	2.197159
1510	2.877603
1511	3.287612
1512	3.441161
1513	2.662326
1514	2.700257
1515	3.569734
1516	3.027819
1517	2.484569
1518	2.825948
1519	2.334821
1520	2.810337
1521	3.253337
1522	3.618025
1523	3.337424
1524	3.221845
1525	2.894791
1526	3.409019
1527	2.782051
1528	2.902652
1529	3.425753
1530	2.832331
1531	3.362349
1532	3.288130
1533	2.898087
1534	3.459032
1535	2.839067
1536	2.839100
1537	3.193586
1538	2.684345
1539	2.684884
1540	3.097517
1541	3.475085
1542	2.951424
1543	2.762120
1544	2.663082
1545	2.919245
1546	3.085370
1547	2.805103
1548	3.332280
1549	2.871689
1550	3.060018
1551	3.034913
1552	3.245275
1553	3.554617
1554	3.087363
1555	3.313201
1556	3.879849
1557	3.789987
1558	3.565778
1559	3.194762
1560	3.181732
1561	4.768961
1562	5.306547
1563	4.018109
1564	3.609600
1565	2.943198
1566	3.131393
1567	3.047388
1568	3.072363
1569	3.630369
1570	3.181493
1571	2.560020
1572	2.567118
1573	3.011795
1574	2.769928
1575	2.473643
1576	2.604667
1577	2.581568
1578	2.718179
1579	2.871115
1580	2.841865
1581	3.006675
1582	2.452854
1583	2.895531
1584	2.321313
1585	2.493071
1586	2.898740
1587	2.533161
1588	2.816825
1589	3.090954
1590	2.216394
1591	2.555212
1592	2.536789
1593	2.457843
1594	2.448959
1595	2.819364
1596	2.274973
1597	2.992610
1598	2.761831
1599	3.125511
1600	3.281953
1601	2.521774
1602	3.062818
1603	2.989396
1604	3.588999
1605	2.804710
1606	2.683431
1607	3.800725
1608	2.790930
1609	2.981882
1610	3.244151
1611	3.357530
1612	3.235337
1613	3.070163
1614	2.648792
1615	2.800446
1616	3.123684
1617	2.947643
1618	2.699999
1619	3.151893
1620	3.416124
1621	2.597246
0	2.614020
1	3.607187
2	2.686708
3	3.109308
4	2.624255
5	2.394119
6	2.522918
7	2.935795
8	2.706694
9	2.606667
10	2.439467
11	3.455865
12	3.212881
13	3.254583
14	3.274065
15	3.060163
16	3.206572
17	2.831976
18	3.319591
19	3.018294
20	3.591895
21	3.294935
22	3.311525
23	3.044817
24	3.145090
25	2.435962
26	2.940442
27	3.087314
28	3.141302
29	2.619635
30	3.473573
31	3.392609
32	3.217499
33	3.341274
34	3.364120
35	3.405614
36	3.346431
37	3.423537
38	2.812297
39	3.186676
40	3.052833
41	2.601020
42	3.279041
43	3.867855
44	2.814303
45	2.862953
46	2.969124
47	3.333014
48	3.805736
49	3.003482
50	3.053982
51	2.978722
52	3.090647
53	3.254673
54	3.048244
55	2.963611
56	3.119954
57	3.207413
58	3.028563
59	3.201654
60	3.036412
61	2.896480
62	2.822164
63	3.243241
64	3.037665
65	3.266529
66	2.719448
67	3.542233
68	3.340930
69	3.561923
70	2.895949
71	2.765247
72	2.568678
73	2.684788
74	2.973767
75	2.435508
76	2.836632
77	2.636115
78	2.793167
79	3.159401
80	2.170808
81	2.412655
82	2.810462
83	2.511852
84	3.032922
85	3.120418
86	2.593434
87	3.268944
88	2.555565
89	3.085127
90	2.471558
91	3.220034
92	3.140414
93	2.915750
94	3.035356
95	2.806011
96	2.835949
97	2.939832
98	2.801749
99	3.061518
100	2.683618
101	2.798035
102	3.200203
103	2.759077
104	3.170000
105	3.019469
106	3.054096
107	3.063495
108	2.759475
109	3.084365
110	2.161920
111	3.473644
112	3.109632
113	3.238365
114	2.634104
115	2.646527
116	3.055046
117	2.773376
118	3.124948
119	2.968787
120	3.234716
121	2.802716
122	2.863075
123	3.350552
124	3.133129
125	2.692917
126	3.030611
127	2.763838
128	3.412478
129	3.205323
130	3.139841
131	3.163667
132	2.947100
133	2.428620
134	2.763513
135	2.801732
136	2.305428
137	2.707969
138	2.855711
139	2.867422
140	3.081834
141	2.593165
142	2.665426
143	2.471316
144	2.835417
145	3.532065
146	2.848666
147	2.886069
148	2.500580
149	3.135475
150	3.552477
151	3.444316
152	3.225045
153	2.812775
154	3.565025
155	3.193464
156	2.720677
157	2.471719
158	2.178580
159	3.192884
160	3.302089
161	2.888824
162	2.629164
163	3.420307
164	2.712303
165	2.557614
166	2.960895
167	4.463577
168	3.426837
169	2.747035
170	2.641685
171	4.315705
172	2.404226
173	2.568442
174	3.240449
175	2.847962
176	4.164387
177	4.307031
178	3.182673
179	4.199677
180	2.458170
181	2.981325
182	3.733698
183	4.734746
184	3.349167
185	2.890833
186	4.946806
187	3.117354
188	3.308066
189	3.037402
190	3.411422
191	4.657469
192	3.413575
193	2.557241
194	3.317681
195	3.983441
196	3.112813
197	3.055290
198	3.417383
199	3.894112
200	3.336018
201	4.754599
202	3.546846
203	3.645779
204	2.985801
205	2.777389
206	3.563116
207	4.583035
208	3.275270
209	2.729288
210	4.704307
211	4.371111
212	3.669851
213	3.268883
214	3.836587
215	3.552267
216	3.090081
217	3.076571
218	3.182717
219	2.866427
220	3.695580
221	3.336974
222	3.018359
223	3.139587
224	3.400718
225	2.531168
226	4.357625
227	3.088460
228	3.316578
229	3.321206
230	2.747818
231	2.829221
232	3.325929
233	4.567549
234	3.216552
235	3.374094
236	3.316442
237	3.373217
238	3.847311
239	3.746078
240	3.070260
241	3.173738
242	3.325809
243	3.682254
244	3.383905
245	2.860577
246	2.932544
247	3.176867
248	4.173694
249	2.920975
250	3.037532
251	3.536792
252	2.905133
253	4.301198
254	4.042213
255	3.258037
256	2.649700
257	2.703681
258	3.315023
259	3.249337
260	2.944369
261	3.128002
262	3.070068
263	2.765269
264	2.563827
265	2.716118
266	3.176287
267	2.898084
268	2.766602
269	2.955182
270	3.112716
271	2.764254
272	3.032640
273	2.375733
274	2.923098
275	2.504117
276	3.808688
277	3.209859
278	2.917361
279	2.693047
280	3.037846
281	2.824766
282	2.493250
283	3.000134
284	3.055913
285	5.513954
286	3.364995
287	2.674360
288	3.175170
289	4.515408
290	2.344225
291	3.390296
292	3.199169
293	2.632318
294	3.118478
295	3.190707
296	2.740894
297	2.885845
298	3.020083
299	3.334321
300	2.930342
301	3.667192
302	3.050675
303	3.836432
304	2.600192
305	2.802338
306	2.724207
307	3.757938
308	3.095062
309	2.563942
310	3.030327
311	2.676491
312	2.633725
313	2.678731
314	2.965450
315	2.546095
316	3.036724
317	2.997781
318	2.828286
319	3.064655
320	3.152953
321	2.786986
322	3.155327
323	2.571790
324	3.000968
325	3.276962
326	3.156597
327	2.757301
328	3.277696
329	2.922087
330	3.162053
331	2.820640
332	2.247441
333	3.190018
334	2.940034
335	3.411205
336	2.601441
337	2.803964
338	3.250554
339	3.113600
340	2.918425
341	2.666268
342	2.910414
343	2.501063
344	2.890590
345	3.350729
346	3.229069
347	3.011626
348	3.045834
349	3.790330
350	3.104400
351	3.419153
352	2.801358
353	2.876771
354	2.647583
355	2.497297
356	3.010064
357	2.443707
358	3.216240
359	2.704165
360	3.467636
361	2.514779
362	2.778972
363	2.876561
364	3.006044
365	2.745522
366	2.859457
367	2.801354
368	2.982636
369	3.127763
370	3.154743
371	2.953793
372	3.071967
373	3.622445
374	3.041642
375	2.868133
376	3.236927
377	3.078277
378	2.633877
379	3.547822
380	3.405713
381	2.853036
382	3.225663
383	3.441891
384	3.035967
385	3.248892
386	2.886160
387	3.337332
388	3.717808
389	3.435184
390	2.765085
391	2.709150
392	2.738413
393	3.071072
394	3.399445
395	3.342995
396	2.512967
397	2.987459
398	2.909738
399	3.101773
400	2.989865
401	3.011411
402	2.471236
403	2.054970
404	2.871967
405	2.677106
406	3.045951
407	2.888218
408	2.814764
409	3.198770
410	2.974911
411	2.514079
412	3.407725
413	2.503176
414	2.482861
415	3.335836
416	2.973517
417	3.393332
418	3.134789
419	3.462963
420	3.136526
421	2.688287
422	2.670694
423	2.756558
424	2.699890
425	2.555682
426	2.484873
427	2.612047
428	3.281023
429	3.432173
430	3.310300
431	2.996830
432	3.003748
433	3.292959
434	2.946628
435	3.375528
436	2.744415
437	2.937925
438	3.327129
439	3.311283
440	2.752543
441	3.283628
442	2.887994
443	3.019489
444	3.414996
445	2.546864
446	2.534838
447	3.207785
448	3.091733
449	3.144025
450	2.932935
451	3.360178
452	3.052916
453	2.677106
454	2.968165
455	3.184525
456	3.149395
457	2.517618
458	2.515888
459	3.065518
460	2.935234
461	2.975384
462	2.877656
463	3.270903
464	2.704979
465	2.616466
466	2.743376
467	4.019827
468	3.187238
469	2.668050
470	3.682092
471	3.331696
472	2.592564
473	2.426600
474	3.119328
475	2.906649
476	3.308581
477	3.472909
478	2.847945
479	3.236496
480	2.778399
481	3.275927
482	3.613045
483	3.190565
484	3.708949
485	3.128289
486	2.987791
487	2.673632
488	2.712581
489	3.653491
490	3.207009
491	3.488223
492	3.337320
493	3.443557
494	3.430934
495	3.355383
496	3.301591
497	3.616877
498	3.126611
499	3.069886
500	2.727746
501	2.868396
502	3.342888
503	3.480417
504	3.207896
505	3.283487
506	3.875384
507	3.035472
508	3.262915
509	2.824430
510	3.460453
511	2.940698
512	3.424161
513	3.611135
514	3.736858
515	3.529658
516	4.069461
517	2.583971
518	3.094350
519	3.156265
520	4.767819
521	4.883321
522	2.926877
523	3.195810
524	2.660263
525	2.900639
526	2.882115
527	2.594301
528	2.201046
529	2.434483
530	2.518034
531	3.161155
532	2.927678
533	3.153680
534	3.182796
535	2.625568
536	3.524344
537	2.931810
538	3.065566
539	2.943143
540	2.689852
541	2.760578
542	3.081784
543	3.093911
544	3.001951
545	2.402604
546	3.450999
547	2.933853
548	3.540580
549	3.243916
550	3.503684
551	2.565035
552	2.794583
553	3.151268
554	3.027952
555	3.391725
556	3.410954
557	3.173531
558	3.258867
559	2.787166
560	2.429013
561	2.366200
562	3.397029
563	2.331931
564	2.765356
565	3.010217
566	3.370961
567	2.826555
568	2.857134
569	2.876717
570	2.956857
571	3.482800
572	2.950627
573	3.463146
574	2.973786
575	3.213053
576	3.110449
577	3.227228
578	3.471903
579	3.269495
580	2.876440
581	2.710312
582	3.240154
583	3.146824
584	3.307522
585	3.262301
586	3.230246
587	2.766390
588	2.998251
589	2.977352
590	2.960575
591	2.386084
592	3.070457
593	2.967388
594	3.036990
595	2.960166
596	2.466130
597	3.006628
598	2.549511
599	2.757010
600	2.457151
601	2.501419
602	3.045406
603	3.178585
604	2.570797
605	2.591680
606	2.454771
607	2.838910
608	2.681940
609	2.665896
610	2.774345
611	2.940492
612	3.008869
613	3.113487
614	2.961941
615	2.785695
616	3.044256
617	3.268653
618	2.813964
619	2.943145
620	2.926602
621	3.297666
622	2.886330
623	2.873569
624	3.044962
625	2.695589
626	3.275928
627	2.825403
628	2.513840
629	2.748145
630	2.751331
631	2.870799
632	3.371129
633	2.942715
634	3.091771
635	2.293742
636	3.028271
637	3.173239
638	2.876334
639	3.142531
640	2.647130
641	2.805673
642	2.444647
643	2.042571
644	2.762697
645	2.089594
646	2.853242
647	2.977789
648	2.796673
649	1.932822
650	2.462133
651	2.746943
652	2.729286
653	3.137724
654	2.850222
655	2.745513
656	2.653941
657	3.248697
658	2.595188
659	2.891366
660	3.139825
661	2.918304
662	3.252697
663	3.069936
664	3.121106
665	3.054967
666	2.931641
667	2.840968
668	2.985648
669	3.251676
670	3.667384
671	2.862394
672	2.801785
673	3.172460
674	2.915116
675	3.480273
676	3.151270
677	2.349426
678	2.636816
679	3.172837
680	3.666525
681	2.970875
682	3.016141
683	2.869599
684	3.061029
685	3.073727
686	3.512392
687	3.136256
688	2.846472
689	2.877054
690	2.470649
691	3.139252
692	3.336555
693	2.406180
694	3.193884
695	2.899964
696	3.178380
697	2.956180
698	2.596498
699	3.019949
700	3.433876
701	3.342829
702	3.547957
703	2.887681
704	3.032672
705	3.051983
706	3.014514
707	3.282803
708	3.406303
709	3.166528
710	3.323824
711	2.982397
712	3.609570
713	3.030479
714	3.317707
715	2.923167
716	2.746561
717	2.712599
718	2.511832
719	2.573109
720	2.517976
721	2.681154
722	3.339311
723	3.116615
724	3.060884
725	2.859406
726	3.323189
727	3.716693
728	2.830350
729	3.172539
730	2.639129
731	3.217251
732	3.562836
733	3.186502
734	3.211824
735	3.516673
736	3.200641
737	3.597416
738	3.183724
739	3.314588
740	3.027936
741	3.684576
742	3.968743
743	3.664463
744	3.192757
745	2.982165
746	3.778147
747	4.747473
748	3.440654
749	2.917432
750	4.645577
751	4.473277
752	3.508733
753	4.796769
754	4.488574
755	3.372358
756	4.409513
757	3.273866
758	3.139698
759	3.367566
760	3.593215
761	3.434677
762	2.726409
763	3.778955
764	4.031694
765	3.289476
766	2.843044
767	3.826241
768	2.964017
769	3.409178
770	3.450593
771	3.151665
772	2.776482
773	3.124027
774	3.073597
775	4.184866
776	3.035031
777	3.356695
778	3.588147
779	2.927148
780	3.113745
781	3.104255
782	3.271101
783	3.360239
784	3.048181
785	3.437295
786	3.364193
787	3.406304
788	3.237417
789	3.610695
790	3.246567
791	3.888199
792	2.853158
793	3.239583
794	3.447505
795	4.920867
796	3.076572
797	2.913382
798	3.400972
799	3.729506
800	3.066998
801	3.052765
802	4.132241
803	3.185985
804	3.091019
805	3.405907
806	3.290260
807	4.542180
808	2.521709
809	3.895100
810	3.219597
811	4.596675
812	3.214109
813	3.244241
814	3.472996
815	3.171513
816	3.071905
817	3.357350
818	3.054587
819	2.853347
820	2.374801
821	3.002414
822	3.004546
823	3.693437
824	2.893821
825	3.327747
826	3.177073
827	2.956804
828	3.031908
829	2.546803
830	3.377661
831	3.314062
832	3.325701
833	2.776852
834	2.920426
835	2.869039
836	3.123778
837	3.086715
838	3.057033
839	3.215811
840	2.627883
841	2.432508
842	2.213275
843	3.428308
844	3.193651
845	2.701870
846	3.648490
847	3.324982
848	2.697206
849	2.893457
850	2.611706
851	3.538106
852	2.926994
853	2.826677
854	2.897189
855	3.353893
856	3.096853
857	2.687620
858	3.269526
859	3.240633
860	2.836811
861	3.132172
862	3.129362
863	2.945691
864	2.734046
865	3.427506
866	3.038833
867	2.851333
868	2.876526
869	3.164476
870	3.089354
871	2.796212
872	3.197640
873	2.972205
874	3.428439
875	3.090712
876	3.024731
877	2.644940
878	2.919898
879	3.084249
880	2.974324
881	3.161345
882	2.878942
883	2.715659
884	4.129333
885	3.022400
886	3.218323
887	3.190814
888	3.115336
889	2.675610
890	2.764650
891	2.838328
892	3.213254
893	3.268547
894	3.340494
895	2.887161
896	2.869844
897	3.254289
898	3.013353
899	3.363525
900	3.440364
901	3.209034
902	3.148983
903	3.004481
904	3.693858
905	3.147459
906	3.299287
907	3.492134
908	3.596666
909	3.478907
910	2.541752
911	2.861573
912	3.354728
913	3.178900
914	2.869094
915	2.821366
916	2.469231
917	3.081216
918	2.995764
919	2.401875
920	2.649189
921	2.221958
922	2.610287
923	2.857744
924	3.168517
925	2.458739
926	2.864978
927	2.595246
928	2.762335
929	2.922772
930	3.277697
931	2.942703
932	2.750273
933	2.960844
934	2.964474
935	2.927030
936	3.074963
937	2.704329
938	2.738558
939	2.451326
940	3.146696
941	3.176051
942	3.155979
943	2.778721
944	3.215229
945	2.865398
946	2.967167
947	2.253951
948	2.824554
949	2.550216
950	2.628840
951	3.275760
952	2.811636
953	3.152602
954	3.456778
955	2.892094
956	2.900707
957	2.963933
958	3.437019
959	2.725308
960	2.849439
961	2.945234
962	3.035653
963	3.053048
964	2.718584
965	2.558789
966	3.337426
967	3.267676
968	3.109888
969	3.189452
970	2.889394
971	2.557381
972	2.737883
973	2.311817
974	2.885862
975	2.777156
976	2.884406
977	2.651886
978	2.156338
979	3.057599
980	3.016854
981	2.423820
982	2.628782
983	2.789838
984	2.797944
985	2.933769
986	2.646507
987	2.815972
988	3.225802
989	2.915717
990	2.760977
991	2.630836
992	2.447263
993	2.108577
994	2.488956
995	2.927631
996	2.876560
997	2.660848
998	3.193569
999	2.208009
1000	3.009915
1001	2.708985
1002	2.773048
1003	2.404787
1004	2.437765
1005	2.934724
1006	2.538779
1007	2.628935
1008	2.320883
1009	2.540571
1010	2.822853
1011	3.363598
1012	3.012027
1013	2.903689
1014	2.663195
1015	2.610841
1016	3.445432
1017	2.588533
1018	2.727252
1019	2.182063
1020	2.832296
1021	2.578701
1022	2.549119
1023	2.441165
1024	3.014068
1025	2.923389
1026	2.545683
1027	2.683151
1028	3.522554
1029	2.687936
1030	2.648340
1031	2.722077
1032	3.419897
1033	2.294907
1034	3.332190
1035	2.811583
1036	2.496897
1037	3.004346
1038	2.863948
1039	2.764869
1040	2.611915
1041	2.336770
1042	2.390419
1043	1.988316
1044	3.251908
1045	3.529716
1046	2.731319
1047	2.624975
1048	2.506371
1049	2.632300
1050	2.943518
1051	2.760236
1052	2.716046
1053	2.857184
1054	2.454873
1055	2.733168
1056	2.811653
1057	2.756556
1058	2.663044
1059	2.500780
1060	2.559883
1061	2.422251
1062	2.792723
1063	3.220746
1064	3.346162
1065	2.853998
1066	2.679888
1067	2.913108
1068	3.246922
1069	2.572565
1070	2.694086
1071	2.464060
1072	2.433475
1073	2.846118
1074	2.699647
1075	2.581414
1076	2.749908
1077	2.522737
1078	3.206198
1079	2.663721
1080	2.845223
1081	2.094517
1082	2.433311
1083	2.899293
1084	2.989932
1085	2.953286
1086	2.739452
1087	2.918030
1088	2.477298
1089	2.178736
1090	2.527172
1091	2.804480
1092	2.815991
1093	2.804248
1094	2.948592
1095	3.019583
1096	3.070848
1097	2.943705
1098	3.267967
1099	2.817819
1100	2.905184
1101	2.997813
1102	2.773064
1103	2.543972
1104	3.395143
1105	2.913863
1106	2.262961
1107	3.016855
1108	3.126101
1109	1.860457
1110	2.952779
1111	2.457823
1112	2.822428
1113	2.972188
1114	3.123539
1115	3.010813
1116	3.383975
1117	2.953657
1118	2.908264
1119	2.842833
1120	2.754342
1121	2.641705
1122	3.231515
1123	2.816203
1124	2.671798
1125	3.123539
1126	3.103884
1127	3.044931
1128	2.785426
1129	2.915906
1130	2.900845
1131	2.934362
1132	2.894373
1133	2.738631
1134	2.492769
1135	2.737535
1136	3.464826
1137	2.406367
1138	2.322476
1139	2.684941
1140	2.554427
1141	3.035967
1142	2.430309
1143	2.750306
1144	2.568384
1145	2.640551
1146	2.659118
1147	2.355632
1148	2.744613
1149	2.430492
1150	2.450917
1151	2.489659
1152	2.200843
1153	3.133178
1154	3.176084
1155	2.868815
1156	2.850879
1157	2.426891
1158	2.711861
1159	3.162438
1160	2.320885
1161	2.255415
1162	2.681884
1163	2.843346
1164	2.708669
1165	3.096758
1166	2.882117
1167	3.394789
1168	3.154235
1169	3.056697
1170	3.095320
1171	2.805372
1172	2.920017
1173	3.454778
1174	3.073630
1175	3.261549
1176	2.961046
1177	3.193320
1178	3.412477
1179	2.672170
1180	2.860961
1181	2.564760
1182	2.389581
1183	2.413171
1184	2.681138
1185	2.755521
1186	3.592937
1187	2.767057
1188	3.293693
1189	3.418334
1190	2.952322
1191	3.175926
1192	3.296133
1193	3.250431
1194	2.516308
1195	2.690503
1196	3.187804
1197	3.100372
1198	2.363133
1199	2.835436
1200	2.516307
1201	3.511195
1202	3.412933
1203	2.420868
1204	2.874646
1205	3.102341
1206	3.052442
1207	3.296119
1208	3.291111
1209	2.694828
1210	2.809323
1211	2.935458
1212	3.404598
1213	3.458583
1214	2.732672
1215	2.773409
1216	2.804104
1217	2.501879
1218	2.836107
1219	3.226160
1220	2.976340
1221	3.078734
1222	3.220855
1223	3.029540
1224	2.817322
1225	3.052933
1226	2.950269
1227	2.563241
1228	2.655015
1229	2.714075
1230	1.981820
1231	2.658686
1232	3.232433
1233	3.002834
1234	2.554740
1235	2.684043
1236	2.912613
1237	2.980926
1238	2.717591
1239	3.129169
1240	2.650978
1241	2.643937
1242	2.457843
1243	2.698983
1244	2.577945
1245	2.556363
1246	2.782695
1247	2.951494
1248	3.732090
1249	2.518192
1250	2.650393
1251	3.345998
1252	2.980909
1253	2.767183
1254	3.006211
1255	2.965227
1256	2.961164
1257	2.462963
1258	2.758622
1259	2.138480
1260	3.036408
1261	2.853946
1262	2.968063
1263	3.025296
1264	2.961791
1265	3.109698
1266	2.617933
1267	2.898566
1268	2.307859
1269	3.653422
1270	2.572120
1271	2.277146
1272	3.253768
1273	2.947912
1274	2.304888
1275	3.114018
1276	3.238644
1277	2.928290
1278	2.814193
1279	2.713782
1280	3.612065
1281	2.959564
1282	2.845346
1283	2.832424
1284	2.804652
1285	2.543501
1286	2.900589
1287	3.106786
1288	3.064555
1289	2.966898
1290	2.758950
1291	3.000849
1292	2.838944
1293	2.304101
1294	2.498599
1295	2.934112
1296	2.786499
1297	2.978004
1298	2.792505
1299	2.988312
1300	2.773952
1301	3.030065
1302	2.364277
1303	3.010778
1304	3.254688
1305	2.825510
1306	3.303711
1307	2.628197
1308	2.725874
1309	2.741593
1310	2.634386
1311	3.087852
1312	2.494654
1313	2.705823
1314	2.805815
1315	3.031717
1316	2.481414
1317	2.519249
1318	2.852842
1319	2.868382
1320	2.359684
1321	2.711329
1322	2.543855
1323	2.556051
1324	2.699150
1325	2.861486
1326	2.662957
1327	2.819999
1328	3.057381
1329	2.347318
1330	2.682817
1331	2.686133
1332	2.642910
1333	2.492095
1334	3.225369
1335	3.077482
1336	2.733803
1337	2.837691
1338	3.269585
1339	2.695199
1340	2.801589
1341	2.446342
1342	2.466477
1343	2.373566
1344	2.506111
1345	2.862117
1346	2.895893
1347	2.597344
1348	2.617058
1349	2.757530
1350	2.414308
1351	2.631651
1352	2.862059
1353	2.582053
1354	3.211173
1355	2.324220
1356	2.594009
1357	2.865306
1358	3.227505
1359	3.288920
1360	2.893371
1361	2.565188
1362	2.394870
1363	2.424802
1364	2.336194
1365	2.728130
1366	2.787920
1367	2.772455
1368	2.617805
1369	2.111350
1370	2.782607
1371	3.279908
1372	2.568818
1373	2.832421
1374	2.566469
1375	3.004185
1376	3.133640
1377	3.113246
1378	3.237607
1379	2.829593
1380	3.225941
1381	3.358543
1382	2.697889
1383	2.776365
1384	3.400474
1385	3.209191
1386	3.289648
1387	2.614670
1388	2.450525
1389	2.468948
1390	3.256455
1391	2.551726
1392	2.253464
1393	3.062040
1394	2.810427
1395	2.908607
1396	2.794369
1397	2.998683
1398	2.827491
1399	3.275515
1400	2.731264
1401	2.534600
1402	3.037862
1403	2.988395
1404	3.126421
1405	2.142709
1406	3.334142
1407	2.044823
1408	2.208754
1409	2.822498
1410	3.204218
1411	2.681880
1412	2.936860
1413	2.872523
1414	3.200728
1415	3.002300
1416	2.891508
1417	2.330885
1418	2.913579
1419	2.454991
1420	2.692304
1421	2.599306
1422	2.302760
1423	2.930001
1424	2.282193
1425	2.838822
1426	2.439795
1427	3.608160
1428	3.005801
1429	2.364162
1430	2.275797
1431	2.218940
1432	2.811262
1433	2.401291
1434	3.304972
1435	2.247175
1436	2.607759
1437	2.889028
1438	2.388547
1439	2.688791
1440	2.549705
1441	2.473143
1442	2.328797
1443	3.360878
1444	3.272064
1445	2.954624
1446	2.282674
1447	3.022947
1448	2.353931
1449	3.376359
1450	2.541990
1451	2.532153
1452	2.409439
1453	2.151884
1454	2.559727
1455	2.867627
1456	2.311926
1457	2.813571
1458	2.889568
1459	2.583292
1460	2.474450
1461	2.242521
1462	2.249844
1463	2.896173
1464	2.783462
1465	2.133957
1466	2.021016
1467	2.257540
1468	3.358304
1469	2.634406
1470	2.708230
1471	2.202955
1472	2.641023
1473	3.192209
1474	2.417642
1475	2.184810
1476	2.443296
1477	2.425035
1478	2.557986
1479	2.450390
1480	2.589151
1481	2.191390
1482	2.636303
1483	2.725252
1484	2.260818
1485	2.405826
1486	2.880176
1487	2.979363
1488	3.122196
1489	2.587214
1490	3.595846
1491	2.876909
1492	2.861116
1493	2.801321
1494	2.657743
1495	3.155076
1496	2.546861
1497	2.791109
1498	3.279894
1499	2.870002
1500	2.855555
1501	2.642290
1502	2.397061
1503	2.844662
1504	2.494733
1505	2.293773
1506	2.867807
1507	2.803302
1508	3.024086
1509	2.415805
1510	3.306794
1511	2.870419
1512	3.152615
1513	3.047591
1514	3.177938
1515	2.420624
1516	2.417316
1517	2.976591
1518	3.445013
1519	2.482462
1520	2.988867
1521	2.924894
1522	3.414475
