0	2.806937
1	3.329958
2	3.330436
3	3.953995
4	3.226731
5	3.600640
6	3.204373
7	3.644023
8	3.189562
9	3.294800
10	3.617791
11	3.994857
12	3.574158
13	3.654669
14	3.833224
15	4.151350
16	3.596735
17	4.129625
18	3.177768
19	3.594566
20	3.017498
21	3.461518
22	3.798969
23	3.504655
24	4.147455
25	3.931511
26	3.962194
27	3.109404
28	3.828732
29	3.330857
30	3.871357
31	3.254506
32	3.807112
33	3.577013
34	3.553112
35	3.936167
36	3.373113
37	4.309117
38	3.614111
39	3.666536
40	3.566243
41	3.418685
42	3.601972
43	3.354177
44	3.617652
45	3.663512
46	3.854074
47	3.923532
48	3.696971
49	3.865152
50	3.397337
51	3.940623
52	3.369112
53	3.716853
54	4.056736
55	3.263742
56	3.871059
57	3.951442
58	3.507264
59	3.891850
60	3.916196
61	3.440491
62	3.987104
63	3.230991
64	3.897907
65	3.889485
66	3.359417
67	3.544346
68	3.674154
69	3.961326
70	3.986604
71	3.582653
72	3.745542
73	3.863548
74	2.880798
75	2.770900
76	1.752626
77	3.296985
78	3.764970
79	3.234641
80	1.837960
81	2.003872
82	2.120470
83	3.830028
84	3.460144
85	3.603137
86	3.786410
87	3.805693
88	3.394907
89	3.755372
90	3.639644
91	4.051566
92	3.731141
93	3.332282
94	3.749534
95	3.907874
96	3.815271
97	3.582903
98	3.261072
99	3.136081
100	3.903140
101	3.688535
102	1.856232
103	3.804259
104	3.403555
105	4.223045
106	3.540367
107	4.098694
108	3.930636
109	3.833756
110	3.730538
111	3.346909
112	3.798486
113	3.808940
114	3.563170
115	3.415334
116	3.670684
117	3.469482
118	3.611510
119	3.496643
120	3.640615
121	3.533341
122	3.391371
123	3.691300
124	3.466424
125	3.348809
126	2.991870
127	3.187383
128	3.680123
129	3.620965
130	3.476507
131	3.547574
132	3.208645
133	3.621173
134	3.124883
135	4.069165
136	3.949966
137	3.479600
138	3.268774
139	3.325555
140	3.942347
141	3.225429
142	3.810693
143	3.755676
144	3.322062
145	3.309578
146	3.059230
147	3.438632
148	3.159967
149	3.780637
150	3.326877
151	3.467462
152	3.625809
153	3.323402
154	3.496711
155	4.414041
156	4.106813
157	3.679867
158	3.394715
159	3.346550
160	3.253586
161	3.665925
162	3.794427
163	3.749238
164	3.931348
165	3.819674
166	3.591578
167	3.660797
168	3.413771
169	3.819271
170	2.959629
171	3.366825
172	3.790066
173	3.814825
174	3.659684
175	3.639931
176	3.615784
177	3.181976
178	3.554167
179	3.322242
180	2.988868
181	3.725631
182	3.523248
183	3.688553
184	3.381405
185	3.573597
186	3.946150
187	3.577834
188	3.518764
189	3.837212
190	3.899706
191	3.627588
192	2.952169
193	3.332884
194	3.456415
195	3.110386
196	3.475024
197	3.512109
198	3.460360
199	3.461589
200	3.156216
201	3.187132
202	3.732559
203	3.976505
204	3.785418
205	3.897347
206	3.496300
207	2.859963
208	3.397898
209	3.944476
210	3.683720
211	3.474334
212	3.411907
213	3.507320
214	4.150964
215	3.165154
216	3.750960
217	3.660942
218	3.578756
219	3.285252
220	3.356007
221	3.977072
222	3.319851
223	3.349057
224	3.394967
225	3.431763
226	3.085274
227	3.445287
228	3.381273
229	3.640852
230	3.575778
231	3.487306
232	3.723909
233	3.124164
234	3.245316
235	3.723972
236	3.279203
237	3.430582
238	3.446980
239	3.497445
240	3.168376
241	3.550438
242	3.749042
243	3.737161
244	3.666986
245	3.593413
246	3.709894
247	3.287189
248	3.870334
249	3.727434
250	3.995172
251	3.621561
252	3.789735
253	4.311121
254	3.890126
255	4.106827
256	3.041743
257	3.034175
258	3.466611
259	3.376300
260	3.592002
261	3.561548
262	3.370057
263	3.212377
264	3.532943
265	3.319729
266	4.131294
267	3.546757
268	3.855071
269	3.434690
270	3.144044
271	3.772283
272	3.366156
273	3.727534
274	3.040999
275	3.550227
276	3.253093
277	3.119454
278	3.632918
279	3.668463
280	3.817184
281	3.358333
282	3.863701
283	3.347625
284	3.620516
285	3.134803
286	3.504667
287	3.476231
288	3.511765
289	3.560139
290	3.677634
291	3.294011
292	3.619792
293	3.628887
294	3.768222
295	3.641003
296	3.578223
297	3.623725
298	3.359401
299	3.623808
300	3.737140
301	2.953777
302	3.389074
303	3.947230
304	3.320440
305	3.932698
306	3.043775
307	3.321095
308	3.062171
309	3.744795
310	3.585988
311	3.538484
312	2.873693
313	3.402044
314	3.558459
315	3.397693
316	3.471199
317	3.317548
318	3.632600
319	3.474782
320	3.675880
321	3.830056
322	3.821443
323	3.997701
324	3.853246
325	3.847728
326	3.553887
327	3.870498
328	3.534410
329	3.188095
330	3.470480
331	3.622811
332	3.414072
333	3.401661
334	3.458628
335	3.598669
336	3.437459
337	4.110510
338	3.490170
339	3.649615
340	3.133960
341	3.503727
342	3.580582
343	4.073292
344	3.292245
345	3.177011
346	3.752255
347	2.913657
348	3.435128
349	3.416798
350	3.768899
351	3.690771
352	3.360597
353	3.428556
354	3.397777
355	3.914855
356	3.696459
357	3.581774
358	3.174980
359	3.237345
360	3.407770
361	3.912300
362	3.333526
363	3.441523
364	3.177687
365	3.602861
366	3.764359
367	3.438530
368	3.444690
369	3.272983
370	3.436482
371	2.934400
372	3.786423
373	3.185229
374	3.522967
375	3.476577
376	3.573975
377	3.296346
378	3.551479
379	3.593743
380	3.262943
381	3.304615
382	3.795865
383	3.687750
384	3.520989
385	3.789778
386	3.731338
387	3.865489
388	3.572033
389	2.143032
390	3.421778
391	3.221567
392	3.692265
393	3.678602
394	3.635010
395	3.480368
396	3.737859
397	3.694331
398	3.459069
399	3.527391
400	2.237524
401	3.507032
402	3.545846
403	4.045380
404	3.364898
405	3.248768
406	3.556808
407	3.493263
408	3.392665
409	3.652836
410	3.511266
411	3.451115
412	3.694662
413	3.407260
414	3.535461
415	3.081717
416	3.340506
417	3.617436
418	3.558431
419	3.923707
420	3.269647
421	3.389704
422	3.834242
423	3.922830
424	3.531631
425	3.050414
426	3.029884
427	3.156928
428	3.268410
429	3.291124
430	3.183378
431	3.417043
432	4.030498
433	3.491072
434	3.736355
435	3.304613
436	3.175493
437	3.476748
438	3.474849
439	3.629228
440	3.652464
441	3.372076
442	3.514611
443	3.760932
444	3.338983
445	3.304559
446	2.557659
447	3.542909
448	3.629612
449	3.526884
450	3.854037
451	3.230686
452	5.021019
453	1.955349
454	1.636034
455	1.866229
456	1.907910
457	3.774202
458	3.693466
459	3.908730
460	3.823307
461	3.431063
462	3.617332
463	3.336676
464	3.185357
465	3.878897
466	3.217029
467	3.790452
468	3.691612
469	3.513216
470	3.602111
471	3.605246
472	3.898028
473	3.114099
474	3.863552
475	3.676329
476	3.332700
477	3.901357
478	3.454635
479	3.545927
480	3.645558
481	3.191066
482	3.427243
483	3.695863
484	2.533734
485	3.474095
486	2.249290
487	3.921594
488	4.174459
489	3.673541
490	3.626026
491	3.367967
492	3.820968
493	3.831762
494	4.852720
495	3.526018
496	4.055096
497	3.011661
498	3.138121
499	3.376774
500	5.030091
501	3.778133
502	3.882899
503	3.684141
504	2.942018
505	3.636869
506	2.061383
507	3.640027
508	3.408900
509	1.858520
510	3.677104
511	3.706049
512	3.299954
513	3.357171
514	3.252245
515	3.448202
516	3.532620
517	3.354088
518	3.347252
519	3.404953
520	3.586266
521	3.572675
522	3.771075
523	3.133081
524	3.838541
525	3.798657
526	3.669945
527	3.396896
528	1.903969
529	2.702887
530	1.951974
531	3.250369
532	3.203403
533	3.280638
534	3.122515
535	3.520911
536	3.810276
537	2.322800
538	3.132507
539	3.369554
540	3.361283
541	2.988260
542	3.469324
543	3.000513
544	4.013902
545	3.773315
546	3.570535
547	3.676682
548	3.730298
549	3.079918
550	3.863281
551	3.546269
552	3.737633
553	3.365518
554	3.446984
555	3.495053
556	3.470533
557	3.876969
558	3.273821
559	3.755676
560	3.565572
561	3.187491
562	3.456327
563	3.853245
564	3.649931
565	3.171135
566	3.639972
567	3.255042
568	3.739023
569	3.534034
570	3.503898
571	3.412653
572	3.538093
573	3.238672
574	3.082028
575	3.588371
576	5.052187
577	3.913936
578	3.080550
579	3.787571
580	3.546674
581	3.648041
582	3.401706
583	4.061785
584	3.866846
585	3.964580
586	3.413240
587	3.408474
588	3.527789
589	3.135427
590	4.050507
591	4.056107
592	3.564018
593	4.011309
594	3.380976
595	2.992658
596	3.189077
597	3.133990
598	3.568822
599	3.246859
600	3.306645
601	3.678232
602	3.526131
603	4.391469
604	3.165659
605	2.875569
606	3.431211
607	3.949835
608	4.011996
609	3.292233
610	3.492492
611	3.365857
612	3.913967
613	3.738957
614	3.394648
615	3.518934
616	3.821479
617	3.773276
618	3.461925
619	3.783714
620	3.701568
621	3.631817
622	3.550579
623	3.271709
624	3.396543
625	3.854401
626	3.600027
627	3.631501
628	3.139301
629	3.572129
630	5.063801
631	3.116826
632	3.619529
633	3.491675
634	3.159652
635	3.959822
636	3.543404
637	3.754610
638	3.848794
639	3.256472
640	3.490217
641	3.422237
642	3.805062
643	3.569310
644	3.940480
645	3.704835
646	3.085469
647	3.489557
648	3.880128
649	3.755781
650	3.441933
651	3.548382
652	3.635891
653	3.664288
654	3.251353
655	3.537712
656	4.190597
657	3.216350
658	3.139825
659	3.582750
660	3.680896
661	3.429592
662	3.582959
663	3.798867
664	3.405261
665	3.567718
666	3.588358
667	3.892377
668	3.289089
669	3.441642
670	3.520825
671	3.703474
672	3.782604
673	3.352893
674	3.026881
675	3.603343
676	3.629107
677	3.448910
678	3.628735
679	3.734649
680	3.379126
681	3.434618
682	3.202636
683	3.182986
684	3.483171
685	3.700051
686	3.907403
687	4.128568
688	3.330636
689	3.639208
690	3.484053
691	3.426252
692	3.136494
693	3.764440
694	3.808228
695	3.258864
696	3.981373
697	3.155102
698	3.571903
699	3.526055
700	3.800935
701	3.192633
702	4.176383
703	5.151444
704	3.358531
705	3.750971
706	3.716961
707	3.132825
708	3.019771
709	3.156954
710	3.400128
711	3.576048
712	3.854882
713	3.675064
714	3.601527
715	3.622417
716	4.047691
717	3.613005
718	3.866638
719	3.142261
720	3.253444
721	3.606343
722	4.004482
723	3.501500
724	3.540669
725	3.171938
726	3.202640
727	3.608510
728	3.907592
729	3.836786
730	3.688415
731	3.251909
732	3.305832
733	3.412448
734	3.576214
735	3.501211
736	3.359733
737	4.101327
738	3.455211
739	3.345834
740	3.213505
741	3.122992
742	3.439332
743	3.537429
744	3.788232
745	3.773870
746	3.250138
747	3.497898
748	3.544434
749	3.675253
750	3.524797
751	4.317997
752	4.491615
753	4.062412
754	3.606327
755	3.439027
756	3.578506
757	3.715721
758	3.744396
759	3.382735
760	3.957309
761	3.459378
762	3.598291
763	3.456603
764	3.582960
765	3.938400
766	2.101452
767	3.240464
768	3.530284
769	3.883632
770	4.180442
771	3.458454
772	3.686922
773	3.552253
774	3.727278
775	3.357410
776	3.963345
777	3.328002
778	3.341107
779	3.865644
780	3.674197
781	3.542994
782	3.752412
783	3.947620
784	3.231872
785	3.515025
786	3.634612
787	3.612617
788	3.534642
789	4.010778
790	3.511654
791	3.740014
792	3.332957
793	3.853570
794	3.377854
795	3.218081
796	3.321113
797	3.489682
798	3.676642
799	3.303226
800	3.238244
801	3.158623
802	3.165375
803	3.467809
804	3.140159
805	3.140796
806	3.872234
807	3.868554
808	3.099130
809	3.744022
810	3.063380
811	2.557616
812	3.741884
813	3.623563
814	3.258359
815	3.526642
816	3.459059
817	3.243548
818	3.465559
819	3.313578
820	3.638488
821	3.444431
822	2.924483
823	3.464925
824	3.581564
825	3.371809
826	3.603858
827	3.536453
828	3.615924
829	3.436772
830	3.143899
831	3.572352
832	3.713502
833	3.614927
834	3.755755
835	3.490573
836	3.650467
837	3.798237
838	3.229876
839	3.366413
840	3.604234
841	3.687831
842	3.412961
843	3.715936
844	3.449347
845	3.394362
846	3.614983
847	3.583867
848	3.313201
849	3.488696
850	3.626596
851	3.572688
852	3.323462
853	3.736750
854	3.872855
855	3.755289
856	3.411891
857	3.330601
858	3.474622
859	2.667227
860	3.203077
861	3.249091
862	3.494724
863	3.669918
864	3.695673
865	3.374152
866	3.449681
867	3.324636
868	4.036855
869	3.197953
870	3.107878
871	3.375099
872	2.858916
873	3.404380
874	3.437979
875	3.601821
876	3.370341
877	3.465603
878	3.296393
879	3.310422
880	2.133853
881	3.800991
882	3.885449
883	3.277076
884	3.818921
885	2.846465
886	3.063125
887	3.548098
888	3.623947
889	3.164317
890	3.358526
891	3.453781
892	3.604927
893	3.321460
894	3.330074
895	3.923404
896	3.453621
897	3.166528
898	3.450228
899	3.040707
900	3.061359
901	3.636416
902	3.290486
903	3.783314
904	3.432905
905	3.335051
906	3.445347
907	3.565124
908	3.765713
909	3.422134
910	3.498373
911	2.125870
912	2.076440
913	1.800999
914	3.570728
915	3.772400
916	3.474090
917	3.311858
918	3.608989
919	3.605578
920	3.493823
921	3.248107
922	3.251062
923	3.150286
924	3.564000
925	3.588160
926	3.671974
927	3.274523
928	3.422179
929	3.643995
930	3.174398
931	3.271376
932	3.362751
933	3.432943
934	3.748827
935	3.488811
936	3.546462
937	3.383755
938	3.450521
939	3.339505
940	3.387300
941	3.272156
942	3.309653
943	3.453377
944	3.149048
945	3.401225
946	2.963368
947	3.516247
948	3.340719
949	3.673813
950	3.315860
951	3.220131
952	3.503840
953	3.538639
954	3.231006
955	3.595469
956	3.452377
957	3.187867
958	2.895583
959	3.339357
960	2.688681
961	2.996832
962	3.178379
963	3.529008
964	3.309607
965	3.177625
966	3.695009
967	2.385667
968	3.388223
969	3.271610
970	3.529591
971	3.391930
972	3.256057
973	3.253521
974	3.716315
975	3.530963
976	3.542105
977	2.114569
978	2.975533
979	3.627476
980	3.917219
981	3.328310
982	3.446216
983	3.911432
984	3.555025
985	3.351060
986	3.504241
987	3.816072
988	3.373617
989	3.499043
990	3.411217
991	3.552943
992	3.584829
993	3.423243
994	3.105366
995	3.340869
996	3.275575
997	3.479627
998	3.518893
999	3.607895
1000	3.477268
1001	3.060115
1002	3.804668
1003	3.405716
1004	3.355622
1005	3.384243
1006	3.414469
1007	3.492463
1008	3.408270
1009	3.482096
1010	3.789037
1011	3.546717
1012	3.421302
1013	3.351850
1014	3.350076
1015	3.032408
1016	3.551084
1017	3.023741
1018	3.523237
1019	3.502286
1020	3.395306
1021	3.911587
1022	3.901192
1023	3.525546
1024	3.428090
1025	3.293966
1026	3.454433
1027	3.280609
1028	3.065762
1029	3.355161
1030	3.516604
1031	3.394937
1032	3.997425
1033	3.308656
1034	3.492878
1035	3.297119
1036	3.341751
1037	3.404672
1038	3.822330
1039	3.409309
1040	3.557612
1041	3.399189
1042	3.447681
1043	3.689893
1044	3.316038
1045	3.140829
1046	3.296817
1047	2.951645
1048	2.895029
1049	1.858843
1050	2.519206
1051	3.435709
1052	3.234686
1053	3.561882
1054	3.473456
1055	3.821438
1056	2.941360
1057	3.241079
1058	3.504898
1059	3.619572
1060	3.399544
1061	3.094672
1062	3.292842
1063	3.748294
1064	3.668269
1065	3.121186
1066	3.713786
1067	3.871859
1068	3.484206
1069	3.068696
1070	3.438169
1071	3.865877
1072	3.040542
1073	3.643474
1074	3.328950
1075	3.151443
1076	3.220154
1077	3.621796
1078	3.274158
1079	3.169809
1080	3.319170
1081	3.709718
1082	3.554420
1083	3.446942
1084	3.407257
1085	3.301061
1086	3.457022
1087	3.354636
1088	3.679199
1089	3.275681
1090	3.870814
1091	3.686706
1092	3.469710
1093	3.450983
1094	3.195183
1095	3.395482
1096	3.673744
1097	3.612174
1098	2.994094
1099	3.341108
1100	3.185655
1101	3.544940
1102	3.602999
1103	3.053014
1104	3.170237
1105	2.214181
1106	2.442909
1107	2.834291
1108	3.774402
1109	3.296196
1110	3.614372
1111	3.270856
1112	3.397014
1113	3.281828
1114	3.513460
1115	3.349118
1116	3.457414
1117	3.166607
1118	3.494066
1119	3.742059
1120	3.412287
1121	3.549719
1122	3.578002
1123	3.409720
1124	3.602290
1125	3.513674
1126	3.389765
1127	3.522613
1128	3.810431
1129	3.594620
1130	3.077757
1131	3.398015
1132	3.892225
1133	3.802774
1134	3.384466
1135	3.339609
1136	3.454286
1137	3.486961
1138	3.611370
1139	3.505495
1140	3.442704
1141	3.684019
1142	3.100500
1143	3.622774
1144	3.518137
1145	2.866497
1146	3.305709
1147	3.703323
1148	3.432812
1149	3.365503
1150	2.809039
1151	3.072654
1152	3.275164
1153	3.462269
1154	3.321822
1155	3.129618
1156	3.191378
1157	3.084963
1158	3.551295
1159	3.346805
1160	2.960895
1161	1.903418
1162	3.128242
1163	3.309062
1164	3.090777
1165	3.438285
1166	3.458338
1167	3.155216
1168	3.161187
1169	3.742433
1170	3.049623
1171	3.338383
1172	3.357157
1173	3.576269
1174	3.507335
1175	3.613668
1176	3.661708
1177	4.212906
1178	3.536016
1179	3.751667
1180	3.158767
1181	3.893637
1182	3.381494
1183	3.080455
1184	2.093992
1185	3.224453
1186	3.188323
1187	3.221087
1188	1.839239
1189	2.214520
1190	3.047901
1191	2.302238
1192	3.619806
1193	3.122323
1194	3.329789
1195	3.272323
1196	3.642458
1197	3.027506
1198	3.275684
1199	3.740414
1200	3.334232
1201	3.137418
1202	3.094674
1203	3.615371
1204	3.496769
1205	3.259526
1206	3.472765
1207	3.253398
1208	3.617652
1209	3.381036
1210	3.611344
1211	3.327521
1212	3.667003
1213	3.220202
1214	3.711712
1215	3.649138
1216	3.385779
1217	4.034527
1218	3.379040
1219	3.738677
1220	3.685974
1221	3.396262
1222	3.796076
1223	3.678628
1224	3.194667
1225	3.724297
1226	3.843448
1227	3.658552
1228	3.918010
1229	3.558496
1230	3.730872
1231	3.293447
1232	3.372492
1233	3.566091
1234	3.337993
1235	3.533186
1236	3.537271
1237	3.180220
1238	3.355609
1239	3.563901
1240	3.456543
1241	3.736655
1242	3.819189
1243	3.329625
1244	3.671662
1245	3.449566
1246	3.591058
1247	3.514613
1248	3.600736
1249	3.545053
1250	3.222638
1251	3.902654
1252	3.229089
1253	3.795972
1254	3.265348
1255	3.967681
1256	3.876430
1257	3.717767
1258	2.790303
1259	3.602918
1260	2.669999
1261	2.689630
1262	3.913580
1263	3.382987
1264	3.719744
1265	3.042598
1266	2.718457
1267	3.600402
1268	3.343187
1269	2.075453
1270	2.975332
1271	3.312236
1272	1.879202
1273	3.058234
1274	3.698432
1275	3.960821
1276	3.595664
1277	3.844867
1278	3.495825
1279	3.270322
1280	3.291839
1281	3.454286
1282	3.382322
1283	3.331995
1284	3.778188
1285	3.653108
1286	3.459407
1287	3.451492
1288	3.232892
1289	3.207506
1290	3.469958
1291	3.665529
1292	3.606175
1293	3.370163
1294	3.703755
1295	3.576857
1296	3.916975
1297	3.439899
1298	3.890052
1299	3.314739
1300	3.851248
1301	3.103112
1302	3.422993
1303	3.965121
1304	4.120850
1305	3.702513
1306	3.537612
1307	3.649303
1308	3.567087
1309	3.144790
1310	3.319428
1311	3.729799
1312	3.382396
1313	3.575933
1314	3.077823
1315	3.660737
1316	3.465052
1317	3.836600
1318	3.817984
1319	3.094430
1320	3.466367
1321	3.740132
1322	3.906522
1323	3.416913
1324	3.311240
1325	3.331186
1326	3.406771
1327	3.316761
1328	3.430072
1329	3.524900
1330	3.391800
1331	3.668215
1332	3.141798
1333	4.138624
1334	3.462673
1335	3.477513
1336	3.500571
1337	3.690448
1338	3.457991
1339	3.175864
1340	3.453636
1341	3.527422
1342	3.543006
1343	3.562304
1344	3.525082
1345	3.312099
1346	3.838658
1347	3.595357
1348	3.699473
1349	3.291352
1350	3.623120
1351	4.046837
1352	3.425580
1353	3.688916
1354	2.419587
1355	3.514498
1356	3.288100
1357	3.896485
1358	3.416563
1359	3.595122
1360	3.297771
1361	3.111559
1362	3.293750
1363	3.380224
1364	3.075209
1365	3.155964
1366	3.632385
1367	3.294615
1368	3.441467
1369	3.421814
1370	3.507565
1371	2.651339
1372	2.889672
1373	3.642116
1374	3.709406
1375	3.524698
1376	3.265593
1377	3.267184
1378	3.299242
1379	2.923166
1380	3.521493
1381	3.373101
1382	3.185170
1383	3.510342
1384	3.342620
1385	2.230628
1386	2.677333
1387	1.791786
1388	3.570240
1389	3.731138
1390	4.977799
1391	3.655187
1392	3.485067
1393	3.540861
1394	3.999138
1395	4.081876
1396	3.846973
1397	4.105862
1398	4.211165
1399	4.110499
1400	4.049358
1401	3.608794
1402	2.299239
1403	3.281783
1404	2.979175
1405	1.978383
1406	2.122475
1407	2.989130
1408	3.415580
1409	3.354611
1410	3.086258
1411	1.878538
1412	3.200407
1413	3.158497
1414	3.184135
1415	1.973296
1416	3.764213
1417	3.795711
1418	2.924144
1419	2.448959
1420	2.770343
1421	3.364417
1422	3.153760
1423	3.401794
1424	3.170900
1425	3.223087
1426	3.421945
1427	3.657186
1428	3.475601
1429	3.527377
1430	3.806494
1431	3.384743
1432	3.586477
1433	3.658786
1434	3.595819
1435	3.823780
1436	3.402367
1437	3.628084
1438	3.527731
1439	3.612270
1440	3.467349
1441	3.429678
1442	3.866822
1443	3.648618
1444	3.243597
1445	3.271089
1446	3.520357
1447	3.200614
1448	3.426780
1449	3.077809
1450	3.469151
1451	3.318045
1452	3.517018
1453	3.666537
1454	3.659564
1455	3.842056
1456	3.747027
1457	3.583826
1458	3.569664
1459	3.060163
1460	3.491758
1461	3.180063
1462	3.388408
1463	3.584231
1464	3.342666
1465	3.322678
1466	3.100775
1467	3.350373
1468	3.357974
1469	3.506182
1470	3.671649
1471	3.645230
1472	3.296846
1473	3.271102
1474	3.795274
1475	3.364373
1476	3.552169
1477	3.531303
1478	3.227909
1479	2.707397
1480	3.512235
1481	3.581465
1482	3.930369
1483	4.880461
1484	3.666129
1485	3.571121
1486	3.429242
1487	3.474219
1488	3.393965
1489	3.428790
1490	3.820079
1491	3.497098
1492	3.746105
1493	3.608614
1494	3.691137
1495	3.256349
1496	3.469150
1497	3.442209
1498	3.628360
1499	3.430715
1500	3.573876
1501	3.274719
1502	3.556417
1503	3.299349
1504	3.602957
1505	3.673839
1506	3.245211
1507	3.875991
1508	3.248276
1509	3.520257
1510	3.730699
1511	3.204700
1512	3.386816
1513	3.487665
1514	3.254860
1515	3.748774
1516	3.828380
1517	2.862499
1518	3.394643
1519	3.331201
1520	3.258910
1521	3.532790
1522	3.003081
1523	3.322243
0	2.886831
1	3.474591
2	3.958093
3	3.416008
4	3.905966
5	3.648850
6	3.539858
7	3.822889
8	3.376595
9	3.556755
10	3.598181
11	3.869186
12	3.390383
13	3.460884
14	3.539126
15	2.999018
16	3.001931
17	3.375973
18	3.391903
19	3.633580
20	3.832673
21	3.659589
22	3.307294
23	3.324591
24	3.487823
25	3.740735
26	3.081249
27	3.569803
28	3.274292
29	3.986753
30	3.229955
31	3.470055
32	3.818455
33	3.437280
34	3.457672
35	3.697281
36	3.720228
37	3.682078
38	3.398839
39	3.359360
40	3.371098
41	3.529445
42	3.490572
43	3.463609
44	3.665040
45	3.899987
46	3.265977
47	3.450843
48	3.182359
49	3.873670
50	3.539621
51	2.619410
52	3.964770
53	3.651028
54	3.649848
55	4.017574
56	3.996763
57	3.386048
58	3.648902
59	3.790355
60	3.498940
61	3.481740
62	3.729906
63	3.431994
64	4.170633
65	3.535094
66	3.337214
67	3.684696
68	3.950214
69	3.453247
70	3.386637
71	3.712614
72	3.335207
73	3.331711
74	2.972963
75	3.500242
76	3.265301
77	4.064011
78	2.879638
79	3.908261
80	3.631504
81	3.362158
82	3.393539
83	3.077353
84	3.425988
85	2.954267
86	3.931335
87	3.344278
88	2.932473
89	3.260491
90	3.273380
91	3.968046
92	3.478822
93	3.938960
94	3.821790
95	3.621673
96	3.612395
97	3.219832
98	3.581018
99	3.746146
100	3.747854
101	3.943310
102	3.470518
103	3.417061
104	3.540241
105	3.500240
106	3.401557
107	3.787517
108	3.367744
109	3.574324
110	3.395777
111	3.304121
112	3.587994
113	3.453998
114	3.395304
115	3.553772
116	3.603137
117	3.553448
118	3.576741
119	3.478232
120	3.338171
121	3.735587
122	3.827086
123	3.655693
124	3.687030
125	3.627756
126	3.382987
127	3.430643
128	3.461688
129	3.306146
130	3.566089
131	3.684822
132	3.741818
133	3.300879
134	3.111430
135	3.704351
136	3.784229
137	3.581021
138	3.410878
139	3.932289
140	3.490975
141	3.435258
142	3.385396
143	4.007914
144	3.380619
145	3.397439
146	3.679309
147	3.686409
148	3.609556
149	3.958836
150	3.731677
151	3.707371
152	3.621337
153	3.350000
154	3.811103
155	4.094010
156	3.749320
157	3.476811
158	3.328377
159	3.191816
160	3.587840
161	3.377663
162	3.515807
163	3.602028
164	4.085328
165	3.722915
166	3.938605
167	3.290929
168	3.393023
169	3.806650
170	3.526062
171	3.419034
172	3.450593
173	3.514511
174	3.581369
175	3.683694
176	3.696281
177	3.037420
178	3.717913
179	3.700999
180	3.584564
181	3.994771
182	3.380369
183	3.521844
184	3.307523
185	3.622291
186	3.541904
187	3.574731
188	3.518654
189	4.187828
190	3.688483
191	4.181315
192	3.883991
193	3.936751
194	3.423257
195	3.625327
196	3.525123
197	3.684930
198	3.574940
199	3.682528
200	4.089754
201	3.356250
202	3.477485
203	3.957653
204	3.829855
205	3.467479
206	3.527235
207	3.129823
208	3.722687
209	4.069421
210	3.606619
211	4.132818
212	3.771924
213	3.480432
214	3.351925
215	3.445767
216	4.254656
217	3.589818
218	3.031732
219	3.469249
220	3.771089
221	3.887133
222	3.384818
223	3.836276
224	3.464537
225	4.046800
226	3.571289
227	3.620759
228	4.009301
229	3.583737
230	3.852493
231	3.467839
232	3.597418
233	3.459985
234	3.557047
235	3.525083
236	3.492651
237	3.847351
238	3.842930
239	4.213052
240	3.807834
241	3.752343
242	3.207834
243	3.979873
244	3.442572
245	3.634021
246	3.194870
247	3.952137
248	3.683315
249	3.595484
250	3.885177
251	3.699744
252	3.576115
253	3.389191
254	3.372491
255	3.362588
256	3.375220
257	3.866135
258	3.466611
259	3.434968
260	3.738303
261	3.149953
262	3.359852
263	3.509645
264	3.716920
265	3.447461
266	3.661817
267	3.941282
268	3.853648
269	3.821556
270	3.205075
271	3.786567
272	3.296118
273	4.243217
274	3.541100
275	3.696931
276	3.714850
277	3.618978
278	3.488924
279	4.202820
280	3.465385
281	3.460896
282	4.100170
283	3.799198
284	3.981217
285	3.335476
286	3.543714
287	3.394745
288	3.297727
289	3.204965
290	3.664613
291	3.352910
292	3.075209
293	4.015430
294	3.173689
295	3.736483
296	3.260690
297	3.715883
298	3.640111
299	3.756912
300	3.914396
301	3.535392
302	3.635739
303	3.739771
304	3.685768
305	3.524785
306	3.521632
307	3.407713
308	3.431313
309	3.589819
310	3.427841
311	3.642443
312	3.564575
313	3.268714
314	3.288980
315	3.666252
316	4.071718
317	3.525140
318	3.519617
319	3.535889
320	3.522272
321	3.677418
322	3.278063
323	4.160442
324	3.921469
325	3.889961
326	3.629629
327	3.819345
328	3.437747
329	3.530283
330	3.954189
331	3.423727
332	3.347028
333	3.936064
334	4.177858
335	3.657402
336	3.503726
337	3.505495
338	3.312008
339	4.014986
340	3.406978
341	3.732427
342	3.271836
343	3.776372
344	3.147983
345	3.549351
346	3.472191
347	3.665445
348	3.785524
349	3.134391
350	3.472319
351	3.862499
352	3.736844
353	3.547480
354	3.379379
355	3.605606
356	3.630687
357	3.309516
358	4.053996
359	3.318038
360	3.450114
361	3.566217
362	3.476709
363	3.850165
364	3.467133
365	4.237099
366	3.442369
367	3.697619
368	3.630357
369	3.975579
370	3.662213
371	3.306146
372	3.458802
373	3.507618
374	3.787467
375	3.821234
376	3.577875
377	3.743703
378	4.037089
379	3.634186
380	3.640230
381	3.459769
382	3.665639
383	3.526841
384	3.680406
385	3.483737
386	4.164057
387	4.080624
388	3.530408
389	3.646629
390	3.784467
391	3.360254
392	3.635285
393	3.735466
394	3.582359
395	3.554954
396	3.914422
397	3.381569
398	3.992507
399	3.916810
400	4.044365
401	2.574277
402	3.541933
403	3.384226
404	3.938425
405	3.428544
406	3.697377
407	3.623851
408	3.615535
409	3.314965
410	3.900014
411	3.653887
412	3.601737
413	3.307644
414	3.621340
415	3.764266
416	3.326695
417	3.492879
418	3.592018
419	3.313848
420	3.674274
421	3.431107
422	3.709558
423	3.420672
424	3.359255
425	3.698607
426	3.230808
427	4.188423
428	2.957313
429	3.294980
430	3.593410
431	3.685188
432	3.993232
433	3.508960
434	3.815940
435	3.870205
436	3.685728
437	3.454114
438	3.778281
439	3.444038
440	3.474679
441	3.854373
442	3.987619
443	3.407182
444	3.528656
445	3.657119
446	3.800684
447	3.777842
448	3.700459
449	3.710740
450	3.646218
451	3.681440
452	3.511395
453	3.625754
454	3.458670
455	3.873036
456	3.585597
457	3.144185
458	4.082717
459	3.653339
460	3.831370
461	3.390237
462	3.154950
463	3.722269
464	4.067013
465	4.093091
466	3.459146
467	3.632532
468	3.298031
469	3.356382
470	3.217082
471	3.349940
472	3.687182
473	3.470589
474	3.367641
475	3.475254
476	3.743340
477	3.534586
478	3.530791
479	3.543288
480	3.543118
481	3.608724
482	3.496142
483	3.474856
484	3.437134
485	3.505440
486	3.483589
487	3.454072
488	3.779274
489	4.104547
490	3.854218
491	3.439723
492	3.511425
493	4.166750
494	3.738355
495	3.691190
496	3.246182
497	3.835426
498	3.303149
499	3.533923
500	3.527975
501	3.469785
502	3.623825
503	3.486542
504	3.075533
505	3.949619
506	3.410647
507	3.427566
508	3.561532
509	3.909590
510	4.259353
511	3.515536
512	3.656513
513	3.423143
514	3.649068
515	4.081493
516	3.407595
517	3.578420
518	3.708208
519	3.664165
520	3.738166
521	3.932734
522	4.066522
523	3.566707
524	3.464159
525	3.701634
526	3.636592
527	3.996326
528	3.155264
529	3.572019
530	3.460027
531	3.973535
532	3.704025
533	3.607241
534	3.847051
535	3.501169
536	3.764184
537	3.126757
538	3.920572
539	3.741779
540	3.326517
541	3.602195
542	3.382130
543	4.058943
544	2.971903
545	3.313052
546	3.472522
547	3.320331
548	3.658019
549	3.623853
550	4.180346
551	3.727815
552	3.367505
553	3.528710
554	3.552605
555	3.781812
556	3.529462
557	3.023607
558	3.749175
559	3.614373
560	3.485327
561	4.214226
562	4.188461
563	3.994209
564	3.999813
565	3.332700
566	3.693318
567	3.815139
568	4.223484
569	3.638861
570	3.727547
571	3.512293
572	3.276294
573	3.633001
574	3.625274
575	3.898653
576	3.525480
577	3.749454
578	3.109566
579	3.605732
580	3.416636
581	3.429374
582	3.232676
583	3.002949
584	3.677297
585	3.820760
586	3.810906
587	3.362677
588	3.548787
589	3.620523
590	3.648286
591	3.482601
592	3.628817
593	3.584090
594	3.316624
595	3.751344
596	3.786478
597	3.468226
598	3.009354
599	3.501613
600	3.405571
601	3.474797
602	3.725119
603	3.550732
604	3.888663
605	3.858457
606	3.901706
607	3.687137
608	3.481853
609	3.605702
610	3.684576
611	3.744116
612	3.759588
613	3.509103
614	3.883068
615	3.483516
616	3.711966
617	3.576546
618	4.216882
619	3.342585
620	3.476969
621	3.982441
622	4.022859
623	3.345580
624	3.965880
625	3.774140
626	3.640397
627	3.631394
628	3.920854
629	3.552635
630	3.458844
631	3.335039
632	3.642249
633	3.388659
634	4.175098
635	3.480759
636	3.601129
637	3.886245
638	3.344606
639	3.758681
640	3.678345
641	3.343949
642	3.789575
643	3.546325
644	3.345266
645	3.327853
646	4.013714
647	4.130970
648	3.558592
649	3.852561
650	3.448665
651	3.396719
652	3.840589
653	3.604565
654	2.890949
655	3.435084
656	3.533412
657	3.260892
658	3.844800
659	3.476966
660	3.229996
661	3.367579
662	3.782844
663	3.259542
664	3.910982
665	3.618891
666	3.453231
667	3.568206
668	3.825458
669	3.175109
670	3.793825
671	3.634570
672	3.612009
673	3.508289
674	4.131356
675	3.083035
676	3.754277
677	3.344220
678	3.498527
679	3.054785
680	3.490165
681	3.485666
682	3.286516
683	3.295667
684	3.526784
685	3.542907
686	3.432289
687	3.356550
688	3.686690
689	3.381396
690	3.985034
691	3.217670
692	3.188887
693	3.242126
694	3.293963
695	3.710994
696	3.143850
697	3.740994
698	3.501510
699	3.845011
700	3.640961
701	3.573613
702	3.046326
703	3.307715
704	3.400090
705	3.118558
706	3.418608
707	3.454866
708	3.282363
709	3.523547
710	3.756036
711	3.716949
712	3.495895
713	3.523691
714	3.974959
715	3.578212
716	3.287399
717	3.686214
718	4.023864
719	3.595442
720	3.414981
721	3.340210
722	3.200670
723	3.651628
724	3.114965
725	3.820654
726	3.515010
727	3.331757
728	3.455459
729	3.287828
730	3.292492
731	3.493623
732	3.357814
733	3.661748
734	3.636453
735	3.703106
736	3.596998
737	3.369406
738	3.573526
739	3.369332
740	3.730227
741	3.490802
742	3.483863
743	3.637006
744	3.030790
745	3.340599
746	3.171151
747	3.266007
748	3.843185
749	3.771219
750	3.231297
751	3.290929
752	3.190941
753	3.201579
754	3.125799
755	3.097126
756	3.499682
757	3.550900
758	3.472062
759	3.625602
760	3.582709
761	3.803603
762	3.692518
763	3.682134
764	3.409471
765	3.701918
766	3.021671
767	3.230864
768	3.749746
769	3.134995
770	3.450465
771	3.552140
772	3.770740
773	3.283610
774	3.800593
775	3.574322
776	3.496440
777	3.290304
778	3.149239
779	3.098144
780	3.454982
781	3.395495
782	3.390546
783	3.066253
784	3.373737
785	3.594078
786	3.252598
787	3.433147
788	3.625615
789	3.365782
790	3.192129
791	3.489384
792	3.593746
793	3.560266
794	3.173910
795	3.311028
796	3.571805
797	3.575484
798	3.223462
799	3.174664
800	3.549664
801	3.859872
802	3.173185
803	2.839401
804	3.601889
805	3.509714
806	3.138502
807	3.310361
808	3.814367
809	3.519118
810	3.315221
811	3.662213
812	3.568616
813	3.536042
814	3.811391
815	3.515748
816	3.471917
817	3.536933
818	3.593050
819	3.585789
820	3.507963
821	3.103033
822	3.616323
823	3.655190
824	3.701148
825	3.687112
826	3.760666
827	3.284188
828	3.427112
829	3.618133
830	3.348462
831	3.456518
832	3.323943
833	3.247843
834	3.287705
835	3.852169
836	3.222871
837	3.395568
838	3.303350
839	3.283490
840	3.526401
841	3.551406
842	3.179261
843	3.496067
844	3.231933
845	3.294726
846	3.863391
847	3.944428
848	3.850275
849	2.881701
850	2.730681
851	3.914117
852	3.432853
853	3.102049
854	3.475585
855	3.577722
856	3.522229
857	3.825770
858	3.283718
859	3.303422
860	3.703135
861	3.542670
862	3.323087
863	3.314769
864	3.438269
865	3.730856
866	3.558327
867	3.601041
868	3.475415
869	3.200157
870	3.703634
871	3.594774
872	3.353639
873	3.928268
874	3.364121
875	2.857727
876	3.361325
877	2.691785
878	3.068906
879	2.909312
880	2.851946
881	3.276431
882	3.221737
883	3.534543
884	3.355250
885	3.279665
886	3.413356
887	3.537387
888	3.407478
889	3.385114
890	3.437004
891	3.735842
892	3.405655
893	3.485871
894	3.379659
895	3.637005
896	3.983891
897	3.340703
898	3.274522
899	2.980418
900	3.634625
901	3.430295
902	3.599973
903	3.621312
904	3.443343
905	3.436191
906	3.328078
907	3.621684
908	3.569582
909	3.163052
910	3.744675
911	3.591392
912	3.107237
913	3.512921
914	3.582528
915	3.582485
916	3.915685
917	3.471529
918	3.669358
919	3.806284
920	3.254443
921	3.070571
922	3.053879
923	3.132937
924	3.444767
925	3.442006
926	3.445432
927	3.267537
928	3.368934
929	3.953393
930	3.730587
931	3.189764
932	3.028693
933	3.754960
934	3.728605
935	3.696972
936	3.459103
937	3.594842
938	3.495627
939	3.574296
940	3.498984
941	3.947923
942	3.906239
943	3.652847
944	3.884509
945	3.915891
946	3.674926
947	3.444968
948	3.217215
949	3.565962
950	3.253705
951	2.999735
952	3.440728
953	3.573424
954	2.882380
955	3.806004
956	3.357411
957	3.679731
958	3.701545
959	3.931550
960	3.526036
961	3.212682
962	3.566552
963	3.454936
964	2.926601
965	3.150143
966	3.578799
967	3.481109
968	3.774481
969	3.469521
970	2.983707
971	3.381259
972	3.299021
973	3.367472
974	3.579245
975	3.558131
976	3.647408
977	4.017444
978	3.726859
979	3.821757
980	3.327953
981	3.218573
982	3.846497
983	3.523263
984	3.613877
985	3.820946
986	3.845700
987	3.406900
988	4.434568
989	3.653682
990	3.943681
991	3.909282
992	3.514631
993	3.654189
994	3.763312
995	4.012824
996	3.896563
997	3.651444
998	4.277969
999	3.612118
1000	3.560270
1001	3.511722
1002	4.088362
1003	3.253337
1004	3.231412
1005	4.161786
1006	3.543514
1007	3.694185
1008	4.304392
1009	3.863601
1010	3.492293
1011	3.767141
1012	3.488393
1013	3.925891
1014	3.490990
1015	3.669590
1016	3.911276
1017	3.449553
1018	3.647254
1019	3.855255
1020	3.822166
1021	3.422589
1022	4.415000
1023	3.484279
1024	3.814792
1025	3.556696
1026	3.632313
1027	3.405498
1028	3.435786
1029	3.566747
1030	3.175048
1031	3.562592
1032	3.394538
1033	3.852505
1034	3.546223
1035	3.925058
1036	4.219554
1037	3.711010
1038	3.891028
1039	3.301344
1040	3.588177
1041	3.558497
1042	3.999516
1043	3.477725
1044	3.831269
1045	3.642881
1046	3.586320
1047	3.878362
1048	3.180347
1049	3.299951
1050	3.657063
1051	3.748185
1052	3.610429
1053	3.829129
1054	3.592481
1055	4.030125
1056	4.003956
1057	3.662689
1058	3.124050
1059	4.038394
1060	3.891093
1061	3.524827
1062	3.190391
1063	3.579511
1064	3.105014
1065	3.919451
1066	3.534530
1067	3.776205
1068	3.250765
1069	4.020648
1070	3.929832
1071	3.747291
1072	3.952037
1073	4.281744
1074	3.550563
1075	3.987003
1076	3.406173
1077	3.807271
1078	4.057720
1079	3.522288
1080	3.734101
1081	3.846908
1082	3.759106
1083	3.647708
1084	3.466686
1085	4.178969
1086	4.101182
1087	3.295563
1088	3.451431
1089	3.499844
1090	3.559510
1091	3.747671
1092	3.409590
1093	3.896215
1094	3.877846
1095	3.463912
1096	3.671857
1097	3.826305
1098	3.629570
1099	3.718168
1100	3.716252
1101	3.900211
1102	3.759796
1103	3.635187
1104	3.620634
1105	3.834276
1106	3.958712
1107	3.535075
1108	3.798182
1109	3.929815
1110	3.556321
1111	3.606899
1112	3.548258
1113	3.767889
1114	3.609516
1115	3.721012
1116	3.646514
1117	3.650508
1118	3.985700
1119	3.904730
1120	3.845218
1121	3.164821
1122	3.579397
1123	3.682624
1124	3.660411
1125	3.493271
1126	3.805523
1127	3.492941
1128	3.745261
1129	3.860791
1130	3.475185
1131	3.419717
1132	3.470744
1133	3.520592
1134	3.326694
1135	3.138679
1136	3.728035
1137	3.690708
1138	3.616117
1139	3.230572
1140	3.235719
1141	3.101032
1142	3.502150
1143	3.394037
1144	3.883219
1145	3.601862
1146	3.549124
1147	3.651396
1148	3.171166
1149	3.499796
1150	3.372076
1151	3.412169
1152	3.662503
1153	3.834515
1154	3.238966
1155	3.829891
1156	4.029898
1157	4.029270
1158	3.537301
1159	4.267939
1160	3.641349
1161	3.802790
1162	3.252757
1163	3.421532
1164	3.524560
1165	3.688319
1166	3.522695
1167	3.925753
1168	3.802669
1169	3.706295
1170	3.697498
1171	3.590179
1172	3.668760
1173	3.609648
1174	3.667614
1175	3.207892
1176	4.136692
1177	3.498302
1178	3.635440
1179	4.094498
1180	3.701597
1181	3.601818
1182	3.446769
1183	3.726071
1184	3.660559
1185	4.164638
1186	3.539308
1187	3.143339
1188	3.806851
1189	4.130643
1190	3.230493
1191	3.723131
1192	3.544719
1193	3.924297
1194	3.619632
1195	3.647139
1196	3.538845
1197	3.839411
1198	3.419779
1199	3.520282
1200	3.503571
1201	3.838656
1202	3.744408
1203	3.265791
1204	3.683434
1205	3.435125
1206	3.402075
1207	3.804237
1208	3.619306
1209	3.920628
1210	3.491257
1211	3.582694
1212	3.623396
1213	2.977344
1214	3.521520
1215	3.672056
1216	3.329595
1217	2.956894
1218	3.348643
1219	3.648576
1220	3.773406
1221	3.474205
1222	3.768541
1223	3.165835
1224	3.510458
1225	3.553434
1226	3.159699
1227	4.443522
1228	3.243780
1229	3.608587
1230	3.861647
1231	3.945492
1232	3.240632
1233	3.177640
1234	3.847950
1235	3.516902
1236	3.089159
1237	4.205652
1238	3.693970
1239	3.314183
1240	3.357694
1241	3.766563
1242	3.453781
1243	3.607687
1244	3.403853
1245	3.408079
1246	3.733915
1247	3.217423
1248	3.066364
1249	3.150746
1250	3.233590
1251	3.653956
1252	3.832936
1253	3.788088
1254	3.722018
1255	3.838562
1256	3.877240
1257	3.357024
1258	3.696121
1259	3.757981
1260	3.548099
1261	3.897829
1262	3.265362
1263	3.692871
1264	3.573081
1265	3.190159
1266	3.656839
1267	4.161511
1268	4.221818
1269	3.187109
1270	3.208504
1271	3.637321
1272	3.068892
1273	3.723588
1274	3.465556
1275	3.626830
1276	3.551591
1277	3.261137
1278	3.359790
1279	3.405598
1280	3.661268
1281	3.512223
1282	3.402441
1283	3.849130
1284	3.489455
1285	3.277563
1286	3.728567
1287	3.527051
1288	3.489113
1289	3.274905
1290	3.280199
1291	3.838463
1292	3.790433
1293	3.547025
1294	3.486676
1295	3.501856
1296	4.039206
1297	3.509787
1298	2.873831
1299	3.497927
1300	3.477741
1301	2.079832
1302	3.470287
1303	3.395559
1304	3.592770
1305	3.172917
1306	3.456038
1307	3.888661
1308	3.410848
1309	3.379499
1310	3.437166
1311	3.408006
1312	3.391003
1313	3.619200
1314	3.444023
1315	3.615920
1316	3.689135
1317	3.748773
1318	3.786185
1319	3.548778
1320	3.145090
1321	3.682406
1322	3.693890
1323	3.485457
1324	3.401366
1325	3.461587
1326	3.664985
1327	3.046573
1328	3.682976
1329	3.346525
1330	3.255815
1331	3.206668
1332	3.231235
1333	3.582597
1334	3.594188
1335	3.208007
1336	2.738227
1337	3.826017
1338	3.551003
1339	3.604374
1340	3.612726
1341	3.925533
1342	3.992130
1343	3.867311
1344	3.760188
1345	3.456906
1346	3.372140
1347	3.437368
1348	3.471268
1349	3.246120
1350	3.267368
1351	3.020415
1352	3.083521
1353	3.243469
1354	3.820131
1355	3.559819
1356	3.672858
1357	3.392656
1358	3.536368
1359	3.590067
1360	3.180706
1361	3.663509
1362	3.514911
1363	3.550803
1364	3.771978
1365	3.835112
1366	3.308608
1367	4.042140
1368	3.425990
1369	3.724476
1370	3.560646
1371	3.336374
1372	3.517300
1373	3.710916
1374	3.311362
1375	3.511423
1376	3.582262
1377	3.675214
1378	3.531457
1379	3.583657
1380	3.728189
1381	3.337273
1382	3.512334
1383	3.322017
1384	3.157310
1385	3.138788
1386	3.322695
1387	3.063281
1388	4.022451
1389	3.511710
1390	3.356323
1391	3.268241
1392	3.287144
1393	3.383918
1394	3.787492
1395	3.211635
1396	3.095384
1397	3.496927
1398	3.751319
1399	3.354430
1400	2.973850
1401	3.714959
1402	3.914908
1403	3.743661
1404	3.196651
1405	3.423596
1406	3.555123
1407	3.103740
1408	3.386458
1409	3.262573
1410	2.663024
1411	2.844465
1412	3.144298
1413	3.556355
1414	3.259753
1415	2.967154
1416	3.402662
1417	2.916745
1418	3.516333
1419	3.010214
1420	3.199470
1421	3.680926
1422	4.085537
1423	3.268974
1424	3.663277
1425	3.200095
1426	3.677784
1427	3.715886
1428	3.360861
1429	3.306525
1430	3.698676
1431	3.244642
1432	3.407361
1433	3.614169
1434	3.783611
1435	3.347864
1436	3.515123
1437	3.466943
1438	3.250260
1439	3.571008
1440	3.551296
1441	3.611495
1442	3.352165
1443	3.747331
1444	3.326587
1445	3.958207
1446	3.784784
1447	3.662871
1448	4.061353
1449	3.418669
1450	3.859263
1451	3.452838
1452	3.263142
1453	3.219904
1454	3.438926
1455	3.119055
1456	3.197311
1457	3.124883
1458	3.407770
1459	3.830067
1460	3.532210
1461	3.401822
1462	3.124950
1463	3.681701
1464	3.144979
1465	2.207942
1466	2.527409
1467	3.093622
1468	3.465876
1469	3.234718
1470	2.256323
1471	2.030616
1472	3.688170
1473	3.269633
1474	3.725707
1475	3.504769
1476	3.584452
1477	3.740734
1478	3.647796
1479	3.336662
1480	3.322362
1481	3.690001
1482	3.404910
1483	3.772227
1484	3.698121
1485	3.103709
1486	3.571065
1487	3.350015
1488	3.405011
1489	3.425916
1490	3.492133
1491	3.556036
1492	3.195450
1493	3.749746
1494	3.285440
1495	3.642323
1496	3.541144
1497	3.614678
1498	3.462973
1499	3.513475
1500	3.820615
1501	3.282088
1502	3.335104
1503	3.533453
1504	3.807846
1505	3.511080
1506	3.354162
1507	3.442165
1508	3.593231
1509	3.664230
1510	3.612048
1511	3.242298
1512	3.809779
1513	3.452114
1514	3.231566
1515	3.648425
1516	4.106882
1517	3.369123
1518	3.374774
1519	3.675894
1520	3.543037
1521	2.012958
1522	3.058056
1523	3.530819
1524	3.581428
1525	3.561752
1526	3.710172
1527	2.969410
1528	2.620188
1529	3.582905
1530	3.154124
1531	3.209499
1532	3.621670
1533	3.715829
1534	3.599582
1535	3.534770
1536	3.490330
1537	3.712854
1538	4.603707
1539	3.699850
1540	3.558242
1541	3.370075
1542	3.931741
1543	3.142244
1544	3.586557
1545	3.565194
1546	3.552547
1547	3.592438
1548	3.340374
1549	4.199454
1550	3.578954
1551	3.163115
1552	3.754102
1553	3.720445
1554	4.539523
1555	3.855815
1556	3.507265
1557	3.431631
1558	3.712654
1559	3.919629
1560	3.852350
1561	3.569355
1562	3.740843
1563	4.069900
1564	3.511822
1565	4.121104
1566	3.856786
1567	3.743395
1568	4.006432
1569	3.552366
1570	3.190629
1571	3.973186
1572	3.617998
1573	3.577178
1574	3.661434
1575	3.893212
1576	3.739597
1577	3.110790
1578	3.945654
1579	3.716033
1580	3.596024
1581	3.524544
1582	3.367060
1583	4.029963
1584	3.281874
1585	3.677987
1586	3.222701
1587	3.474205
1588	3.734033
1589	3.533228
1590	3.597834
1591	3.419447
1592	3.445725
1593	3.189373
1594	3.799804
1595	3.697515
1596	3.812008
1597	3.479170
1598	3.641509
1599	3.768473
1600	3.083505
1601	3.274878
1602	3.611800
1603	3.511353
1604	3.428131
1605	2.948575
1606	4.009965
1607	3.575148
1608	3.463438
1609	3.796327
1610	3.793863
1611	3.434560
1612	3.672412
1613	3.618633
1614	3.307092
1615	3.376108
1616	3.159687
1617	3.375172
1618	3.313409
1619	3.251779
1620	3.710186
1621	3.434734
0	1.860808
1	3.235024
2	3.605747
3	3.794165
4	3.461862
5	3.178379
6	3.701151
7	3.276721
8	3.308729
9	3.638503
10	3.044518
11	3.581661
12	3.169528
13	3.058580
14	3.392966
15	3.396160
16	2.851703
17	3.611455
18	3.663714
19	3.438226
20	3.351850
21	3.089255
22	3.653080
23	3.652741
24	3.551493
25	3.490289
26	3.361102
27	2.982982
28	3.481752
29	3.846503
30	3.324257
31	3.235815
32	3.050948
33	3.456066
34	3.419589
35	3.428191
36	3.052166
37	3.090081
38	2.603077
39	3.188573
40	3.002033
41	3.747147
42	3.299653
43	3.291259
44	1.833384
45	3.887556
46	2.605379
47	3.244393
48	3.371144
49	3.218104
50	3.113362
51	3.242391
52	4.093029
53	3.195528
54	3.666822
55	2.949185
56	2.842430
57	3.745570
58	3.242362
59	4.170490
60	3.256147
61	2.054748
62	3.629078
63	3.520654
64	3.054536
65	3.586085
66	3.446534
67	3.463106
68	3.593618
69	3.777061
70	3.296239
71	3.749266
72	3.292902
73	3.536468
74	3.351463
75	3.819583
76	3.708479
77	3.108905
78	3.547675
79	3.763442
80	3.350059
81	3.455330
82	3.622720
83	3.930227
84	3.468069
85	3.755556
86	3.638625
87	3.224128
88	3.997636
89	3.603513
90	3.740294
91	3.514470
92	3.919899
93	3.436130
94	3.216661
95	3.877809
96	3.559930
97	3.962246
98	3.727884
99	4.017437
100	3.953050
101	3.613475
102	3.908899
103	3.594745
104	3.702687
105	3.781811
106	3.473469
107	3.603568
108	3.278825
109	3.744582
110	3.832205
111	3.576339
112	3.156420
113	4.146818
114	3.323387
115	3.790579
116	3.473470
117	4.285894
118	3.463132
119	4.232032
120	3.426178
121	3.920038
122	3.380813
123	3.515508
124	3.583142
125	3.469526
126	3.485815
127	3.348208
128	3.546957
129	3.625395
130	3.411789
131	3.376893
132	3.193885
133	2.951305
134	3.648535
135	4.153010
136	3.031088
137	3.194526
138	3.445201
139	3.480891
140	3.473472
141	3.895971
142	3.081898
143	3.313412
144	3.366956
145	3.760771
146	3.565742
147	3.480846
148	3.924143
149	3.922118
150	3.623409
151	3.399618
152	3.815938
153	3.271817
154	3.293176
155	3.556248
156	3.752253
157	3.857939
158	3.623937
159	3.513232
160	3.331095
161	4.185094
162	3.905406
163	3.880629
164	3.683763
165	3.478578
166	3.768011
167	3.330192
168	3.741374
169	3.683816
170	3.488623
171	3.797749
172	3.533229
173	3.063804
174	3.005495
175	3.750253
176	4.419511
177	3.418229
178	2.844030
179	3.964567
180	3.822368
181	2.837004
182	3.594412
183	3.739212
184	3.099628
185	3.845310
186	3.463135
187	3.194762
188	3.229211
189	3.583294
190	3.066171
191	4.061948
192	3.377706
193	3.648916
194	3.624488
195	3.150761
196	3.577304
197	3.469901
198	3.636593
199	3.912199
200	3.114516
201	3.571890
202	3.473670
203	3.209675
204	3.224452
205	3.175547
206	3.490973
207	3.383904
208	3.622624
209	3.369793
210	3.767265
211	3.614264
212	3.411482
213	3.499458
214	3.461111
215	3.734085
216	2.616276
217	2.401000
218	3.622939
219	3.066466
220	3.274906
221	3.469452
222	3.574396
223	3.623203
224	3.181132
225	3.448637
226	3.601084
227	2.284929
228	3.185608
229	4.377591
230	2.004145
231	3.061128
232	3.310740
233	3.182735
234	3.674847
235	3.441581
236	2.849928
237	3.105915
238	3.245472
239	3.261090
240	3.805444
241	3.408198
242	3.398839
243	3.712572
244	3.448841
245	3.013653
246	3.440495
247	3.786885
248	2.983153
249	3.536126
250	3.282485
251	3.107313
252	3.586709
253	3.490358
254	3.707805
255	3.169449
256	3.414761
257	3.176366
258	3.684575
259	3.241374
260	3.888882
261	3.332175
262	3.356502
263	3.416868
264	3.222561
265	3.738195
266	3.693196
267	3.415977
268	2.725327
269	3.505582
270	2.676585
271	3.701203
272	2.953031
273	3.380843
274	3.580098
275	3.533426
276	3.423946
277	3.123155
278	3.188292
279	3.439461
280	3.893406
281	3.180080
282	3.627052
283	3.909605
284	3.147381
285	3.730016
286	3.654655
287	3.260274
288	3.442847
289	2.995230
290	3.460666
291	3.957940
292	4.022053
293	4.027840
294	3.688279
295	3.526698
296	4.036361
297	3.423419
298	3.498085
299	3.098967
300	3.748146
301	3.693251
302	3.089402
303	3.803263
304	3.151318
305	3.884251
306	3.840871
307	3.404484
308	3.198829
309	3.165153
310	3.325989
311	3.565249
312	3.553491
313	3.688726
314	3.385793
315	3.538433
316	3.181146
317	3.608919
318	3.642789
319	3.328589
320	3.399426
321	3.487717
322	3.661760
323	3.229427
324	3.430874
325	3.590402
326	3.648137
327	2.932320
328	3.055780
329	3.916811
330	3.257026
331	3.217216
332	3.223832
333	3.430964
334	3.176257
335	3.485297
336	3.435011
337	3.295662
338	3.622390
339	3.446346
340	2.994027
341	3.369822
342	3.026714
343	3.385279
344	3.584244
345	3.430833
346	4.170637
347	3.357157
348	3.478693
349	3.130208
350	3.668638
351	3.416562
352	3.360072
353	3.405096
354	3.205825
355	3.199345
356	3.800384
357	3.647850
358	3.485598
359	3.405789
360	3.764414
361	3.157738
362	3.825625
363	3.587173
364	3.336839
365	3.605496
366	3.714579
367	3.172965
368	2.995078
369	3.434954
370	3.505625
371	3.380903
372	3.312777
373	3.865296
374	3.616780
375	3.698986
376	3.622830
377	3.548111
378	3.377427
379	3.487877
380	3.750586
381	3.302800
382	3.318748
383	3.123896
384	4.173990
385	3.261444
386	3.324349
387	3.683328
388	3.153315
389	3.452143
390	3.946566
391	3.058448
392	3.205528
393	3.658100
394	3.378890
395	4.093542
396	3.421665
397	3.383769
398	3.372875
399	3.454725
400	3.586501
401	4.149192
402	3.462615
403	4.124891
404	3.302817
405	4.087407
406	3.432168
407	2.654314
408	3.611023
409	3.504427
410	3.654833
411	3.220310
412	3.391078
413	3.697741
414	3.217778
415	3.357724
416	3.394974
417	4.044217
418	3.207039
419	3.453316
420	3.662484
421	3.380813
422	3.256565
423	3.687768
424	3.349538
425	3.163894
426	3.398910
427	3.761354
428	3.799500
429	3.296713
430	3.102633
431	3.235831
432	3.211120
433	3.723627
434	3.769909
435	3.608561
436	3.766201
437	3.502029
438	3.271360
439	3.515752
440	3.595998
441	3.264125
442	3.544572
443	3.319788
444	3.341496
445	3.466091
446	3.500772
447	3.237499
448	3.610222
449	3.097761
450	3.422545
451	2.860561
452	3.691855
453	2.623926
454	3.427231
455	3.367581
456	3.473745
457	3.217427
458	3.339609
459	3.667015
460	3.410262
461	3.430162
462	3.358479
463	3.509131
464	3.495868
465	3.202078
466	3.564955
467	3.450655
468	3.047638
469	3.773355
470	3.488050
471	3.188637
472	3.221180
473	3.547688
474	2.036194
475	3.453619
476	3.201890
477	3.197344
478	3.556039
479	3.731063
480	3.425362
481	3.565977
482	2.627298
483	3.467824
484	3.489700
485	3.019669
486	3.154839
487	3.712748
488	3.869755
489	3.390872
490	3.471787
491	2.910859
492	3.836901
493	3.713138
494	3.187130
495	3.730269
496	3.300012
497	3.902833
498	3.624168
499	3.399838
500	3.543294
501	3.329159
502	3.208442
503	3.340096
504	2.858268
505	3.219262
506	3.436088
507	3.248692
508	3.613891
509	3.463320
510	3.630896
511	3.862782
512	3.333031
513	3.828850
514	3.425508
515	3.247578
516	3.628511
517	3.779710
518	3.556910
519	3.575811
520	3.317379
521	3.798171
522	3.664342
523	3.303936
524	3.141114
525	3.220527
526	3.158323
527	3.620180
528	3.621988
529	3.532086
530	3.130304
531	2.905615
532	3.727600
533	3.474320
534	3.549492
535	3.394540
536	3.528824
537	3.360805
538	3.482843
539	3.669687
540	2.858600
541	3.144836
542	3.438969
543	3.333001
544	3.608738
545	3.835765
546	2.931298
547	3.688388
548	2.943553
549	3.639630
550	3.679863
551	3.117915
552	3.247675
553	3.674805
554	3.612009
555	3.453942
556	3.142627
557	3.654450
558	3.458294
559	3.496211
560	3.553518
561	3.331379
562	2.980537
563	3.521067
564	3.357830
565	3.469712
566	3.678506
567	3.428396
568	3.160884
569	3.337079
570	3.113520
571	3.210203
572	3.625658
573	3.586307
574	3.532225
575	3.526060
576	3.894626
577	3.532732
578	3.104465
579	3.305434
580	3.122533
581	3.389823
582	3.278094
583	3.467404
584	3.587214
585	3.248747
586	3.535280
587	3.426268
588	3.299288
589	3.485743
590	3.273256
591	3.760957
592	4.040458
593	3.090340
594	3.487134
595	3.541031
596	3.393052
597	4.014923
598	3.512634
599	3.404114
600	3.494581
601	3.300590
602	3.460722
603	2.840756
604	2.387908
605	1.974690
606	3.314649
607	3.528540
608	3.103982
609	3.521178
610	3.083732
611	3.281981
612	2.905271
613	3.300014
614	3.255780
615	3.572198
616	3.503770
617	3.618439
618	3.946606
619	3.553407
620	3.472262
621	3.720243
622	3.259524
623	3.784984
624	3.454071
625	3.271055
626	3.305164
627	3.236835
628	3.527109
629	3.617665
630	3.417981
631	3.180744
632	3.132925
633	3.888317
634	3.334598
635	3.362748
636	3.285040
637	3.532320
638	3.498944
639	3.809488
640	3.512177
641	3.348133
642	3.333710
643	3.501195
644	3.724890
645	3.491966
646	3.520838
647	3.342424
648	3.418845
649	3.016162
650	3.726834
651	3.712276
652	3.288190
653	3.237577
654	3.698472
655	3.507266
656	3.580113
657	3.555418
658	3.785880
659	3.460838
660	3.262912
661	3.678997
662	3.587436
663	3.299531
664	3.050394
665	3.306068
666	3.078216
667	3.692340
668	3.744383
669	3.287398
670	3.344563
671	3.385574
672	3.634679
673	3.780699
674	3.452858
675	3.640523
676	3.521276
677	3.218957
678	3.468153
679	3.484410
680	3.316069
681	3.401107
682	3.063137
683	3.257776
684	3.241019
685	2.916932
686	3.449130
687	3.988858
688	3.453737
689	3.105530
690	3.375100
691	3.587951
692	3.428043
693	3.743501
694	3.428541
695	3.107426
696	3.508632
697	3.607907
698	3.234332
699	3.358465
700	3.616363
701	3.378741
702	3.506659
703	4.201213
704	3.362707
705	3.390207
706	3.224547
707	3.308735
708	2.800378
709	3.092796
710	2.601291
711	3.439361
712	3.702448
713	3.522240
714	3.045798
715	3.557542
716	3.807701
717	2.971012
718	3.658255
719	3.385041
720	3.345043
721	3.423874
722	3.398617
723	3.600528
724	2.940511
725	3.254304
726	3.121956
727	2.627568
728	3.609360
729	3.870670
730	3.732641
731	3.490359
732	3.898010
733	3.733645
734	3.373794
735	3.553618
736	3.147665
737	3.212132
738	3.243010
739	3.610072
740	2.102404
741	3.937678
742	4.249669
743	3.478306
744	3.284294
745	3.380382
746	3.151603
747	3.359775
748	3.218478
749	3.822290
750	4.007431
751	3.550058
752	3.680705
753	3.580571
754	3.317907
755	3.780449
756	3.510753
757	3.740709
758	3.510114
759	3.206664
760	3.019437
761	3.341823
762	3.592132
763	3.531907
764	3.536465
765	3.353117
766	3.699136
767	3.673554
768	3.378060
769	3.286533
770	3.603348
771	3.535166
772	3.631434
773	4.105934
774	3.749388
775	3.585887
776	3.354967
777	2.717240
778	3.560029
779	3.635024
780	4.102645
781	3.365040
782	3.545590
783	3.542048
784	3.652862
785	3.423171
786	3.527873
787	3.330900
788	3.279114
789	3.497914
790	2.832914
791	3.655433
792	3.504853
793	2.094110
794	2.242387
795	1.971446
796	2.244236
797	3.216924
798	2.819450
799	3.577721
800	3.528539
801	3.597138
802	3.914000
803	3.800131
804	3.867157
805	3.608406
806	3.582205
807	3.259478
808	3.457933
809	3.902344
810	3.450148
811	3.740172
812	3.212367
813	3.300560
814	3.803511
815	3.599569
816	3.174524
817	2.920240
818	3.213862
819	3.757100
820	3.129313
821	3.402757
822	3.806879
823	3.609683
824	3.470720
825	3.609446
826	3.763428
827	2.099571
828	3.772121
829	3.528357
830	3.396954
831	3.283747
832	3.450579
833	2.182224
834	3.132107
835	3.231794
836	3.701965
837	3.589164
838	3.504717
839	3.503729
840	3.476223
841	3.321280
842	3.499629
843	3.274065
844	3.079164
845	3.437586
846	3.425391
847	3.610236
848	3.562752
849	3.254920
850	3.631281
851	3.226361
852	3.515574
853	3.548694
854	3.129888
855	3.784331
856	3.250591
857	3.301163
858	3.234942
859	3.440778
860	3.881521
861	3.392584
862	3.216660
863	3.813594
864	3.772148
865	3.700662
866	2.912473
867	3.428630
868	3.269893
869	3.483275
870	3.834553
871	3.276339
872	3.348642
873	3.456386
874	3.825284
875	3.849715
876	3.356575
877	3.811377
878	3.253014
879	3.325688
880	3.568810
881	3.440466
882	3.127204
883	2.858076
884	3.538205
885	3.578184
886	3.478132
887	3.432347
888	3.631832
889	4.046542
890	3.540198
891	3.344623
892	3.567479
893	3.582150
894	3.496928
895	4.154925
896	3.839869
897	3.707222
898	3.609058
899	3.011463
900	3.949519
901	3.087410
902	3.075386
903	3.183126
904	3.189187
905	3.203202
906	3.424968
907	3.060163
908	3.499199
909	3.578212
910	3.310755
911	3.637829
912	3.565922
913	3.417790
914	3.440843
915	3.258356
916	3.928703
917	3.409720
918	3.323040
919	3.292961
920	3.425828
921	3.303029
922	3.335716
923	3.649780
924	3.911968
925	3.385499
926	3.629793
927	3.472433
928	3.647794
929	3.680668
930	3.497840
931	3.295710
932	3.474982
933	3.794960
934	3.384703
935	3.850130
936	3.230649
937	3.420364
938	3.256593
939	3.061473
940	3.418098
941	3.158562
942	2.712805
943	3.498927
944	3.077352
945	3.233976
946	3.545711
947	3.439414
948	3.169542
949	3.358661
950	3.482785
951	3.496027
952	3.548632
953	3.529818
954	3.349120
955	3.627423
956	3.371869
957	3.278370
958	3.405803
959	3.404408
960	3.305827
961	3.803406
962	3.583629
963	3.380563
964	3.343815
965	3.202343
966	3.122435
967	3.329938
968	3.300713
969	3.345504
970	3.446582
971	3.255689
972	3.497521
973	3.619006
974	3.929415
975	3.332855
976	3.640136
977	3.607437
978	3.016289
979	3.435711
980	3.371616
981	3.376995
982	3.474552
983	3.321959
984	3.212553
985	3.487435
986	3.400503
987	3.777590
988	3.357438
989	3.300621
990	3.802221
991	2.194424
992	2.333364
993	2.013082
994	2.290871
995	3.019685
996	2.495979
997	2.894841
998	3.688833
999	3.123667
1000	3.718414
1001	3.265989
1002	3.267171
1003	3.635890
1004	3.518437
1005	3.224052
1006	3.263573
1007	3.206339
1008	3.043962
1009	3.114500
1010	2.888756
1011	3.031930
1012	2.815405
1013	1.859757
1014	3.579329
1015	3.621517
1016	3.396763
1017	3.446244
1018	3.456905
1019	3.528088
1020	3.361145
1021	3.596971
1022	3.448332
1023	3.371365
1024	4.130483
1025	2.996833
1026	3.183095
1027	3.559945
1028	3.318871
1029	2.309502
1030	2.168225
1031	3.052653
1032	2.400188
1033	2.700110
1034	3.296801
1035	3.371231
1036	3.670462
1037	3.341106
1038	3.688833
1039	3.526613
1040	3.092087
1041	3.451158
1042	3.422236
1043	3.326996
1044	2.546075
1045	3.107316
1046	3.630221
1047	3.362272
1048	3.520582
1049	3.584925
1050	3.338785
1051	3.360401
1052	3.256792
1053	4.088691
1054	3.660657
1055	3.211854
1056	3.604565
1057	3.208953
1058	2.766026
1059	3.276003
1060	3.604569
1061	3.259112
1062	3.242791
1063	3.299589
1064	4.082658
1065	3.340060
1066	3.361503
1067	3.301075
1068	3.474062
1069	3.530907
1070	3.643035
1071	3.364819
1072	3.421813
1073	3.461256
1074	3.605608
1075	3.228204
1076	3.531432
1077	3.453143
1078	3.398514
1079	3.393611
1080	3.176460
1081	3.456385
1082	3.367625
1083	3.702581
1084	3.496255
1085	3.531996
1086	3.355561
1087	3.872221
1088	3.402248
1089	3.557162
1090	3.586894
1091	3.229272
1092	3.460260
1093	3.638160
1094	3.156533
1095	2.405846
1096	3.634392
1097	3.468083
1098	3.874673
1099	3.174351
1100	3.559114
1101	3.482024
1102	3.514171
1103	4.025781
1104	3.783493
1105	3.319894
1106	3.779008
1107	3.706034
1108	3.245440
1109	3.534898
1110	3.287081
1111	3.079039
1112	3.352225
1113	3.512576
1114	3.222002
1115	3.361858
1116	3.489155
1117	3.359553
1118	3.697839
1119	3.336975
1120	3.533668
1121	3.680543
1122	3.653381
1123	3.395893
1124	3.493839
1125	3.487463
1126	3.784575
1127	3.816660
1128	3.118222
1129	3.488093
1130	3.436307
1131	3.810827
1132	3.384095
1133	3.430831
1134	3.506495
1135	3.417105
1136	2.934808
1137	3.680460
1138	3.053966
1139	3.466668
1140	3.081007
1141	3.717647
1142	3.433088
1143	3.078212
1144	3.425436
1145	3.016505
1146	3.348581
1147	3.253259
1148	3.514570
1149	3.319111
1150	3.525918
1151	3.833876
1152	2.569086
1153	2.164256
1154	3.397851
1155	3.538417
1156	3.522357
1157	3.346611
1158	3.736361
1159	3.198890
1160	3.425974
1161	3.415391
1162	3.803301
1163	3.347044
1164	3.672749
1165	3.861450
1166	3.385496
1167	2.952371
1168	3.645656
1169	3.813934
1170	3.395688
1171	3.871873
1172	3.108215
1173	3.373040
1174	3.490702
1175	3.612548
1176	3.429140
1177	3.253629
1178	3.414702
1179	3.351582
1180	3.451725
1181	3.373929
1182	3.064163
1183	3.346716
1184	3.711886
1185	3.226593
1186	3.219906
1187	3.541595
1188	3.544813
1189	3.617486
1190	2.932200
1191	3.469541
1192	3.178066
1193	3.388157
1194	3.524600
1195	3.195277
1196	3.430583
1197	3.290501
1198	3.391195
1199	3.444969
1200	3.400719
1201	3.343591
1202	3.321009
1203	3.693320
1204	3.207071
1205	3.033364
1206	3.900217
1207	3.476362
1208	3.056616
1209	3.480131
1210	3.651206
1211	3.449957
1212	3.375338
1213	3.571932
1214	3.359895
1215	2.995095
1216	4.023233
1217	3.799383
1218	3.478348
1219	3.643269
1220	3.418977
1221	3.427083
1222	3.406978
1223	3.202093
1224	3.148476
1225	3.685349
1226	3.304904
1227	3.623589
1228	3.423946
1229	3.567254
1230	3.214170
1231	3.261135
1232	3.967784
1233	3.147524
1234	3.110016
1235	3.503869
1236	3.730523
1237	3.079446
1238	3.538489
1239	3.231609
1240	3.410000
1241	3.294405
1242	3.443750
1243	3.153235
1244	3.346430
1245	3.447130
1246	3.298438
1247	2.974525
1248	3.676261
1249	3.385041
1250	2.908899
1251	3.927609
1252	3.834840
1253	3.544940
1254	3.720364
1255	3.013009
1256	2.976979
1257	3.154459
1258	3.641510
1259	3.045340
1260	3.395424
1261	3.288892
1262	3.718709
1263	2.864911
1264	3.570278
1265	3.856940
1266	3.971926
1267	3.384981
1268	3.079124
1269	3.484509
1270	3.152558
1271	3.120155
1272	3.383652
1273	3.642852
1274	3.654709
1275	3.766084
1276	3.244580
1277	3.775726
1278	3.446638
1279	3.305071
1280	3.316670
1281	3.498485
1282	3.284163
1283	2.060946
1284	2.397209
1285	3.401601
1286	3.021886
1287	3.250044
1288	3.016948
1289	3.712816
1290	3.547448
1291	3.196403
1292	3.068730
1293	3.603470
1294	3.619652
1295	3.662527
1296	3.620346
1297	2.987526
1298	3.569874
1299	3.087217
1300	2.772741
1301	3.380708
1302	3.453317
1303	3.543458
1304	3.382143
1305	3.273241
1306	3.136065
1307	3.345383
1308	3.324470
1309	3.191815
1310	3.269403
1311	3.308100
1312	3.971059
1313	3.194713
1314	3.512322
1315	3.424909
1316	3.471398
1317	3.410413
1318	3.172836
1319	3.571622
1320	3.384805
1321	3.737634
1322	3.148987
1323	3.237669
1324	2.016115
1325	3.542062
1326	3.267554
1327	3.340614
1328	3.474276
1329	3.012125
1330	3.480302
1331	3.188887
1332	3.714216
1333	3.237067
1334	3.291519
1335	3.291214
1336	3.424585
1337	2.020643
1338	3.610721
1339	3.060587
1340	3.303241
1341	3.304376
1342	3.086648
1343	3.004180
1344	3.208645
1345	3.488352
1346	3.505566
1347	3.112427
1348	3.728861
1349	3.303543
1350	3.516959
1351	3.578938
1352	3.593480
1353	3.706494
1354	3.359375
1355	3.463250
1356	3.473874
1357	3.396248
1358	3.612769
1359	3.688767
1360	3.227292
1361	3.896793
1362	3.303183
1363	3.154884
1364	4.090690
1365	3.256685
1366	3.814783
1367	3.449277
1368	4.061903
1369	3.792427
1370	3.824161
1371	3.436175
1372	3.601608
1373	3.417439
1374	3.617929
1375	3.966663
1376	3.651368
1377	2.951371
1378	3.856904
1379	3.195345
1380	3.631280
1381	3.697797
1382	3.343802
1383	3.367462
1384	3.791278
1385	3.422003
1386	3.681780
1387	3.196826
1388	3.464191
1389	3.380028
1390	3.290519
1391	3.531641
1392	3.321280
1393	3.385427
1394	3.449724
1395	3.962276
1396	3.632329
1397	3.492579
1398	3.499969
1399	3.314376
1400	3.115443
1401	2.768627
1402	3.896937
1403	3.613601
1404	3.178443
1405	3.213860
1406	3.423564
1407	3.373868
1408	3.554224
1409	3.274998
1410	3.342819
1411	3.314182
1412	3.390424
1413	3.296210
1414	3.046276
1415	3.477137
1416	3.479452
1417	3.680082
1418	3.814458
1419	3.989289
1420	3.398032
1421	3.804429
1422	3.379972
1423	3.230060
1424	3.504769
1425	3.440971
1426	3.068044
1427	3.037313
1428	3.425507
1429	3.057467
1430	2.772832
1431	2.982934
1432	3.221243
1433	3.151603
1434	3.658648
1435	3.263219
1436	3.298682
1437	3.595859
1438	3.866328
1439	4.061812
1440	3.489254
1441	3.278506
1442	3.663018
1443	3.654776
1444	3.270377
1445	3.204564
1446	3.308400
1447	3.061059
1448	3.575741
1449	3.372657
1450	3.744042
1451	3.283418
1452	3.749454
1453	3.437443
1454	3.550587
1455	2.518666
1456	3.230571
1457	3.619970
1458	3.383343
1459	3.276262
1460	3.767137
1461	3.339113
1462	3.573136
1463	3.496754
1464	3.236077
1465	3.377248
1466	3.028147
1467	4.381198
1468	3.213628
1469	3.890464
1470	3.494011
1471	3.444499
1472	3.420540
1473	3.522585
1474	3.715996
1475	3.476984
1476	3.546633
1477	2.891812
1478	1.979544
1479	3.049319
1480	2.376302
1481	3.716460
1482	3.296499
1483	3.490615
1484	3.400023
1485	3.573150
1486	3.010946
1487	2.986925
1488	3.608488
1489	3.260644
1490	2.873341
1491	2.995681
1492	3.441436
1493	3.474149
1494	3.264767
1495	3.297910
1496	3.048703
1497	3.506862
1498	3.537751
1499	3.447567
1500	3.804748
1501	3.239461
1502	3.169167
1503	3.276491
1504	3.241556
1505	3.653574
1506	3.408079
1507	3.597450
1508	3.876712
1509	3.339073
1510	3.266360
1511	3.483262
1512	3.426751
1513	3.339100
1514	3.692860
1515	3.295113
1516	3.470883
1517	3.597900
1518	2.700336
1519	3.453198
1520	3.208396
1521	3.679327
1522	3.339296
