0	1.951691
1	3.327054
2	3.006942
3	2.908227
4	3.966531
5	3.000301
6	3.239770
7	3.151967
8	3.654410
9	3.320871
10	3.452202
11	3.882746
12	3.503340
13	3.274796
14	2.947304
15	3.382454
16	3.633882
17	3.388995
18	3.626623
19	3.238104
20	3.644667
21	3.679960
22	3.375234
23	3.667440
24	3.536820
25	3.771326
26	3.471156
27	3.294765
28	3.579007
29	3.461185
30	3.176964
31	3.293767
32	3.235274
33	3.299258
34	3.352986
35	3.549579
36	4.051541
37	3.461125
38	3.361978
39	3.434309
40	3.552659
41	2.704238
42	3.587842
43	3.520468
44	3.367818
45	3.467130
46	3.387080
47	3.553224
48	3.537315
49	3.465691
50	3.851767
51	3.302846
52	3.381570
53	3.247661
54	3.757711
55	3.664358
56	2.880972
57	3.343428
58	3.659906
59	3.656968
60	3.647645
61	3.278553
62	3.741267
63	3.535956
64	3.413197
65	3.670071
66	3.472004
67	3.090856
68	3.265638
69	3.607466
70	3.490759
71	3.724095
72	3.799224
73	3.367183
74	3.705457
75	4.408047
76	3.489296
77	3.538516
78	3.475945
79	3.433308
80	3.351684
81	3.464493
82	3.432199
83	3.458379
84	3.303257
85	3.435257
86	3.342543
87	3.629395
88	3.655326
89	3.240447
90	3.672426
91	3.717016
92	4.095703
93	3.503627
94	3.663672
95	3.174805
96	2.720185
97	3.237622
98	3.548420
99	2.979798
100	3.492120
101	3.529504
102	3.805471
103	3.330164
104	2.862970
105	3.129905
106	3.206275
107	3.761928
108	3.615768
109	3.728607
110	3.532901
111	2.972508
112	3.541761
113	3.172004
114	3.102531
115	3.083328
116	3.461226
117	3.184101
118	3.214251
119	3.582750
120	3.355906
121	3.836782
122	3.633044
123	3.208255
124	3.398721
125	3.474376
126	3.573542
127	3.558792
128	3.347732
129	3.354234
130	3.202392
131	3.268639
132	3.348717
133	3.646629
134	3.632975
135	3.119648
136	3.267138
137	3.763720
138	2.905771
139	3.413709
140	3.273362
141	2.956282
142	3.065289
143	3.628414
144	3.693157
145	2.985633
146	3.686110
147	3.476248
148	3.123475
149	3.146648
150	3.562217
151	3.310120
152	3.340118
153	3.456196
154	3.390294
155	3.210032
156	3.897703
157	3.851038
158	3.492935
159	3.199921
160	3.285605
161	3.327866
162	3.357454
163	3.408005
164	3.499841
165	3.264123
166	3.121952
167	3.535760
168	3.598626
169	3.604956
170	3.425989
171	3.181903
172	3.194152
173	3.257084
174	3.528766
175	3.676602
176	3.238643
177	3.822562
178	3.071889
179	3.343216
180	3.552760
181	3.561756
182	4.093765
183	3.772757
184	3.624927
185	3.926666
186	3.384406
187	3.322648
188	3.351731
189	3.492220
190	3.528667
191	3.420659
192	3.564224
193	3.365976
194	3.202968
195	3.845374
196	3.645889
197	3.196044
198	3.364920
199	3.539648
200	3.243117
201	3.758056
202	3.844490
203	3.188998
204	3.436873
205	3.818494
206	3.149394
207	3.658210
208	3.160841
209	4.075464
210	3.537486
211	3.640672
212	3.756181
213	3.754915
214	3.283990
215	3.600334
216	3.661502
217	3.992230
218	3.285513
219	3.754318
220	3.298195
221	3.456097
222	3.568612
223	3.484379
224	3.179148
225	2.985263
226	3.080159
227	3.359658
228	3.266128
229	3.243597
230	3.092798
231	3.398913
232	3.556639
233	3.502041
234	3.689620
235	3.769389
236	3.546292
237	3.407238
238	3.010485
239	3.306325
240	3.162354
241	3.381522
242	3.373633
243	3.323535
244	3.611564
245	3.651081
246	3.727120
247	3.328980
248	3.958901
249	3.480891
250	3.593941
251	3.189449
252	3.624373
253	3.293889
254	3.049148
255	3.255549
256	3.761462
257	3.157104
258	3.344503
259	3.293177
260	3.925305
261	4.001124
262	3.343683
263	3.859885
264	3.346430
265	3.292582
266	3.476923
267	3.433963
268	3.207149
269	3.609143
270	3.192289
271	3.464823
272	3.715061
273	3.342665
274	3.497099
275	3.348073
276	3.310075
277	3.071239
278	3.419358
279	3.475139
280	3.761517
281	3.463003
282	3.464622
283	3.547536
284	3.577768
285	3.993460
286	3.490285
287	3.452968
288	3.387522
289	3.551491
290	3.492806
291	3.545448
292	3.506366
293	4.370274
294	3.354416
295	3.757792
296	2.664846
297	3.540976
298	3.935252
299	3.507607
300	4.018284
301	3.968739
302	3.271529
303	3.652367
304	3.881147
305	3.293174
306	3.150128
307	3.097063
308	3.464303
309	3.523025
310	3.465690
311	3.710067
312	3.649794
313	3.466831
314	3.287142
315	3.425129
316	3.580028
317	3.329234
318	3.562712
319	3.277101
320	3.518893
321	3.493678
322	3.885088
323	3.509843
324	3.515509
325	3.313700
326	3.652805
327	3.754756
328	3.721949
329	3.476176
330	3.371468
331	3.673406
332	3.787003
333	3.675445
334	3.995110
335	3.170017
336	3.798605
337	3.343934
338	3.265532
339	3.258358
340	3.231036
341	3.380443
342	3.487491
343	3.765535
344	3.099048
345	3.478476
346	3.535549
347	3.124579
348	3.557570
349	3.228996
350	3.342020
351	3.347684
352	3.994558
353	3.010083
354	3.515977
355	3.609903
356	3.511139
357	3.216162
358	3.713825
359	3.712437
360	4.038676
361	3.222297
362	3.280093
363	3.667943
364	3.768102
365	3.574590
366	3.577219
367	4.035417
368	3.266588
369	3.834265
370	3.581746
371	3.755875
372	3.296802
373	3.560379
374	3.758377
375	3.585024
376	3.776586
377	1.971547
378	3.405966
379	3.199265
380	3.434036
381	4.101327
382	4.057648
383	3.436770
384	3.470836
385	3.465531
386	3.641441
387	3.605231
388	3.881626
389	3.346849
390	3.779338
391	3.633977
392	3.191239
393	3.570071
394	3.499171
395	3.705278
396	3.607616
397	3.004347
398	3.711199
399	3.465098
400	3.889603
401	3.336780
402	3.705101
403	3.207911
404	3.487606
405	3.539207
406	3.361281
407	3.135747
408	3.135157
409	3.480890
410	3.562749
411	3.360996
412	3.665474
413	3.302969
414	3.075533
415	3.408942
416	2.967119
417	3.780925
418	3.549169
419	3.706169
420	3.540239
421	3.541892
422	2.934687
423	3.617030
424	3.881146
425	3.250815
426	3.510925
427	3.190673
428	3.270030
429	3.186693
430	3.779708
431	3.462672
432	3.488957
433	3.286732
434	3.631225
435	3.844591
436	3.531075
437	3.300560
438	3.065563
439	3.321973
440	3.156835
441	3.438096
442	3.250355
443	3.443209
444	3.626676
445	3.372315
446	3.508588
447	3.324966
448	3.775856
449	3.197705
450	3.276264
451	3.605344
452	3.744078
453	3.754546
454	3.619460
455	3.998325
456	3.494696
457	3.642898
458	3.379378
459	3.374137
460	3.249984
461	3.291701
462	3.447159
463	3.966573
464	3.925381
465	3.551408
466	3.901514
467	3.312959
468	3.834279
469	3.485070
470	3.120643
471	3.669004
472	4.274704
473	3.326474
474	3.484854
475	3.585233
476	3.502798
477	3.391357
478	3.522227
479	3.952494
480	4.033136
481	3.473011
482	3.284599
483	3.410118
484	3.695200
485	3.326080
486	3.251215
487	3.479900
488	3.234825
489	3.221383
490	2.784565
491	3.674669
492	3.809121
493	3.667779
494	3.251813
495	3.440036
496	3.512810
497	3.518776
498	3.872120
499	3.754613
500	3.405424
501	3.642567
502	3.406775
503	3.366481
504	3.742154
505	3.626695
506	3.829908
507	3.783594
508	3.846567
509	3.466427
510	3.863703
511	3.373754
512	2.886002
513	3.589692
514	3.509615
515	3.716409
516	3.400837
517	3.204560
518	4.121664
519	3.600124
520	3.145441
521	2.956570
522	3.634638
523	3.894573
524	3.651108
525	3.370741
526	3.555079
527	3.508762
528	3.627299
529	3.553407
530	3.622221
531	3.455140
532	3.565753
533	3.341992
534	3.585794
535	3.218522
536	3.648630
537	3.209610
538	3.465374
539	3.286731
540	3.846697
541	2.912113
542	3.627176
543	3.885629
544	3.555307
545	3.311709
546	4.432189
547	3.317756
548	3.529802
549	3.297348
550	3.197010
551	3.271178
552	3.243116
553	3.655927
554	3.524783
555	2.955505
556	3.701203
557	3.450130
558	4.122246
559	3.099449
560	3.462731
561	3.276264
562	3.671363
563	3.192242
564	3.498986
565	3.382322
566	3.303770
567	3.650727
568	3.047460
569	3.403895
570	3.246246
571	3.127589
572	3.314258
573	3.346895
574	3.475903
575	3.483332
576	3.473816
577	3.780753
578	2.991888
579	2.971228
580	3.529252
581	3.139727
582	3.566860
583	3.414454
584	3.185124
585	3.096756
586	3.166716
587	3.376938
588	3.464824
589	3.094271
590	3.391077
591	3.478536
592	3.204152
593	3.550183
594	3.772493
595	3.135236
596	3.244208
597	3.592811
598	3.314001
599	3.282940
600	3.158306
601	3.318344
602	3.426179
603	3.087492
604	2.503376
605	3.029011
606	3.337605
607	3.738598
608	3.316293
609	3.296105
610	3.407213
611	3.299864
612	3.556965
613	3.202265
614	3.350076
615	3.468804
616	3.128928
617	3.602692
618	3.698243
619	3.141546
620	2.828056
621	3.234888
622	3.435069
623	3.267187
624	3.435783
625	3.411744
626	3.534148
627	3.496884
628	3.499544
629	3.330960
630	3.744141
631	3.462339
632	3.036330
633	3.298500
634	3.600375
635	3.680408
636	3.158909
637	3.453491
638	3.764956
639	3.580586
640	3.636495
641	3.387464
642	3.851416
643	3.490173
644	3.587619
645	3.094789
646	3.300245
647	3.502371
648	2.854346
649	3.386179
650	3.255687
651	3.743449
652	3.638486
653	3.390737
654	3.373630
655	3.403720
656	3.382839
657	3.264201
658	3.020761
659	3.881970
660	3.567144
661	3.403262
662	3.426880
663	3.515407
664	3.529845
665	3.493052
666	3.282513
667	3.326787
668	3.782180
669	3.654776
670	3.351372
671	3.353880
672	2.305426
673	3.530002
674	3.323702
675	3.424937
676	3.087023
677	3.765168
678	3.737634
679	3.388967
680	3.581926
681	3.825871
682	3.162341
683	3.546381
684	3.504197
685	3.386163
686	3.921962
687	3.114786
688	3.435184
689	3.570338
690	3.356636
691	3.407727
692	3.053344
693	3.341647
694	3.370831
695	3.206464
696	3.392064
697	3.501270
698	3.273927
699	3.134871
700	3.107540
701	3.467043
702	3.424471
703	3.516489
704	3.288177
705	3.144233
706	3.343668
707	2.758354
708	3.412420
709	3.118381
710	2.662049
711	2.673351
712	1.987991
713	3.371781
714	3.614486
715	3.387211
716	3.199092
717	3.627630
718	3.423843
719	3.213320
720	3.091419
721	3.363701
722	2.920959
723	3.331830
724	3.319534
725	3.147843
726	2.887507
727	3.547223
728	3.745752
729	3.480134
730	3.252833
731	3.222746
732	3.744217
733	3.633040
734	2.704697
735	3.259848
736	3.207320
737	3.240341
738	3.325990
739	3.249831
740	3.158576
741	3.298573
742	3.176302
743	3.364193
744	3.907380
745	3.526090
746	3.344862
747	3.330299
748	3.483748
749	3.637717
750	4.185094
751	3.101130
752	3.154762
753	3.327236
754	3.412173
755	3.435013
756	3.498940
757	3.221818
758	3.423419
759	3.855880
760	3.018956
761	3.336134
762	3.602570
763	3.361277
764	3.182167
765	3.365251
766	2.020769
767	3.433919
768	2.971215
769	3.246551
770	3.581480
771	3.777166
772	3.389987
773	3.251754
774	3.189202
775	3.348460
776	3.336375
777	3.671361
778	3.153045
779	3.478983
780	3.748549
781	3.154506
782	3.431427
783	3.199763
784	3.113020
785	3.216676
786	3.311525
787	3.324426
788	2.745904
789	3.230679
790	3.568879
791	3.293796
792	3.237358
793	3.171828
794	3.278597
795	3.185733
796	3.335101
797	3.457949
798	3.350240
799	3.668911
800	3.435782
801	3.755450
802	3.956932
803	2.814143
804	3.049819
805	3.671525
806	3.325088
807	2.998848
808	3.556306
809	3.710340
810	3.541101
811	3.405892
812	3.523291
813	4.001211
814	3.435229
815	3.114773
816	3.571850
817	3.448028
818	3.087668
819	3.645834
820	3.291852
821	3.471904
822	3.484754
823	3.304088
824	3.234287
825	3.189075
826	3.280015
827	3.481565
828	3.278629
829	3.106544
830	3.482902
831	3.333404
832	3.228837
833	3.151983
834	3.594615
835	3.370549
836	3.396443
837	3.409088
838	2.866936
839	3.311962
840	3.505839
841	3.268715
842	3.568890
843	3.741419
844	3.333558
845	3.325613
846	3.218073
847	3.202715
848	3.034815
849	3.365267
850	3.585207
851	3.480503
852	3.264856
853	3.347790
854	3.120868
855	3.602072
856	2.970690
857	3.196276
858	2.971616
859	3.023659
860	2.692081
861	3.741741
862	3.690650
863	3.380565
864	3.454169
865	3.121299
866	3.535108
867	3.006678
868	2.460306
869	3.117774
870	2.071592
871	3.555912
872	3.380914
873	3.539336
874	3.244335
875	3.228762
876	3.458281
877	3.626763
878	3.337322
879	3.323042
880	3.374166
881	3.351628
882	3.256058
883	3.032672
884	3.414395
885	3.517158
886	3.276965
887	3.416036
888	3.153979
889	3.069460
890	3.257003
891	3.432214
892	3.379898
893	3.537022
894	3.527056
895	3.518837
896	3.510851
897	3.111752
898	3.556977
899	3.536805
900	3.622490
901	2.655000
902	3.196087
903	3.364554
904	3.504784
905	3.347327
906	3.289210
907	2.745234
908	3.402792
909	3.385438
910	3.750946
911	2.911528
912	3.727789
913	3.753184
914	3.319245
915	3.165519
916	3.412536
917	3.137577
918	3.496409
919	3.176479
920	3.243082
921	3.478520
922	3.793491
923	3.495152
924	3.733696
925	3.719546
926	3.150654
927	3.627491
928	3.149428
929	3.228447
930	3.573600
931	3.575263
932	3.419839
933	3.668503
934	3.466829
935	3.560633
936	3.443677
937	3.115141
938	3.721479
939	3.357755
940	3.392963
941	3.148031
942	3.788432
943	2.953594
944	3.200217
945	3.033018
946	3.653122
947	3.497328
948	3.380916
949	2.936407
950	3.599903
951	3.283109
952	3.493968
953	3.668611
954	3.566090
955	3.306490
956	2.728005
957	3.291353
958	3.371201
959	2.963411
960	3.077090
961	3.865243
962	3.545997
963	3.493278
964	3.444371
965	3.453044
966	2.294734
967	3.725547
968	3.668583
969	3.173815
970	3.587508
971	3.245982
972	3.555586
973	3.262055
974	3.372863
975	3.354310
976	3.160302
977	2.973564
978	3.460188
979	3.349345
980	3.266699
981	2.970423
982	3.714418
983	3.577235
984	3.706872
985	3.456472
986	2.951576
987	3.032671
988	3.410647
989	3.071449
990	3.599446
991	3.551067
992	3.001682
993	3.648041
994	3.333540
995	3.424120
996	3.381138
997	3.083764
998	3.452642
999	3.471901
1000	4.063378
1001	3.025838
1002	3.643529
1003	3.272874
1004	3.559072
1005	3.590459
1006	3.400132
1007	3.271714
1008	3.483490
1009	3.622059
1010	3.680990
1011	3.446895
1012	3.590391
1013	3.336555
1014	3.487548
1015	3.471973
1016	2.987492
1017	3.000182
1018	2.031600
1019	3.451057
1020	3.554574
1021	3.665680
1022	3.833485
1023	3.373915
1024	3.012342
1025	3.373010
1026	3.693035
1027	3.493107
1028	3.488667
1029	3.657242
1030	1.940876
1031	3.046736
1032	2.664695
1033	3.222189
1034	3.537994
1035	3.563861
1036	3.228994
1037	3.360848
1038	3.162676
1039	3.272877
1040	3.544974
1041	2.919144
1042	3.647767
1043	3.334877
1044	3.613600
1045	3.528951
1046	3.414806
1047	3.853543
1048	3.223042
1049	2.228787
1050	3.304859
1051	3.423931
1052	3.584424
1053	3.483733
1054	2.979563
1055	3.230991
1056	3.603124
1057	3.632809
1058	3.218105
1059	3.392771
1060	3.529037
1061	2.645770
1062	2.971094
1063	3.452767
1064	3.275576
1065	3.828224
1066	3.033695
1067	3.552647
1068	3.781455
1069	3.431633
1070	3.313684
1071	3.311314
1072	3.161344
1073	2.989816
1074	3.279892
1075	2.856450
1076	3.504982
1077	2.948033
1078	2.931313
1079	3.322469
1080	2.959003
1081	3.582624
1082	3.266221
1083	2.956788
1084	3.533992
1085	3.102917
1086	2.001149
1087	3.545533
1088	3.379793
1089	3.115927
1090	2.961321
1091	3.978869
1092	3.345508
1093	3.416709
1094	3.407067
1095	3.203388
1096	3.795274
1097	3.499871
1098	3.284768
1099	3.833223
1100	3.893456
1101	3.286982
1102	3.122293
1103	3.574212
1104	3.542486
1105	3.604733
1106	3.082629
1107	3.308429
1108	3.248498
1109	3.257115
1110	3.282360
1111	3.553382
1112	3.529790
1113	3.230295
1114	3.505186
1115	3.340614
1116	3.588923
1117	3.503804
1118	2.887341
1119	3.046399
1120	3.605028
1121	3.563330
1122	3.361859
1123	3.131549
1124	3.219612
1125	3.717920
1126	3.378160
1127	3.306615
1128	3.220480
1129	2.819864
1130	3.166844
1131	3.753758
1132	3.491132
1133	3.689350
1134	2.936426
1135	3.641003
1136	3.510114
1137	3.029868
1138	3.229163
1139	3.418113
1140	3.166386
1141	3.359732
1142	3.454823
1143	3.356948
1144	3.062238
1145	3.650384
1146	3.286594
1147	4.046690
1148	3.473759
1149	3.011661
1150	3.627713
1151	3.383401
1152	3.288555
1153	3.400264
1154	3.399322
1155	3.025063
1156	3.785723
1157	3.106590
1158	3.451912
1159	3.480718
1160	4.148746
1161	3.516063
1162	3.606481
1163	3.356383
1164	3.008272
1165	3.341497
1166	3.291215
1167	3.072508
1168	3.331472
1169	3.549212
1170	3.552042
1171	3.804353
1172	3.194323
1173	3.125139
1174	3.641908
1175	3.578170
1176	2.551980
1177	3.710930
1178	3.608402
1179	3.525716
1180	3.894958
1181	3.447747
1182	3.371483
1183	2.999967
1184	3.181729
1185	3.293661
1186	3.759694
1187	3.265715
1188	3.321836
1189	3.124836
1190	3.688971
1191	3.300030
1192	3.535704
1193	3.866601
1194	3.609156
1195	3.156280
1196	3.193697
1197	2.923166
1198	3.187146
1199	3.530226
1200	3.220808
1201	2.918098
1202	3.269158
1203	3.527875
1204	3.463018
1205	3.402441
1206	3.424282
1207	3.184038
1208	3.299531
1209	3.368278
1210	3.531232
1211	3.700176
1212	3.624363
1213	3.286107
1214	3.419650
1215	3.396970
1216	3.110755
1217	3.645999
1218	3.336794
1219	3.215353
1220	3.412873
1221	3.475601
1222	3.447564
1223	3.468976
1224	2.957330
1225	3.274172
1226	3.774784
1227	3.136176
1228	3.601041
1229	3.313745
1230	3.328227
1231	3.477587
1232	3.151857
1233	3.160159
1234	3.592632
1235	3.409134
1236	3.344893
1237	2.992675
1238	2.824606
1239	3.721411
1240	3.075287
1241	1.751485
1242	3.033447
1243	3.446085
1244	3.274050
1245	4.172327
1246	3.385588
1247	3.091164
1248	3.056698
1249	3.534600
1250	3.714485
1251	3.786437
1252	3.201561
1253	3.645902
1254	3.634294
1255	3.816242
1256	3.426076
1257	3.352745
1258	3.523875
1259	3.486748
1260	3.808333
1261	3.524555
1262	3.337455
1263	2.854086
1264	3.671976
1265	3.860890
1266	3.763269
1267	3.266374
1268	3.365264
1269	3.153537
1270	3.451637
1271	3.169164
1272	3.300575
1273	3.550226
1274	3.275178
1275	3.346834
1276	3.232662
1277	3.410059
1278	3.474133
1279	3.506151
1280	3.426776
1281	3.699864
1282	3.591226
1283	3.048952
1284	3.689255
1285	3.565767
1286	3.575654
1287	3.735051
1288	3.376979
1289	3.195278
1290	3.509786
1291	3.581202
1292	3.852312
1293	3.493336
1294	3.289392
1295	3.743061
1296	3.425158
1297	3.636565
1298	2.854243
1299	3.581773
1300	3.010082
1301	2.164694
1302	2.110095
1303	3.468530
1304	3.626265
1305	3.372166
1306	3.467636
1307	3.466727
1308	3.585708
1309	3.740428
1310	3.585890
1311	3.231888
1312	3.629187
1313	3.643445
1314	3.600291
1315	3.616148
1316	3.455087
1317	3.343275
1318	3.040575
1319	3.749020
1320	3.609277
1321	3.404488
1322	3.601439
1323	3.585721
1324	3.375456
1325	3.296695
1326	3.456359
1327	3.586210
1328	3.456950
1329	3.396264
1330	3.860144
1331	3.428183
1332	3.003515
1333	3.683653
1334	3.762818
1335	3.304224
1336	3.800922
1337	3.553998
1338	3.787848
1339	3.729424
1340	3.389528
1341	3.415934
1342	3.636000
1343	3.606107
1344	3.124692
1345	3.347686
1346	2.750674
1347	3.607797
1348	3.037730
1349	3.536678
1350	3.668092
1351	3.419871
1352	3.031221
1353	3.120594
1354	3.277044
1355	3.729263
1356	3.271819
1357	3.494481
1358	3.310196
1359	3.493237
1360	3.399618
1361	3.637718
1362	3.518595
1363	3.515807
1364	3.639519
1365	3.319336
1366	3.485928
1367	3.501842
1368	3.766629
1369	3.298925
1370	3.348881
1371	3.327898
1372	3.500771
1373	3.326590
1374	3.480660
1375	3.596304
1376	3.544306
1377	3.395689
1378	3.564127
1379	3.470360
1380	3.181666
1381	3.919605
1382	2.870279
1383	2.986001
1384	3.352252
1385	3.394908
1386	3.486001
1387	3.575766
1388	3.664233
1389	3.040411
1390	2.831890
1391	3.355026
1392	3.646505
1393	3.496770
1394	3.362261
1395	3.315035
1396	3.481178
1397	3.420366
1398	3.679307
1399	3.087212
1400	3.298333
1401	3.606231
1402	3.196374
1403	3.430043
1404	3.338577
1405	3.603456
1406	3.101242
1407	3.585582
1408	3.450956
1409	3.341406
1410	3.317681
1411	3.316715
1412	3.127315
1413	2.801248
1414	2.977615
1415	3.235800
1416	3.612879
1417	3.680952
1418	3.707141
1419	3.066806
1420	3.393008
1421	3.492075
1422	3.253182
1423	3.647480
1424	3.041546
1425	3.414030
1426	3.188825
1427	3.792625
1428	3.195199
1429	3.593493
1430	3.509398
1431	3.255917
1432	3.192209
1433	3.346297
1434	3.497099
1435	2.833620
1436	3.263281
1437	3.199093
1438	3.312613
1439	3.314152
1440	3.085515
1441	2.964270
1442	3.055045
1443	3.721518
1444	3.462903
1445	3.419547
1446	3.306644
1447	3.140780
1448	3.111543
1449	3.203388
1450	3.565347
1451	3.044831
1452	2.994177
1453	2.615511
1454	3.036610
1455	3.148222
1456	3.182797
1457	2.585053
1458	3.177499
1459	3.420732
1460	3.336240
1461	3.366140
1462	3.254459
1463	3.357589
1464	3.503955
1465	2.943604
1466	3.274691
1467	3.153046
1468	3.012275
1469	3.284037
1470	3.097277
1471	3.711671
1472	3.215385
1473	3.150185
1474	2.688959
1475	3.146656
1476	2.847979
1477	3.017756
1478	3.303292
1479	3.006693
1480	3.564183
1481	3.356144
1482	3.140016
1483	3.242545
1484	2.900362
1485	3.528016
1486	2.954206
1487	3.130335
1488	2.002548
1489	3.372877
1490	3.230070
1491	3.502803
1492	2.866263
1493	3.702192
1494	3.744489
1495	3.328273
1496	3.607686
1497	3.897346
1498	3.727170
1499	3.216302
1500	3.486445
1501	3.289122
1502	3.829373
1503	3.546886
1504	3.388613
1505	3.586837
1506	2.968181
1507	3.243224
1508	3.190314
1509	3.296498
1510	3.191645
1511	3.931144
1512	3.406964
1513	3.287947
1514	3.576716
1515	3.339551
1516	3.195622
1517	2.764435
1518	3.498085
1519	3.518494
1520	4.084911
1521	1.973627
1522	2.665445
1523	3.644242
1524	3.110965
1525	3.438750
1526	3.028795
1527	3.037845
1528	3.429868
1529	3.421841
1530	3.566595
1531	3.310786
1532	3.096885
1533	2.744340
1534	3.051197
1535	3.422529
1536	3.605745
1537	3.460361
1538	3.244102
1539	3.320256
1540	3.265899
1541	3.688807
1542	3.649438
1543	3.319638
1544	3.372862
1545	3.755169
1546	3.262729
1547	2.978724
1548	3.064344
1549	3.397852
1550	3.108472
1551	3.697581
1552	3.085596
1553	3.137913
1554	2.974189
1555	3.182231
1556	3.527776
1557	3.455590
1558	3.512535
1559	3.906162
1560	3.366156
1561	3.129553
1562	3.269588
1563	3.424005
