0	1.824005
1	2.003449
2	1.922107
3	1.867701
4	1.757981
5	1.788240
6	1.653058
7	1.787317
8	2.138482
9	1.819065
10	1.753711
11	1.728061
12	2.141987
13	1.907196
14	1.863677
15	1.887248
16	2.003025
17	1.877495
18	1.795160
19	1.985068
20	1.791454
21	1.942007
22	1.844832
23	1.777723
24	1.781319
25	1.733698
26	1.946842
27	2.018764
28	1.741553
29	1.871338
30	1.800719
31	1.970453
32	1.859732
33	1.771328
34	1.872966
35	1.696259
36	2.192670
37	1.775755
38	1.993111
39	1.869975
40	1.850353
41	1.857687
42	1.892934
43	1.994214
44	2.098617
45	1.921381
46	1.707571
47	1.773189
48	1.832485
49	1.994318
50	1.871364
51	1.858115
52	1.861826
53	1.928991
54	1.760282
55	1.785525
56	1.835862
57	1.894043
58	1.747483
59	1.821291
60	1.837119
61	1.903602
62	2.148627
63	1.707332
64	2.035337
65	1.916455
66	1.834150
67	1.871845
68	1.878883
69	1.710379
70	2.324950
71	1.642223
72	2.190846
73	1.925432
74	1.930336
75	1.852672
76	2.084082
77	1.728988
78	1.675857
79	1.888992
80	1.980053
81	1.943733
82	1.694962
83	1.789891
84	1.737497
85	1.889181
86	1.853296
87	1.782723
88	1.808202
89	2.240757
90	1.701532
91	1.931968
92	1.741781
93	1.967386
94	1.803912
95	1.780478
96	1.917293
97	1.762413
98	1.951848
99	1.905806
100	1.888544
101	1.980228
102	1.985904
103	1.675319
104	1.672454
105	1.832075
106	1.972459
107	1.838856
108	1.799804
109	1.885339
110	1.742468
111	1.738878
112	1.778764
113	1.748742
114	1.743357
115	1.758352
116	1.757784
117	1.957268
118	1.802055
119	1.740433
120	1.789106
121	1.761220
122	1.733957
123	1.875525
124	1.781291
125	1.794798
126	1.832213
127	1.753110
128	1.772145
129	1.988718
130	1.704700
131	1.916350
132	1.724762
133	1.772853
134	1.841765
135	1.711314
136	1.982271
137	1.748225
138	1.901840
139	1.769463
140	1.736719
141	1.861341
142	1.837471
143	2.175524
144	1.897075
145	2.157986
146	1.779269
147	2.056212
148	1.704846
149	1.917705
150	1.674456
151	1.771354
152	1.745567
153	1.881832
154	2.036518
155	2.010721
156	1.655385
157	1.797221
158	2.069154
159	1.802608
160	2.030985
161	1.850433
162	1.910027
163	1.842634
164	1.749112
165	1.711258
166	2.110640
167	1.917654
168	1.773388
169	1.937032
170	1.840519
171	1.860457
172	1.886715
173	1.962957
174	2.116694
175	1.795355
176	1.826555
177	1.803469
178	1.830628
179	1.705578
180	1.647086
181	1.764227
182	1.785304
183	1.714526
184	1.795857
185	1.813366
186	1.849377
187	1.831229
188	1.801639
189	1.892615
190	1.719213
191	1.629877
192	1.781040
193	1.976969
194	1.617932
195	1.782725
196	2.059006
197	1.787343
198	1.854213
199	1.770562
200	1.640851
201	1.767171
202	1.791116
203	2.109834
204	1.941133
205	1.814194
206	1.815325
207	2.139227
208	1.906855
209	1.810910
210	1.896866
211	1.834612
212	1.860672
213	1.769069
214	1.768474
215	1.786757
216	2.031205
217	1.765245
218	1.901392
219	1.782666
220	1.766947
221	1.763352
222	1.955121
223	1.981968
224	2.085331
225	1.799276
226	1.901632
227	1.996871
228	1.800807
229	1.783843
230	1.852296
231	1.907586
232	1.925898
233	1.929010
234	1.818052
235	2.013085
236	1.868712
237	1.718633
238	1.760056
239	1.614438
240	1.801500
241	1.668084
242	1.827185
243	1.696619
244	1.914184
245	1.903812
246	2.028154
247	1.696645
248	1.886318
249	1.779998
250	1.861265
251	1.665981
252	2.068963
253	1.793570
254	1.855748
255	1.822716
256	1.758947
257	1.847538
258	1.819617
259	1.805825
260	1.926576
261	1.899376
262	1.806988
263	1.779156
264	1.849847
265	1.855641
266	1.827783
267	1.811905
268	1.808255
269	1.664273
270	1.690824
271	1.697620
272	1.907199
273	1.909716
274	1.840382
275	1.790281
276	1.981946
277	1.993965
278	2.081518
279	1.810471
280	1.804163
281	1.817745
282	1.676640
283	1.778798
284	1.760866
285	2.082736
286	1.867457
287	2.076583
288	1.905307
289	1.929720
290	1.798888
291	1.788128
292	1.800473
293	2.108019
294	1.953691
295	1.860056
296	1.730689
297	1.943424
298	1.914266
299	1.973222
300	2.035241
301	1.819366
302	2.052655
303	1.748088
304	1.708857
305	1.801252
306	1.792941
307	1.870047
308	1.683035
309	1.788916
310	2.223645
311	1.690737
312	1.722002
313	1.932071
314	1.800278
315	2.041763
316	1.783647
317	1.715230
318	1.631132
319	1.998748
320	1.753422
321	1.753762
322	1.793904
323	1.714911
324	1.972535
325	1.749537
326	1.764029
327	1.897531
328	1.819891
329	2.036320
330	1.890951
331	1.854812
332	2.037969
333	2.003445
334	1.968040
335	1.748913
336	1.834368
337	2.004595
338	1.722381
339	1.670361
340	1.786332
341	1.884813
342	1.837419
343	1.702495
344	1.711548
345	2.043063
346	1.980127
347	1.896390
348	1.777102
349	1.752175
350	1.672394
351	1.814770
352	1.824206
353	1.945071
354	1.786871
355	2.143459
356	1.814677
357	1.805275
358	1.836159
359	1.860214
360	1.831345
361	1.779493
362	3.875267
363	1.972258
364	1.933156
365	1.866977
366	1.830463
367	1.802469
368	1.972008
369	2.019134
370	1.715142
371	1.737875
372	1.829417
373	2.113915
374	1.884513
375	1.873923
376	1.982397
377	1.765427
378	1.737065
379	1.848944
380	1.737903
381	1.828798
382	1.763691
383	1.703738
384	1.681131
385	1.980937
386	1.822254
387	1.918020
388	1.891717
389	1.777103
390	1.663527
391	1.698645
392	1.821870
393	1.745567
394	1.761033
395	1.742980
396	1.850081
397	1.878668
398	1.657741
399	1.819914
400	1.717965
401	1.768192
402	1.894965
403	1.968502
404	1.827293
405	2.197685
406	1.856046
407	1.932123
408	1.738075
409	1.712106
410	1.807376
411	1.925278
412	1.801389
413	1.754565
414	1.943681
415	1.818819
416	1.750372
417	1.829373
418	1.818074
419	1.677049
420	1.801889
421	1.764907
422	1.819509
423	1.996231
424	1.844180
425	1.805991
426	2.004060
427	1.805937
428	1.762525
429	1.972840
430	1.726675
431	1.892774
432	1.953971
433	2.036025
434	1.892377
435	2.053754
436	2.024897
437	2.053043
438	1.858197
439	1.907617
440	1.760027
441	1.893094
442	2.095474
443	1.987255
444	1.757299
445	2.012981
446	1.738991
447	1.809033
448	1.849858
449	1.743421
450	1.797469
451	1.843393
452	2.093947
453	1.858845
454	1.939383
455	1.942116
456	1.916400
457	1.763292
458	1.848269
459	1.769207
460	1.808366
461	1.936394
462	1.994416
463	1.803802
464	1.796550
465	1.883000
466	1.953203
467	1.763693
468	1.926397
469	1.696874
470	1.870831
471	1.752116
472	1.860670
473	1.745162
474	1.881065
475	1.963922
476	1.855749
477	1.889898
478	1.786535
479	1.786785
480	1.842961
481	1.966187
482	1.822469
483	1.853131
484	2.138454
485	1.813807
486	1.923380
487	1.805878
488	1.781347
489	1.909161
490	1.814968
491	1.885118
492	1.805550
493	1.710848
494	1.917028
495	1.732976
496	1.831776
497	1.705227
498	1.937060
499	1.811631
500	2.216278
501	1.811170
502	1.761845
503	1.863706
504	1.786757
505	1.897389
506	1.991835
507	2.062065
508	1.860698
509	2.001825
510	1.742555
511	1.986983
512	2.096401
513	2.213073
514	1.892859
515	1.882897
516	2.141168
517	2.034034
518	1.803538
519	1.926917
520	1.831639
521	1.889609
522	1.769156
523	1.886640
524	1.785800
525	1.791233
526	1.997220
527	1.877230
528	1.734737
529	2.530555
530	1.747966
531	2.008505
532	1.772256
533	1.843610
534	1.876272
535	1.788240
536	2.018264
537	1.822665
538	1.808537
539	1.604679
540	1.893702
541	1.803721
542	1.848296
543	1.712458
544	2.244858
545	1.955044
546	1.806976
547	1.850759
548	2.081009
549	1.826637
550	1.873334
551	1.898578
552	1.957301
553	1.689553
554	1.790155
555	1.760443
556	1.804667
557	1.812822
558	1.953433
559	1.940231
560	1.879367
561	1.935225
562	1.777299
563	1.799056
564	2.045601
565	1.827187
566	1.865966
567	1.771563
568	1.863415
569	2.050583
570	1.926679
571	1.904236
572	1.781153
573	2.104191
574	1.930856
575	2.391586
576	1.970816
577	1.945175
578	1.804469
579	1.665921
580	1.874518
581	1.880691
582	1.898713
583	2.270554
584	1.811658
585	2.011912
586	2.020419
587	1.895839
588	1.939586
589	2.023337
590	1.909162
591	1.862556
592	2.001021
593	1.803908
594	1.824772
595	1.907536
596	1.764908
597	1.999222
598	1.868712
599	1.895523
600	1.977724
601	1.890531
602	1.909477
603	1.882257
604	1.787681
605	2.052460
606	1.692365
607	2.437335
608	2.026354
609	1.838749
610	1.736345
611	2.447405
612	1.909477
613	1.886638
614	1.801887
615	1.713624
616	1.826061
617	3.388125
618	2.117191
619	1.767797
620	2.309374
621	3.054980
622	1.723369
623	2.395350
624	2.032019
625	2.161413
626	2.062377
627	3.464910
628	2.251532
629	1.820412
630	1.684874
631	2.013479
632	1.895891
633	2.077930
634	1.852782
635	1.875608
636	1.942241
637	2.150534
638	1.869706
639	1.868581
640	1.816536
641	2.092034
642	2.067028
643	1.973853
644	1.983075
645	2.041004
646	1.803164
647	1.938403
648	1.920129
649	1.886243
650	2.153070
651	1.772404
652	1.708597
653	1.844186
654	1.696467
655	1.788767
656	1.670781
657	1.650005
658	1.706249
659	1.737499
660	1.763095
661	1.673377
662	1.644689
663	1.904468
664	1.777245
665	1.702145
666	1.860674
667	1.889072
668	1.888650
669	1.849484
670	2.113150
671	1.886054
672	1.752743
673	1.790251
674	1.691450
675	1.821677
676	1.632909
677	1.835701
678	1.711432
679	1.868531
680	1.740718
681	1.787512
682	1.779243
683	1.784404
684	1.831528
685	1.925124
686	1.846319
687	1.947972
688	1.872245
689	1.835784
690	1.681846
691	1.886822
692	1.720610
693	2.016778
694	1.772541
695	2.026548
696	1.840055
697	1.838177
698	1.946507
699	1.821345
700	1.634535
701	1.747397
702	1.959899
703	1.787317
704	1.934734
705	1.765503
706	1.944301
707	1.949000
708	1.755590
709	1.871282
710	2.009602
711	1.765586
712	1.886585
713	1.681606
714	2.105565
715	1.700178
716	1.662830
717	1.767286
718	1.783562
719	1.751970
720	1.881197
721	1.932125
722	1.772512
723	1.717207
724	1.608075
725	1.847837
726	1.666284
727	1.937008
728	2.029802
729	1.935302
730	1.868421
731	1.923358
732	1.591821
733	1.794129
734	1.911727
735	1.811161
736	1.803439
737	1.833166
738	1.784656
739	1.740057
740	2.319246
741	1.921068
742	1.787288
743	1.784433
744	1.849163
745	1.795021
746	1.792012
747	1.902156
748	1.700909
749	1.839375
750	2.017276
751	1.757128
752	1.835212
753	1.914106
754	2.001025
755	1.999226
756	1.909657
757	1.650151
758	1.816150
759	1.918384
760	1.795354
761	1.993141
762	1.831230
763	1.964409
764	1.720290
765	2.059176
766	1.736721
767	1.775217
768	1.932589
769	1.833495
770	1.873684
771	1.818929
772	1.988494
773	1.870106
774	1.835783
775	1.829234
776	1.836437
777	1.907301
778	1.802274
779	2.028548
780	1.786560
781	1.796580
782	1.923486
783	1.773273
784	1.706546
785	1.737413
786	1.853107
787	1.882177
788	1.954506
789	1.905413
790	1.964841
791	1.853916
792	1.763803
793	1.929664
794	1.782836
795	1.795495
796	1.903287
797	1.758665
798	2.163377
799	1.874726
800	1.798361
801	2.046214
802	2.062473
803	1.739252
804	1.979622
805	1.767878
806	1.810911
807	1.858842
808	1.828933
809	1.926449
810	1.878005
811	1.799136
812	1.823213
813	1.764114
814	1.837196
815	1.783144
816	1.822197
817	1.868500
818	1.767768
819	1.812431
820	1.853889
821	1.711286
822	1.772852
823	1.899398
824	2.005118
825	2.122523
826	1.895282
827	1.849460
828	1.706546
829	1.968019
830	1.851351
831	1.923044
832	1.979217
833	1.709824
834	1.754679
835	1.795133
836	1.772400
837	1.910497
838	1.803830
839	1.711315
840	1.770001
841	1.862633
842	1.987486
843	2.091244
844	1.846540
845	1.911151
846	1.754650
847	2.101286
848	2.070385
849	1.627022
850	1.830573
851	2.364128
852	1.909687
853	1.929276
854	1.861747
855	1.834475
856	1.730231
857	1.764371
858	1.963542
859	1.759232
860	2.085688
861	1.991953
862	1.848891
863	1.849703
864	1.774202
865	1.636917
866	1.819278
867	1.801139
868	1.827436
869	1.860526
870	1.796213
871	1.780056
872	1.952536
873	1.881064
874	1.900554
875	1.906725
876	1.883852
877	1.697824
878	1.737037
879	1.829454
880	1.714265
881	1.721191
882	1.918489
883	1.886477
884	1.792822
885	1.733724
886	1.786673
887	1.802055
888	1.770819
889	1.894254
890	1.759687
891	1.848594
892	1.786113
893	1.838505
894	2.209910
895	2.174994
896	1.758521
897	1.688964
898	1.918175
899	3.484738
900	1.803246
901	1.948204
902	1.712835
903	1.809448
904	1.797220
905	2.035190
906	1.789554
907	1.928472
908	1.764114
909	1.820933
910	1.835375
911	1.824994
912	2.006191
913	1.781403
914	2.193034
915	2.046338
916	1.820906
917	2.178371
918	1.811436
919	1.933210
920	1.873232
921	1.721774
922	1.915280
923	1.826089
924	1.742584
925	1.871923
926	1.678720
927	1.835457
928	1.937576
929	1.830983
930	1.721745
931	1.924734
932	1.766410
933	1.864565
934	1.787430
935	1.752169
936	1.894334
937	1.950666
938	2.094779
939	1.990830
940	1.858765
941	1.794492
942	1.878297
943	1.842986
944	1.769211
945	1.787905
946	1.874539
947	1.828934
948	1.851648
949	1.823238
950	1.903524
951	1.739368
952	2.016258
953	1.927717
954	1.924734
955	1.835046
956	1.846320
957	1.958595
958	1.826086
959	1.704905
960	1.988516
961	1.858305
962	1.665202
963	1.772539
964	1.828526
965	2.010076
966	1.968502
967	2.241710
968	1.768601
969	1.677684
970	1.858763
971	1.954355
972	1.902157
973	1.882179
974	1.944968
975	1.875153
976	1.983154
977	1.667154
978	1.915854
979	1.845700
980	1.849487
981	1.861854
982	1.956810
983	2.128991
984	1.936052
985	1.827075
986	1.838070
987	1.846076
988	1.803912
989	1.875341
990	1.866922
991	1.729683
992	1.762837
993	1.903288
994	1.735136
995	1.785330
996	2.003147
997	1.760056
998	1.875633
999	2.009527
1000	1.956451
1001	2.176191
1002	1.718285
1003	1.726123
1004	1.822803
1005	1.773865
1006	2.090120
1007	1.808452
1008	1.824198
1009	1.798362
1010	1.824555
1011	1.810331
1012	1.620617
1013	2.116860
1014	1.797055
1015	1.782724
1016	1.809447
1017	1.845590
1018	1.740517
1019	1.816179
1020	1.826717
1021	1.908350
1022	1.968604
1023	1.844045
1024	1.883111
1025	1.969213
1026	1.812760
1027	2.022030
1028	1.695906
1029	1.808591
1030	1.688580
1031	1.666433
1032	1.713038
1033	1.890899
1034	2.032363
1035	1.835510
1036	1.807568
1037	1.807208
1038	1.810056
1039	1.905229
1040	1.712075
1041	1.749144
1042	1.767966
1043	1.976283
1044	1.744104
1045	2.015466
1046	1.900263
1047	1.837093
1048	1.673257
1049	1.814663
1050	1.825949
1051	1.949694
1052	1.835053
1053	1.672422
1054	1.878668
1055	1.934138
1056	1.693310
1057	1.857795
1058	1.785525
1059	1.826114
1060	1.804495
1061	1.944273
1062	1.756275
1063	1.731705
1064	1.867486
1065	1.859573
1066	2.295255
1067	1.676277
1068	1.647968
1069	1.764454
1070	1.883640
1071	1.861639
1072	1.818251
1073	1.892306
1074	1.725052
1075	1.717236
1076	1.920026
1077	1.946434
1078	1.792958
1079	1.820934
1080	1.729971
1081	1.958877
1082	2.202679
1083	1.781264
1084	1.897286
1085	1.725718
1086	1.788463
1087	1.982674
1088	2.444035
1089	1.981034
1090	1.743044
1091	1.766606
1092	1.831967
1093	1.943683
1094	1.772343
1095	1.872857
1096	1.837417
1097	2.015501
1098	1.756132
1099	2.338995
1100	1.677289
1101	1.942036
1102	1.913792
1103	1.820247
1104	1.858387
1105	1.870027
1106	1.965244
1107	1.756958
1108	1.773353
1109	1.995217
1110	1.722381
1111	1.886809
1112	1.964941
1113	1.925046
1114	1.775247
1115	1.775527
1116	1.755391
1117	1.839810
1118	1.712367
1119	1.944506
1120	1.606892
1121	1.903787
1122	1.831446
1123	1.830544
1124	1.845941
1125	2.112463
1126	1.812346
1127	1.848543
1128	1.825955
1129	1.726152
1130	1.749570
1131	1.634292
1132	1.899764
1133	1.833766
1134	1.830218
1135	1.871603
1136	1.890212
1137	1.743902
1138	1.848162
1139	1.877392
1140	2.155947
1141	2.044356
1142	2.193537
1143	1.865609
1144	2.002823
1145	1.952051
1146	1.835810
1147	1.750456
1148	2.037475
1149	1.933365
1150	1.767795
1151	1.997249
1152	1.849837
1153	1.940772
1154	1.924839
1155	1.885689
1156	1.810582
1157	1.811132
1158	2.098332
1159	1.709065
1160	1.913790
1161	1.985876
1162	2.053702
1163	2.035415
1164	1.805636
1165	1.680414
1166	1.986400
1167	1.824992
1168	1.866359
1169	1.855424
1170	1.896870
1171	1.880160
1172	1.802525
1173	2.013676
1174	1.875326
1175	1.906331
1176	1.747896
1177	2.037700
1178	1.996842
1179	1.773525
1180	1.755164
1181	2.094578
1182	1.810219
1183	1.896968
1184	1.814001
1185	1.997350
1186	1.826501
1187	1.722121
1188	1.897842
1189	1.790699
1190	2.124854
1191	1.891610
1192	2.047465
1193	1.852425
1194	1.852293
1195	1.835647
1196	1.979542
1197	2.078555
1198	2.158891
1199	1.882717
1200	1.969284
1201	1.722123
1202	1.941341
1203	1.806298
1204	1.772997
1205	1.853591
1206	1.863217
1207	1.826394
1208	1.761989
1209	1.797168
1210	1.861103
1211	1.888093
1212	1.817388
1213	2.430102
1214	1.815958
1215	1.780818
1216	1.820361
1217	1.726757
1218	1.852079
1219	1.789582
1220	1.810688
1221	1.792350
1222	1.815349
1223	1.663912
1224	1.689763
1225	1.808120
1226	1.801804
1227	1.752942
1228	2.050877
1229	1.834504
1230	1.947230
1231	1.760112
1232	1.751823
1233	1.820274
1234	1.567575
1235	1.983760
1236	1.674697
1237	1.733490
1238	1.823567
1239	2.271339
1240	1.692424
1241	2.009224
1242	2.345762
1243	2.688907
1244	1.779918
1245	1.898208
1246	1.714788
1247	2.013506
1248	1.901396
1249	1.892246
1250	2.096045
1251	1.774341
1252	1.952279
1253	2.046098
1254	1.995148
1255	1.812624
1256	1.880373
1257	1.796466
1258	1.818876
1259	1.903973
1260	2.001549
1261	1.709649
1262	2.041420
1263	2.098687
1264	1.855934
1265	1.762894
1266	1.824969
1267	1.932797
1268	1.791206
1269	1.782974
1270	1.727226
1271	1.715398
1272	1.815981
1273	1.837087
1274	1.840273
1275	1.945076
1276	1.970405
1277	1.858734
1278	1.917239
1279	1.757583
1280	2.081754
1281	1.883139
1282	1.788350
1283	2.091747
1284	1.851731
1285	1.969161
1286	1.943733
1287	1.782718
1288	1.871925
1289	1.785777
1290	1.818736
1291	1.978815
1292	2.369430
1293	2.118348
1294	1.710934
1295	2.013653
1296	1.702088
1297	1.967690
1298	1.846076
1299	1.725952
1300	1.980048
1301	1.872594
1302	1.854428
1303	1.845807
1304	2.017842
1305	2.178853
1306	2.078966
1307	1.861420
1308	1.679349
1309	1.826610
1310	2.090956
1311	1.790920
1312	2.303410
1313	1.857444
1314	2.105919
1315	1.710149
1316	1.781765
1317	1.734191
1318	1.846214
1319	1.837226
1320	1.702472
1321	2.124970
1322	1.754822
1323	1.743929
1324	1.957751
1325	1.801584
1326	2.232867
1327	1.863032
1328	2.066323
1329	1.860221
1330	2.029262
1331	2.055450
1332	1.722673
1333	1.885238
1334	1.775445
1335	1.710728
1336	1.812788
1337	1.763576
1338	1.774289
1339	1.811908
1340	1.730720
1341	1.683032
1342	1.796580
1343	1.901868
1344	1.912509
1345	1.792067
1346	1.989321
1347	1.902104
1348	1.679556
1349	1.873309
1350	2.304452
1351	2.155321
1352	1.637373
1353	1.916999
1354	1.828364
1355	1.792569
1356	1.785525
1357	1.703207
1358	1.868125
1359	1.750971
1360	1.880455
1361	1.962166
1362	1.711867
1363	1.988816
1364	1.853487
1365	2.050322
1366	1.821679
1367	1.977147
1368	2.031801
1369	1.895073
1370	1.825405
1371	1.812210
1372	1.769321
1373	1.815293
1374	1.828657
1375	1.746565
1376	2.025884
1377	1.857227
1378	2.814142
1379	2.118986
1380	2.091698
1381	1.932514
1382	1.857875
1383	1.894941
1384	1.729101
1385	1.804384
1386	1.946715
1387	1.815958
1388	1.781262
1389	1.902789
1390	1.819175
1391	1.705843
1392	1.756730
1393	1.851756
1394	1.850783
1395	1.879355
1396	2.539625
1397	1.752827
1398	1.868179
1399	1.772454
1400	1.712335
1401	1.836164
1402	1.843068
1403	1.866922
1404	1.911518
1405	1.830984
1406	1.825980
1407	1.882287
1408	1.866255
1409	1.852267
1410	1.891745
1411	1.958523
1412	1.923251
1413	1.738274
1414	1.810689
1415	1.929093
1416	1.690474
1417	1.950924
1418	1.806458
1419	1.780814
1420	1.820191
1421	2.189109
1422	1.845047
1423	1.959694
1424	1.908430
1425	1.822115
1426	1.850051
1427	1.982550
1428	1.774290
1429	1.766722
1430	1.780113
1431	1.796916
1432	1.878960
1433	1.719099
1434	1.876246
1435	2.113409
1436	1.817858
1437	1.894463
1438	1.797500
1439	1.952998
1440	1.839454
1441	1.746252
1442	1.859279
1443	1.879629
1444	1.739000
1445	1.758096
1446	1.819091
1447	1.802500
1448	1.795049
1449	1.848105
1450	1.805712
1451	1.864024
1452	1.863256
1453	1.884382
1454	1.938118
1455	1.873739
1456	1.681339
1457	1.793431
1458	1.767199
1459	1.915046
1460	1.608011
1461	1.798918
1462	1.918878
1463	1.989196
1464	1.756072
1465	1.613846
1466	1.988494
1467	1.928443
1468	1.894573
1469	1.829919
1470	2.080286
1471	1.829589
1472	1.801499
1473	1.707070
1474	2.321421
1475	1.897946
1476	1.917422
1477	1.773047
1478	1.828825
1479	1.864726
1480	1.868099
1481	1.888491
1482	1.889922
1483	1.807485
1484	1.918179
1485	1.977020
1486	2.150791
1487	1.803025
1488	2.373898
1489	2.311990
1490	1.923798
1491	1.910941
1492	1.938866
1493	1.822582
1494	1.889841
1495	1.776908
1496	2.021014
1497	2.275916
1498	2.182244
1499	1.996723
1500	1.715953
1501	1.708918
1502	1.715604
1503	1.747941
1504	1.886743
1505	1.840542
1506	1.685408
1507	1.895732
1508	1.617218
1509	2.028645
1510	1.887695
1511	1.882180
1512	1.796969
1513	1.670685
1514	1.914836
1515	1.947125
1516	1.871176
1517	1.822361
1518	2.212261
1519	2.016533
1520	2.151954
1521	1.922369
1522	1.928470
1523	1.651544
1524	2.021138
1525	1.909895
1526	1.790223
1527	1.712718
1528	1.941598
1529	1.764113
1530	1.996872
1531	1.855425
1532	1.870402
1533	1.777751
1534	1.827183
1535	2.028053
1536	1.851350
1537	1.960460
1538	1.726180
1539	1.971270
1540	2.492991
1541	1.912616
1542	1.853995
1543	1.876113
1544	2.092749
1545	1.972943
1546	1.905624
1547	1.914209
1548	2.068694
1549	1.748314
1550	1.796620
1551	2.201045
1552	1.824117
1553	1.816453
1554	1.873873
1555	1.827703
1556	1.774515
1557	1.984968
1558	1.884172
1559	1.803414
1560	1.822113
1561	1.886745
1562	1.992134
1563	1.817361
1564	1.858416
1565	1.781291
1566	1.830547
1567	1.816481
1568	1.831229
1569	1.984164
1570	2.178303
1571	1.971548
1572	2.022794
1573	1.826391
1574	1.829263
