0	2.016927
1	2.236469
2	1.867779
3	1.872460
4	1.615366
5	1.854671
6	1.934762
7	1.893356
8	1.783844
9	1.824529
10	1.739971
11	1.685496
12	1.777103
13	2.424229
14	1.763546
15	1.875125
16	2.090288
17	1.733523
18	1.741494
19	2.087438
20	1.776993
21	1.840654
22	1.832240
23	1.833711
24	1.902997
25	1.776766
26	2.004221
27	1.825322
28	1.739023
29	1.786449
30	1.858251
31	1.958593
32	1.807013
33	1.766946
34	1.777556
35	1.855747
36	1.974742
37	1.798998
38	2.104780
39	1.767596
40	1.944660
41	1.797026
42	1.787762
43	1.944271
44	1.758721
45	1.885815
46	1.902498
47	1.838941
48	1.907933
49	1.971622
50	1.772482
51	2.213980
52	1.748972
53	2.058275
54	2.097857
55	1.890450
56	1.901947
57	1.814910
58	1.761648
59	1.892535
60	1.825977
61	1.789218
62	1.822002
63	1.903523
64	1.725862
65	1.879227
66	2.025883
67	1.826253
68	1.894017
69	2.021213
70	1.859087
71	1.847402
72	1.723369
73	1.763094
74	1.896866
75	1.798250
76	1.823566
77	1.869973
78	1.725863
79	1.988995
80	1.823978
81	1.830658
82	1.913167
83	1.899340
84	1.765815
85	1.766521
86	1.752056
87	2.108339
88	1.718052
89	2.063126
90	1.871633
91	1.800390
92	1.793628
93	1.918049
94	2.125605
95	1.925354
96	2.033935
97	1.830218
98	1.971292
99	1.792956
100	1.817608
101	1.908923
102	1.817719
103	1.906228
104	1.921692
105	1.976411
106	1.886875
107	1.895995
108	1.852487
109	1.811904
110	1.885363
111	1.790559
112	1.808700
113	1.707075
114	1.718633
115	1.912720
116	2.041495
117	1.830438
118	1.812322
119	1.830494
120	1.936311
121	1.804965
122	2.181333
123	1.934452
124	1.908639
125	2.162728
126	2.128518
127	1.951052
128	1.753253
129	2.155252
130	1.985194
131	1.908216
132	1.833167
133	1.843343
134	2.025585
135	1.968604
136	1.986049
137	1.932588
138	1.984969
139	1.734130
140	1.993940
141	1.832977
142	1.891188
143	1.772994
144	1.908010
145	2.173133
146	2.083410
147	1.771696
148	2.254884
149	2.025859
150	2.174259
151	1.908978
152	2.204609
153	2.014471
154	3.428748
155	1.778934
156	1.796579
157	1.814029
158	1.861210
159	1.711753
160	1.886636
161	2.684882
162	2.676623
163	2.862063
164	2.949728
165	2.956398
166	2.208391
167	2.802160
168	2.773916
169	2.802894
170	2.537969
171	2.561779
172	2.292641
173	2.513504
174	2.534343
175	2.802891
176	2.511574
177	2.761939
178	2.080024
179	2.151487
180	3.042204
181	2.211470
182	2.899465
183	2.320473
184	2.422953
185	2.346466
186	2.072799
187	2.506390
188	1.994617
189	3.510042
190	2.189018
191	2.591409
192	2.493472
193	2.030788
194	1.929637
195	2.299783
196	2.629334
197	2.182313
198	2.597941
199	1.980000
200	2.128239
201	2.453469
202	3.152744
203	1.908138
204	2.540102
205	3.142643
206	1.748685
207	2.085042
208	1.906018
209	1.885738
210	1.787345
211	1.686682
212	3.159081
213	2.961318
214	2.728552
215	2.876267
216	4.386365
217	3.247476
218	3.568558
219	2.219412
220	3.048555
221	2.222748
222	2.198908
223	1.820356
224	3.188008
225	1.871070
226	2.790502
227	2.639339
228	2.438318
229	2.565036
230	3.339671
231	3.109487
232	2.520815
233	3.312342
234	1.822634
235	1.871521
236	1.874034
237	2.616582
238	2.670243
239	2.585128
240	2.131172
241	2.731921
242	2.487447
243	2.577535
244	2.873759
245	2.537516
246	4.966397
247	6.099556
248	2.797160
249	5.173145
250	5.275728
251	5.122353
252	5.189568
253	4.898126
254	6.018275
255	5.176662
256	4.240766
257	5.383615
258	8.124200
259	6.282077
260	6.430435
261	5.802362
262	2.559026
263	3.566200
264	3.288237
265	3.909627
266	2.811282
267	2.452872
268	2.576427
269	2.830146
270	2.355375
271	2.038064
272	2.707080
273	2.596187
274	2.684958
275	2.720455
276	2.384135
277	2.908760
278	2.581574
279	2.767051
280	2.543718
281	3.260153
282	2.774416
283	2.728755
284	2.206922
285	3.164113
286	2.782842
287	3.005231
288	3.614236
289	2.887285
290	2.929350
291	2.902860
292	3.622303
293	3.296909
294	2.944627
295	2.813435
296	3.114643
297	2.828197
298	2.785551
299	2.371222
300	1.992912
301	2.144408
302	2.381700
303	2.078940
304	2.749291
305	4.033919
306	5.150388
307	5.476696
308	5.129341
309	4.415293
310	4.853843
311	4.321173
312	8.347538
313	7.524541
314	8.735543
315	8.483819
316	6.904764
317	7.208841
318	7.204958
319	8.232798
320	8.403898
321	6.637203
322	8.476278
323	10.819544
324	13.040345
325	11.662181
326	12.299559
327	12.256769
328	12.517991
329	8.242556
330	8.806137
331	9.969172
332	8.668625
333	7.905653
334	11.261938
335	10.748807
336	7.973545
337	7.617487
338	8.988042
339	10.048246
340	8.834711
341	8.138309
342	5.811489
343	6.139468
344	6.542257
345	5.894438
346	7.630324
347	8.409742
348	7.179901
349	8.768283
350	6.579039
351	8.120358
352	8.593707
353	9.538498
354	7.627339
355	6.112324
356	6.637129
357	5.662446
358	8.595655
359	8.695912
360	9.225420
361	5.733647
362	7.284731
363	7.319578
364	9.186117
365	8.777840
366	9.041787
367	10.880176
368	9.094592
369	9.019458
370	8.863750
371	7.363819
372	7.605293
373	7.832721
374	7.482849
375	6.933690
376	7.185482
377	7.301737
378	8.252285
379	4.366452
380	4.653652
381	4.029567
382	8.290986
383	5.769793
384	8.953538
385	9.200133
386	6.842004
387	7.332667
388	7.773893
389	7.272761
390	8.201548
391	7.357845
392	5.334789
393	6.305467
394	6.508064
395	6.658270
396	7.736024
397	9.438736
398	10.050774
399	9.266870
400	9.219705
401	9.778552
402	7.969650
403	7.241007
404	7.999817
405	8.256294
406	7.776540
407	7.048533
408	8.078226
409	7.610956
410	7.456462
411	8.040034
412	7.904985
413	8.513868
414	8.685974
415	8.987968
416	6.838660
417	4.651778
418	4.688267
419	5.532885
420	5.243218
421	5.143771
422	5.175589
423	5.494085
424	5.431621
425	6.204296
426	5.591602
427	6.250959
428	5.597551
429	5.702334
430	5.958768
431	6.125813
432	6.229176
433	5.589123
434	6.718693
435	5.525534
436	4.732296
437	5.074812
438	5.349052
439	5.171518
440	5.232243
441	5.959285
442	5.004809
443	5.656242
444	5.678948
445	6.588676
446	6.770586
447	6.206494
448	6.577857
449	5.825253
450	5.608136
451	7.041862
452	5.565287
453	5.509904
454	5.714218
455	7.085672
456	6.201132
457	6.472175
458	6.474257
459	6.367055
460	5.909178
461	6.003863
462	6.421066
463	5.923630
464	5.607188
465	5.809562
466	5.900479
467	6.248957
468	5.571792
469	5.841189
470	6.010262
471	5.492402
472	5.632920
473	5.999246
474	6.367529
475	6.654697
476	5.661303
477	6.340454
478	5.973763
479	6.333061
480	5.896153
481	6.351132
482	5.634402
483	5.605800
484	5.789217
485	6.181846
486	6.783781
487	5.617945
488	6.886525
489	5.744338
490	6.513235
491	5.805750
492	5.912778
493	6.034317
494	5.227390
495	5.650521
496	6.481506
497	6.151722
498	7.515985
499	6.846644
500	6.089679
501	6.644883
502	5.723198
503	7.454042
504	5.405792
505	8.848999
506	7.907656
507	7.286265
508	6.129424
509	6.041353
510	7.306343
511	6.265539
512	6.679574
513	7.199970
514	5.960922
515	7.444507
516	6.361824
517	7.488021
518	5.429371
519	6.696870
520	5.270272
521	6.000577
522	6.066573
523	6.490772
524	5.354602
525	4.937701
526	5.170950
527	6.032288
528	5.835104
529	6.094138
530	6.794443
531	6.061109
532	6.819299
533	5.653936
534	6.754581
535	6.474640
536	7.333527
537	6.311360
538	6.363219
539	7.436719
540	6.603908
541	6.449759
542	6.947303
543	7.137043
544	6.409042
545	6.733534
546	6.800089
547	7.182819
548	7.153780
549	6.573256
550	6.873557
551	7.129656
552	7.639150
553	6.458004
554	6.661961
555	6.945830
556	7.324159
557	8.353240
558	8.167267
559	7.339285
560	6.765798
561	7.171329
562	7.497232
563	7.155902
564	7.277376
565	7.386417
566	7.318636
567	6.583219
568	7.259429
569	7.162191
570	7.434929
571	7.274119
572	6.810874
573	7.103617
574	5.598954
575	5.909433
576	7.273369
577	8.090768
578	7.266589
579	7.938754
580	7.387572
581	7.138083
582	7.267860
583	7.251523
584	7.660058
585	7.614649
586	7.500057
587	7.616175
588	8.160820
589	6.810264
590	5.800965
591	5.625344
592	5.588541
593	5.353509
594	6.285172
595	5.854555
596	5.497526
597	5.253216
598	5.336601
599	6.668913
600	5.683001
601	6.525380
602	5.822214
603	5.924676
604	7.090036
605	7.188783
606	6.930201
607	7.098577
608	6.472633
609	7.471626
610	7.893411
611	7.111180
612	7.068667
613	6.055785
614	7.470603
615	6.907139
616	6.968715
617	7.576866
618	6.928382
619	6.675291
620	7.436537
621	5.784298
622	5.368659
623	5.172281
624	5.546441
625	5.404019
626	5.209403
627	6.483951
628	5.720630
629	5.809105
630	5.161441
631	6.290261
632	6.919294
633	6.562052
634	7.613409
635	7.172509
636	7.003613
637	6.666769
638	7.533772
639	7.492269
640	7.261915
641	7.342640
642	6.870523
643	6.056020
644	5.452091
645	5.917322
646	5.662305
647	5.694261
648	5.466268
649	6.815049
650	5.925590
651	6.039155
652	6.731079
653	6.887707
654	7.214750
655	7.533485
656	6.869185
657	6.824374
658	5.708145
659	5.578001
660	5.839745
661	5.670177
662	5.619155
663	6.377823
664	5.688140
665	6.372693
666	6.399836
667	6.103391
668	5.617554
669	5.195642
670	5.896279
671	6.174926
672	5.490074
673	6.950720
674	6.230491
675	6.983014
676	5.751217
677	5.124919
678	5.481122
679	5.961996
680	5.526318
681	5.670026
682	6.326232
683	5.758732
684	4.978495
685	5.052267
686	6.615889
687	6.266816
688	5.218095
689	4.927615
690	5.371452
691	5.197326
692	5.254065
693	5.844800
694	5.353036
695	5.478583
696	5.934689
697	6.769585
698	5.246082
699	5.783104
700	5.365312
701	5.752940
702	5.216071
703	5.680018
704	5.152477
705	5.440352
706	5.460713
707	4.794935
708	5.691696
709	7.031839
710	6.551030
711	6.797565
712	6.500696
713	6.829101
714	6.743657
715	5.481141
716	7.348253
717	7.592088
718	5.591047
719	5.204412
720	5.762440
721	6.563301
722	6.852948
723	7.480989
724	6.430561
725	6.770303
726	6.681355
727	7.276791
728	7.089493
729	6.336442
730	6.253023
731	6.376435
732	7.603030
733	6.203250
734	6.293678
735	6.220876
736	5.508186
737	6.390344
738	6.476620
739	7.537061
740	6.929844
741	7.887871
742	7.323802
743	6.638600
744	6.244173
745	7.664920
746	6.846910
747	8.023297
748	6.000427
749	6.587093
750	6.907858
751	7.220547
752	7.517520
753	7.914760
754	6.771809
755	6.652526
756	6.533266
757	7.126537
758	6.691978
759	7.093489
760	7.510160
761	6.854620
762	6.471205
763	6.081422
764	6.529938
765	7.367774
766	5.985533
767	6.341246
768	5.396842
769	6.746969
770	6.675427
771	6.247760
772	6.650841
773	6.229132
774	6.271816
775	6.112291
776	6.492033
777	6.090560
778	6.374989
779	5.802181
780	5.994071
781	6.525503
782	6.136797
783	6.174926
784	6.243677
785	6.514369
786	7.495620
787	6.591607
788	6.836147
789	6.133890
790	5.706496
791	7.611947
792	6.131509
793	6.191517
794	6.028050
795	6.502046
796	5.805706
797	6.016026
798	6.126158
799	6.360220
800	5.972588
801	6.720891
802	5.305864
803	5.081495
804	5.841414
805	4.462342
806	5.475938
807	5.657864
808	5.752059
809	6.347882
810	5.644149
811	6.927439
812	7.819999
813	6.451495
814	7.267633
815	6.359056
816	6.455408
817	6.256084
818	6.724625
819	5.969463
820	5.500372
821	6.959871
822	6.225430
823	4.667890
824	5.632769
825	5.668552
826	5.093290
827	6.056807
828	6.575659
829	6.666339
830	8.841708
831	9.126801
832	10.120539
833	9.005796
834	7.755619
835	8.843003
836	6.242964
837	6.255661
838	8.244163
839	6.300564
840	9.774180
841	6.642568
842	6.608850
843	5.699614
844	6.350087
845	6.990579
846	8.531296
847	8.427657
848	7.978452
849	7.428991
850	7.415726
851	7.448013
852	7.572707
853	8.592612
854	8.860757
855	9.061948
856	9.385398
857	7.574828
858	5.697552
859	6.394567
860	8.268953
861	8.576694
862	9.432128
863	7.718978
864	6.211296
865	6.207810
866	7.436203
867	7.774844
868	7.856959
869	7.500061
870	6.562462
871	7.376272
872	6.950230
873	6.861698
874	8.576217
875	9.546074
876	9.029219
877	8.798943
878	8.393962
879	9.495841
880	9.568411
881	8.776953
882	9.385335
883	8.666722
884	6.355424
885	6.161883
886	6.597765
887	8.003380
888	8.271193
889	8.527526
890	7.987265
891	9.667223
892	7.716917
893	8.665961
894	7.373092
895	9.795305
896	10.266908
897	10.127241
898	8.593689
899	9.510078
900	8.421342
901	7.463365
902	8.770005
903	8.555063
904	9.289618
905	8.994877
906	9.141521
907	8.569439
908	8.610818
909	8.719507
910	8.788732
911	8.697793
912	8.704556
913	9.549879
914	9.293584
915	8.619664
916	9.431506
917	8.807570
918	9.221725
919	10.021407
920	8.892694
921	8.651393
922	8.224172
923	9.694587
924	8.639004
925	8.204352
926	7.840727
927	9.171963
928	9.591422
929	8.870925
930	10.002086
931	9.588170
932	9.270020
933	9.599803
934	9.755072
935	9.601525
936	9.895832
937	10.154689
938	8.293039
939	9.468479
940	9.799644
941	9.396242
942	7.097964
943	7.280179
944	8.638193
945	9.639756
946	10.484083
947	9.476023
948	8.450101
949	7.281277
950	8.254762
951	9.284941
952	9.664896
953	8.607549
954	8.690558
955	8.942719
956	9.539124
957	9.484230
958	9.273585
959	9.114845
960	10.241025
961	9.372966
962	9.451825
963	9.661775
964	9.504977
965	10.061720
966	9.463309
967	8.865067
968	6.798975
969	7.553732
970	9.503485
971	10.177671
972	10.012769
973	9.343842
974	9.217946
975	8.717907
976	9.790205
977	9.742561
978	8.737275
979	9.010810
980	10.221970
981	8.340901
982	6.231503
983	5.869328
984	6.628521
985	8.038836
986	7.181156
987	6.632129
988	6.360581
989	6.904969
990	6.294259
991	7.576879
992	8.555120
993	10.070978
994	6.346219
995	6.789654
996	7.007311
997	7.029494
998	7.585701
999	7.386514
1000	7.518165
1001	8.725492
1002	8.537248
1003	9.111388
1004	8.768448
1005	8.852659
1006	8.564536
1007	9.169417
1008	9.462505
1009	8.761695
1010	8.089110
1011	8.714266
1012	10.056046
1013	8.413042
1014	8.855452
1015	9.515733
1016	9.470962
1017	9.400686
1018	9.743967
1019	7.334221
1020	6.654193
1021	6.280971
1022	7.583864
1023	7.737119
1024	8.180281
1025	7.303055
1026	7.271520
1027	8.754462
1028	8.752124
1029	10.550726
1030	7.650699
1031	6.974023
1032	6.203549
1033	8.610848
1034	7.534793
1035	7.081936
1036	7.250966
1037	8.355662
1038	7.608869
1039	6.918274
1040	6.913422
1041	8.411760
1042	7.787753
1043	9.342607
1044	8.259414
1045	8.563843
1046	8.840254
1047	7.901665
1048	8.608729
1049	9.065478
1050	8.635819
1051	9.246550
1052	8.959308
1053	8.765495
1054	8.884021
1055	9.273494
1056	9.732216
1057	7.136483
1058	9.667058
1059	8.880756
1060	8.837409
1061	8.897573
1062	8.361228
1063	8.585233
1064	9.174737
1065	9.238356
1066	8.636195
1067	9.427349
1068	9.378279
1069	6.854225
1070	7.696484
1071	6.820117
1072	7.006224
1073	6.400851
1074	6.396817
1075	6.991829
1076	6.418389
1077	7.147282
1078	9.774936
1079	6.633263
1080	8.065084
1081	6.889789
1082	6.554483
1083	5.954473
1084	6.704068
1085	9.195184
1086	6.381320
1087	6.495689
1088	7.521154
1089	7.462400
1090	9.377958
1091	9.159039
1092	8.886757
1093	7.543775
1094	7.852499
1095	8.541582
1096	8.454975
1097	9.139916
1098	9.438342
1099	8.504664
1100	10.536805
1101	8.957845
1102	9.054843
1103	6.918356
1104	6.538266
1105	7.113272
1106	8.962515
1107	6.735431
1108	6.306857
1109	6.633712
1110	6.723752
1111	7.088799
1112	5.925241
1113	9.152209
1114	6.362756
1115	7.222850
1116	8.621290
1117	8.275224
1118	8.142066
1119	8.708158
1120	8.572059
1121	8.546984
1122	8.671041
1123	8.871802
1124	8.444533
1125	9.042628
1126	8.591063
1127	9.018352
1128	8.752655
1129	8.184502
1130	8.670154
1131	9.206983
1132	8.911305
1133	6.569393
1134	7.038578
1135	6.359674
1136	7.027297
1137	7.207860
1138	7.495668
1139	7.390440
1140	6.849771
1141	6.082944
1142	5.850633
1143	6.456362
1144	6.534732
1145	6.684263
1146	6.046062
1147	9.238115
1148	9.676418
1149	7.544756
1150	5.937379
1151	6.405380
1152	6.359199
1153	6.040076
1154	5.752828
1155	5.310545
1156	6.153458
1157	6.184921
1158	6.578700
1159	6.696178
1160	6.053503
1161	6.621098
1162	7.147705
1163	7.213352
1164	9.734527
1165	8.958164
1166	7.539068
1167	7.091999
1168	6.436010
1169	6.451932
1170	6.502207
1171	6.445440
1172	6.716908
1173	7.079487
1174	6.105717
1175	5.953868
1176	5.600502
1177	6.282555
1178	5.774058
1179	5.532054
1180	7.054873
1181	7.519590
1182	6.812051
1183	8.357257
1184	9.588644
1185	6.261184
1186	7.458803
1187	7.250567
1188	8.343575
1189	6.336158
1190	6.391507
1191	7.395031
1192	6.869889
1193	6.234811
1194	6.440413
1195	6.096740
1196	6.217764
1197	5.675706
1198	7.746771
1199	7.614868
1200	6.338719
1201	6.651118
1202	6.633808
1203	6.191238
1204	8.799259
1205	8.202961
1206	8.608395
1207	7.932646
1208	7.463784
1209	6.687333
1210	6.046992
1211	6.257843
1212	7.596663
1213	6.161478
1214	6.220621
1215	6.742105
1216	5.748013
1217	6.969188
1218	7.448304
1219	6.609034
1220	6.286927
1221	6.792497
1222	6.108568
1223	7.140568
1224	7.893219
1225	7.233754
1226	7.907648
1227	7.940592
1228	7.552179
1229	7.520944
1230	7.108163
1231	7.312025
1232	8.004049
1233	6.382555
1234	7.093984
1235	6.490747
1236	7.910119
1237	5.810836
1238	6.822536
1239	5.463727
1240	6.234140
1241	7.267758
1242	7.276978
1243	6.675371
1244	6.550068
1245	6.498930
1246	6.501299
1247	7.062090
1248	6.229776
1249	6.225152
1250	6.510937
1251	7.304820
1252	7.235343
1253	6.223069
1254	7.480087
1255	7.059077
1256	8.085919
1257	8.754599
1258	7.244377
1259	6.453380
1260	6.878692
1261	8.346642
1262	8.683859
1263	8.140971
1264	5.801829
1265	6.058522
1266	6.566263
1267	6.170529
1268	5.970931
1269	6.138974
1270	5.553890
1271	6.009202
1272	5.596731
1273	7.157072
1274	8.720567
1275	8.428077
1276	6.780334
1277	7.169785
1278	6.004250
1279	7.453040
1280	6.960057
1281	6.927469
1282	6.965643
1283	6.140529
1284	7.016731
1285	9.146409
1286	6.357303
1287	6.851642
1288	7.272488
1289	6.605521
1290	5.538331
1291	6.193182
1292	6.186590
1293	6.677251
1294	6.977133
1295	6.689163
1296	6.389265
1297	6.189426
1298	6.590091
1299	7.535860
1300	7.234251
1301	7.690253
1302	6.117100
1303	6.170363
1304	6.859153
1305	6.224804
1306	7.974892
1307	6.077080
1308	5.487978
1309	6.511845
1310	7.379011
1311	9.266072
1312	8.335953
1313	8.012047
1314	8.500995
1315	7.765167
1316	8.707476
1317	7.513489
1318	8.159928
1319	7.217555
1320	5.962910
1321	7.416044
1322	7.784339
1323	9.056479
1324	7.889291
1325	9.348935
1326	8.041303
1327	7.804599
1328	7.333935
1329	6.350008
1330	7.445356
1331	7.226568
1332	7.114134
1333	7.071874
1334	8.267557
1335	6.885362
1336	6.752546
1337	6.571676
1338	7.894028
1339	8.671383
1340	8.488781
1341	8.995500
1342	9.030133
1343	5.733706
1344	6.421011
1345	8.721045
1346	9.223589
1347	8.382751
1348	8.746663
1349	8.981954
1350	9.459270
1351	6.952598
1352	6.383966
1353	6.771571
1354	6.720398
1355	8.332758
1356	8.870774
1357	6.679747
1358	8.886174
1359	8.979830
1360	9.918480
1361	9.501725
1362	8.630301
1363	9.487523
1364	6.438703
1365	7.391875
1366	7.726488
1367	8.850970
1368	7.875874
1369	6.611944
1370	6.588483
1371	7.226071
1372	5.729449
1373	5.632415
1374	9.274410
1375	8.968283
1376	8.950827
1377	8.563327
1378	6.583328
1379	6.062063
1380	8.149759
1381	8.198206
1382	6.578093
1383	6.626311
1384	6.908552
1385	6.839956
1386	6.862964
1387	8.163363
1388	6.747704
1389	7.015468
1390	6.315425
1391	9.144562
1392	8.384844
1393	7.754385
1394	6.624424
1395	6.948066
1396	7.139090
1397	5.712477
1398	7.825604
1399	7.629875
1400	5.797116
1401	8.438513
1402	5.716013
1403	5.591502
1404	5.750871
1405	5.829589
1406	6.818666
1407	8.847672
1408	6.580036
1409	6.296046
1410	6.679049
1411	6.566049
1412	6.427588
1413	5.925004
1414	5.725577
1415	6.051456
1416	6.089485
1417	6.866331
1418	6.106800
1419	6.487981
1420	6.213188
1421	9.805885
1422	9.297772
1423	8.034039
1424	6.888863
1425	6.639240
1426	9.046684
1427	9.685213
1428	8.953670
1429	8.887459
1430	7.717678
1431	6.907740
1432	7.811229
1433	7.697437
1434	6.838816
1435	6.419754
1436	6.837207
1437	6.309772
1438	5.635725
1439	7.421065
1440	6.962217
1441	7.185632
1442	6.901580
1443	6.701538
1444	5.896527
1445	5.997366
1446	6.644767
1447	7.702933
1448	8.259844
1449	8.877071
1450	9.273892
1451	9.802887
1452	9.464908
1453	6.611331
1454	7.314104
1455	7.128520
1456	6.289692
1457	8.967642
1458	7.930408
1459	6.254358
1460	6.394357
1461	6.729651
1462	7.034871
1463	6.909103
1464	5.954300
1465	6.372228
1466	6.848205
1467	6.211932
1468	6.860183
1469	6.849506
1470	7.537767
1471	6.967380
1472	6.862944
1473	5.699070
1474	7.589493
1475	8.031257
1476	9.420106
1477	7.941322
1478	5.807738
1479	6.282636
1480	8.088887
1481	6.063976
1482	6.229671
1483	5.830353
1484	9.781485
1485	9.674941
1486	9.486596
1487	10.085702
1488	9.749688
1489	8.060789
1490	9.425569
1491	9.061492
1492	6.303112
1493	6.693722
1494	6.189967
1495	5.882891
1496	6.320891
1497	5.990241
1498	6.694788
1499	7.057062
1500	6.110524
1501	6.168767
1502	6.032421
1503	6.071867
1504	6.980159
1505	7.361558
1506	6.297847
1507	6.305704
1508	6.747103
1509	7.065725
1510	5.877466
1511	5.854955
1512	6.415342
1513	7.319430
1514	8.179827
1515	6.613060
1516	6.477309
1517	5.340611
1518	6.734352
1519	5.961571
1520	6.499001
1521	6.324159
1522	6.588252
1523	6.337153
1524	6.760872
1525	7.688151
1526	6.324326
1527	6.650480
1528	6.963318
1529	6.399984
1530	6.349402
1531	6.127754
1532	6.233088
1533	5.895033
1534	5.502545
1535	5.820524
1536	6.427332
1537	5.532556
1538	8.894535
1539	7.875342
1540	5.924560
1541	6.005353
1542	7.183064
1543	6.525050
1544	7.857122
1545	6.377915
1546	6.229206
1547	7.483746
1548	7.723858
1549	6.861297
1550	6.262309
1551	5.820308
1552	6.618037
1553	6.526874
1554	7.555967
1555	7.369158
1556	7.855780
1557	5.706472
1558	6.188343
1559	6.204675
1560	6.177186
1561	5.863465
1562	5.268501
1563	5.984221
1564	5.638214
1565	5.710210
1566	7.104228
1567	6.280007
1568	5.867218
1569	5.513138
1570	6.230427
1571	6.286765
1572	6.284112
1573	5.862962
1574	6.181626
