0	4.980552
1	5.896831
2	3.883464
3	4.172803
4	4.504598
5	5.653432
6	7.304964
7	6.095164
8	5.145443
9	6.642177
10	6.885555
11	6.396633
12	6.443314
13	5.757648
14	5.278541
15	5.312485
16	5.074899
17	4.990161
18	5.145252
19	4.767911
20	6.187286
21	6.860182
22	6.182469
23	6.407231
24	8.508214
25	7.193218
26	7.124135
27	7.690160
28	7.283062
29	6.888035
30	7.539610
31	8.245813
32	7.524100
33	8.153216
34	6.495727
35	7.387084
36	5.836189
37	4.934884
38	4.921878
39	5.110480
40	5.767511
41	5.435053
42	5.880451
43	5.574928
44	5.151019
45	5.045075
46	5.634961
47	7.757135
48	7.764915
49	6.856225
50	7.091763
51	6.764162
52	9.375854
53	7.707484
54	7.491289
55	5.160291
56	7.782981
57	7.804165
58	5.101961
59	7.161544
60	6.615640
61	5.162025
62	5.325016
63	5.328001
64	6.093684
65	5.150321
66	5.186040
67	5.652272
68	7.182044
69	7.233955
70	8.619617
71	6.674264
72	8.030704
73	7.293910
74	5.076013
75	5.816985
76	5.381545
77	4.955906
78	5.236878
79	4.900377
80	5.213502
81	5.179325
82	5.340610
83	5.244251
84	5.108619
85	5.426068
86	5.128323
87	5.716238
88	5.345512
89	8.108342
90	8.565664
91	5.460411
92	5.235352
93	5.042757
94	5.422333
95	5.435714
96	5.259905
97	5.458727
98	5.531130
99	5.691968
100	5.500728
101	5.358088
102	5.003181
103	5.459166
104	5.179085
105	5.999786
106	4.974957
107	5.600161
108	4.904705
109	5.441931
110	5.278978
111	5.283796
112	5.297632
113	5.130905
114	5.131393
115	5.217336
116	5.442307
117	5.008509
118	6.101359
119	6.031660
120	5.497826
121	5.237985
122	6.209960
123	5.389898
124	5.621769
125	5.948783
126	6.065994
127	5.620300
128	5.530524
129	5.965618
130	6.057269
131	5.921578
132	5.892247
133	5.442526
134	5.691101
135	5.420018
136	6.075638
137	5.664328
138	5.547918
139	5.001090
140	5.627462
141	5.293636
142	5.518191
143	5.434831
144	7.186126
145	8.437614
146	7.790339
147	7.651017
148	7.471942
149	8.130475
150	8.504037
151	9.359221
152	7.683782
153	8.245847
154	7.732595
155	7.167045
156	8.034905
157	7.871270
158	7.004077
159	5.765356
160	8.906002
161	8.171476
162	8.497215
163	7.438528
164	6.981311
165	7.078197
166	6.558793
167	6.658369
168	8.431432
169	8.859714
170	8.511132
171	7.706887
172	9.162331
173	8.694061
174	7.599989
175	9.632479
176	9.240594
177	8.351417
178	10.324773
179	8.016839
180	8.845320
181	8.974030
182	9.667523
183	8.565969
184	7.452624
185	7.155182
186	8.333361
187	7.865316
188	8.411593
189	7.338209
190	7.206706
191	8.483082
192	8.183723
193	8.108542
194	6.048430
195	5.223771
196	5.193794
197	5.505468
198	5.796913
199	5.406791
200	5.719213
201	7.163889
202	8.980830
203	9.529775
204	8.160036
205	8.081663
206	6.472969
207	7.719092
208	7.903731
209	7.809980
210	7.022715
211	7.274731
212	7.065484
213	7.908539
214	7.407020
215	7.941906
216	8.211635
217	8.919222
218	7.874292
219	7.955429
220	7.394332
221	6.923033
222	9.673329
223	7.725523
224	7.276627
225	7.569056
226	7.638991
227	7.932024
228	8.102009
229	7.779515
230	8.713489
231	8.426685
232	8.317358
233	7.701293
234	8.864831
235	8.247647
236	8.744569
237	7.345276
238	7.641638
239	7.136309
240	7.479241
241	7.461869
242	7.662703
243	8.407938
244	7.360437
245	7.530933
246	6.085935
247	8.015864
248	8.459001
249	5.531340
250	4.777620
251	5.807730
252	5.161646
253	4.922906
254	4.551370
255	5.745162
256	5.548751
257	4.958755
258	4.179404
259	7.990704
260	7.887442
261	5.606257
262	4.959272
263	7.254577
264	6.930542
265	6.717512
266	6.286128
267	7.038877
268	6.430321
269	7.118051
270	6.373846
271	5.221541
272	7.154899
273	7.011610
274	8.497405
275	6.293557
276	8.461479
277	6.775373
278	6.725239
279	6.615178
280	7.051163
281	7.530771
282	7.187220
283	9.418263
284	6.955251
285	6.573301
286	6.574760
287	6.731338
288	5.145736
289	6.057512
290	6.423863
291	5.481416
292	6.969604
293	7.874587
294	8.684228
295	5.983821
296	8.587020
297	5.852616
298	5.802565
299	7.349833
300	6.244294
301	6.562196
302	7.577997
303	7.068138
304	7.075889
305	8.855067
306	9.823996
307	10.648776
308	6.877732
309	7.621899
310	7.800222
311	6.680405
312	8.057908
313	9.031799
314	9.307405
315	7.647053
316	10.843182
317	9.610770
318	9.206160
319	10.698087
320	11.313169
321	10.848880
322	9.806147
323	9.166105
324	9.773465
325	10.497518
326	10.261992
327	10.742598
328	9.719578
329	9.783936
330	9.139826
331	8.355124
332	10.411134
333	9.264826
334	10.513116
335	10.030160
336	9.742870
337	8.014574
338	6.263194
339	7.008630
340	5.884173
341	6.490077
342	6.953394
343	6.440139
344	6.462010
345	7.585149
346	8.025427
347	9.881341
348	8.778007
349	8.707083
350	8.244256
351	7.725522
352	9.169041
353	8.717402
354	8.619095
355	6.951525
356	9.002622
357	8.863797
358	7.026634
359	9.327839
360	7.994348
361	9.922431
362	8.590984
363	7.778309
364	8.819830
365	9.504178
366	8.832595
367	8.325994
368	9.037306
369	8.840198
370	8.736390
371	8.542684
372	7.519699
373	9.321084
374	9.263699
375	7.899577
376	10.137250
377	9.595257
378	9.185580
379	8.482504
380	8.866013
381	9.182951
382	9.365430
383	8.374709
384	8.810340
385	8.173622
386	9.029165
387	8.295030
388	8.692167
389	8.724528
390	8.828112
391	6.043533
392	7.361856
393	6.140833
394	6.249370
395	5.475701
396	6.203115
397	6.586736
398	6.307291
399	9.830468
400	9.687647
401	7.509953
402	8.508147
403	8.189466
404	8.183571
405	7.592795
406	8.316479
407	8.529396
408	7.784260
409	8.388648
410	9.139645
411	8.541305
412	7.800704
413	9.382669
414	9.135021
415	9.052370
416	8.312654
417	9.513728
418	9.408599
419	9.693560
420	9.243664
421	10.422094
422	9.437949
423	8.976035
424	9.851954
425	10.387770
426	9.876699
427	9.570490
428	10.004531
429	9.101529
430	9.316322
431	9.791124
432	9.399604
433	8.461099
434	9.472626
435	10.562613
436	10.158771
437	9.990272
438	10.888028
439	9.770288
440	9.853303
441	9.473379
442	10.986921
443	8.347607
444	9.001320
445	8.287299
446	10.302225
447	10.382769
448	7.764236
449	10.273856
450	10.243482
451	9.937419
452	9.535658
453	10.745695
454	9.540028
455	11.055847
456	10.080006
457	9.686148
458	9.725417
459	9.536607
460	9.887069
461	9.342625
462	10.164385
463	9.885198
464	9.304031
465	10.002583
466	9.807448
467	9.681746
468	9.769344
469	10.458042
470	9.485972
471	10.032310
472	9.744690
473	9.324441
474	10.578946
475	10.340219
476	9.305449
477	9.410786
478	10.747196
479	10.500937
480	9.225505
481	10.797126
482	10.209351
483	9.390510
484	10.547769
485	9.725888
486	10.045098
487	9.325204
488	7.276331
489	7.399907
490	6.457987
491	7.373952
492	10.770636
493	10.647953
494	10.065510
495	10.653868
496	10.348393
497	10.470955
498	10.412558
499	11.293318
500	9.589254
501	9.897740
502	10.475219
503	10.518944
504	9.830674
505	9.593858
506	10.137824
507	10.114564
508	9.973129
509	9.970805
510	9.752378
511	10.034787
512	8.900477
513	9.715478
514	9.434537
515	9.823066
516	8.974736
517	6.933961
518	9.617995
519	8.207228
520	10.610819
521	10.654393
522	10.261091
523	8.764526
524	9.873975
525	10.264956
526	8.787457
527	10.860611
528	10.495040
529	10.014541
530	10.670842
531	7.061356
532	10.760607
533	9.695139
534	8.378742
535	10.674198
536	9.672907
537	9.552642
538	11.128095
539	11.041871
540	10.564137
541	10.988704
542	11.191895
543	10.837041
544	10.266361
545	10.358803
546	10.379179
547	10.506593
548	10.792504
549	10.914698
550	10.846965
551	10.643786
552	10.949204
553	10.627463
554	10.941860
555	10.494328
556	11.202718
557	10.370205
558	10.818328
559	11.591918
560	11.060128
561	12.101018
562	11.995521
563	11.832651
564	10.948682
565	11.742240
566	11.364852
567	11.638784
568	11.534518
569	11.807221
570	10.925146
571	10.868626
572	10.649209
573	10.939887
574	10.038948
575	10.321904
576	11.028195
577	11.363976
578	10.658870
579	11.635713
580	11.367365
581	11.367325
582	11.539065
583	11.700235
584	11.640988
585	10.646589
586	11.130920
587	11.345749
588	11.159008
589	11.667514
590	11.953354
591	11.056304
592	10.700192
593	11.468155
594	11.004139
595	11.512275
596	11.443415
597	11.861444
598	11.026233
599	10.943976
600	11.557486
601	11.363847
602	11.157891
603	11.596978
604	11.533713
605	11.180879
606	11.566562
607	11.732217
608	9.208561
609	9.155878
610	9.231277
611	10.964457
612	11.353414
613	11.442942
614	11.473171
615	11.493677
616	11.840464
617	11.197008
618	11.634337
619	11.246424
620	10.709989
621	11.060114
622	10.123569
623	11.192473
624	11.458282
625	11.447236
626	11.648850
627	11.064441
628	11.451941
629	10.239555
630	9.942569
631	10.820332
632	9.879627
633	9.952735
634	10.163257
635	9.525501
636	8.220473
637	9.821568
638	9.766411
639	10.416415
640	10.521736
641	9.266726
642	7.466951
643	8.147487
644	7.733692
645	7.285897
646	8.616775
647	8.251438
648	11.423375
649	9.610105
650	9.496046
651	9.519074
652	9.172104
653	10.913871
654	10.885225
655	10.939083
656	10.860661
657	10.729686
658	10.370424
659	10.829062
660	9.889196
661	10.599072
662	9.929691
663	9.190278
664	8.980836
665	9.471483
666	9.703977
667	9.401467
668	9.281605
669	9.244792
670	9.063730
671	9.276262
672	9.811980
673	9.034059
674	10.609385
675	10.043669
676	10.403391
677	10.704510
678	11.292334
679	9.742455
680	10.145489
681	10.945908
682	10.862988
683	10.173091
684	10.502209
685	8.698295
686	7.668358
687	8.988894
688	11.081714
689	10.262538
690	9.842767
691	11.562097
692	9.500684
693	10.785942
694	10.039655
695	10.919009
696	11.383833
697	11.032850
698	7.451746
699	7.991321
700	7.330253
701	7.652540
702	9.084630
703	10.855476
704	9.041377
705	10.156262
706	10.436982
707	10.919351
708	9.772645
709	10.519818
710	10.079054
711	10.789537
712	10.240169
713	10.059369
714	10.725152
715	11.509487
716	10.145440
717	10.157693
718	10.715457
719	9.059102
720	11.178882
721	11.176951
722	10.784821
723	11.292770
724	10.323655
725	10.140072
726	9.491923
727	11.355415
728	10.365429
729	10.686951
730	10.991176
731	10.253126
732	9.691877
733	10.603910
734	10.110435
735	9.613688
736	10.485600
737	9.990928
738	10.795583
739	10.846035
740	8.042193
741	8.471519
742	7.613948
743	7.434790
744	8.653647
745	8.494524
746	10.256826
747	10.986032
748	10.356530
749	8.932173
750	10.575622
751	11.127717
752	10.462518
753	9.502874
754	9.703886
755	10.789393
756	7.759668
757	10.503894
758	8.260966
759	7.658840
760	9.007071
761	7.285174
762	10.749467
763	10.193950
764	9.912808
765	10.563546
766	10.115858
767	9.566511
768	10.191389
769	10.999609
770	10.262733
771	11.289647
772	11.224358
773	10.380795
774	9.374802
775	10.336927
776	9.747000
777	9.242089
778	11.174813
779	7.560670
780	7.126360
781	6.874827
782	7.428196
783	7.245472
784	9.599117
785	8.859382
786	9.994846
787	10.197070
788	10.455519
789	10.826440
790	10.075037
791	8.885212
792	10.678794
793	9.323873
794	10.914251
795	10.466776
796	9.118039
797	9.323336
798	8.820173
799	10.414120
800	8.897960
801	10.502355
802	10.955386
803	10.136658
804	10.469120
805	10.280148
806	10.072158
807	10.160264
808	7.892159
809	10.564300
810	9.966783
811	10.507565
812	9.528215
813	10.885430
814	10.422081
815	10.518227
816	10.594285
817	10.390673
818	11.363891
819	10.373300
820	8.500145
821	7.798553
822	7.590811
823	8.509725
824	7.447659
825	7.414243
826	7.951822
827	7.619640
828	7.804887
829	7.573585
830	7.668781
831	7.778079
832	9.939714
833	10.434395
834	11.111909
835	11.348101
836	11.018738
837	10.394105
838	11.112812
839	11.339833
840	11.142543
841	7.069520
842	7.344897
843	7.475620
844	7.375786
845	8.490219
846	7.868861
847	7.970967
848	8.856484
849	8.003724
850	8.626394
851	8.486053
852	8.071004
853	8.671378
854	10.404178
855	7.798757
856	7.719158
857	7.313884
858	7.366234
859	7.727215
860	7.663545
861	6.943966
862	7.012746
863	7.702295
864	7.516444
865	7.379447
866	7.641760
867	7.226680
868	7.164209
869	7.252428
870	7.296752
871	7.094447
872	7.810418
873	7.760852
874	7.101480
875	7.620992
876	6.778754
877	7.725291
878	8.185535
879	7.216403
880	7.865087
881	7.515543
882	11.764783
883	10.604479
884	11.181170
885	11.353745
886	11.121933
887	10.603251
888	10.912059
889	10.880024
890	10.655305
891	10.209421
892	9.974937
893	9.141845
894	10.878172
895	11.137095
896	11.515810
897	11.767251
898	10.620123
899	11.061403
900	10.704755
901	11.468750
902	10.950534
903	11.184464
904	11.179305
905	10.974056
906	10.955009
907	10.393291
908	11.288871
909	10.859003
910	11.326594
911	10.603409
912	11.100509
913	11.159560
914	10.997368
915	10.479862
916	11.410009
917	11.183962
918	10.454998
919	11.154270
920	11.121969
921	10.461655
922	10.764925
923	10.503381
924	9.309146
925	9.496915
926	10.801083
927	11.331151
928	9.178241
929	10.858500
930	9.486923
931	10.159237
932	9.532937
933	10.936005
934	10.333676
935	10.953694
936	10.691308
937	11.295171
938	10.897434
939	10.416616
940	10.889946
941	11.331219
942	11.017191
943	10.584015
944	10.577168
945	10.893287
946	10.449825
947	10.818549
948	10.431557
949	10.501896
950	10.435147
951	10.276642
952	11.284059
953	10.961378
954	10.741474
955	10.709533
956	10.450601
957	10.912395
958	10.888457
959	11.097217
960	10.809376
961	10.909695
962	10.395041
963	11.451310
964	9.686512
965	11.440341
966	10.376140
967	10.319695
968	10.321876
969	8.945279
970	9.738747
971	9.000694
972	9.734973
973	10.724192
974	9.401043
975	11.190952
976	8.746131
977	9.975250
978	9.844810
979	9.374807
980	10.238309
981	10.135622
982	9.296070
983	10.301733
984	10.599048
985	10.582768
986	10.441551
987	9.866688
988	10.201259
989	9.827849
990	9.499331
991	10.261704
992	10.403619
993	10.020252
994	9.707794
995	10.110230
996	10.550777
997	11.348966
998	10.519130
999	10.209915
1000	10.747841
1001	10.316485
1002	10.360353
1003	10.753021
1004	10.605523
1005	10.935207
1006	10.241334
1007	9.705078
1008	9.834900
1009	9.813893
1010	10.560725
1011	9.401031
1012	9.815812
1013	11.048966
1014	10.180782
1015	9.830317
1016	9.198540
1017	10.569056
1018	9.321699
1019	8.361494
1020	8.355058
1021	9.128447
1022	9.236515
1023	9.448621
1024	8.360575
1025	10.132585
1026	9.631745
1027	10.568599
1028	10.623768
1029	9.792116
1030	9.829031
1031	11.364444
1032	10.299423
1033	10.693295
1034	9.921618
1035	10.073234
1036	9.787574
1037	8.404583
1038	10.760920
1039	9.973446
1040	9.456515
1041	9.609315
1042	10.278080
1043	9.105532
1044	10.157099
1045	9.352521
1046	9.160802
1047	10.611206
1048	10.987179
1049	10.791705
1050	10.071747
1051	10.813708
1052	10.602250
1053	11.226224
1054	10.530266
1055	9.461163
1056	10.061005
1057	10.417629
1058	9.975375
1059	9.367316
1060	9.464276
1061	9.374350
1062	9.186267
1063	10.017690
1064	11.748013
1065	10.403655
1066	10.199068
1067	10.415729
1068	7.760782
1069	7.516123
1070	7.288203
1071	7.689401
1072	8.067653
1073	8.060458
1074	7.765688
1075	6.855392
1076	7.676163
1077	7.566167
1078	8.248546
1079	7.600040
1080	7.284984
1081	7.825395
1082	8.133665
1083	8.439057
1084	7.704193
1085	7.581801
1086	7.081630
1087	8.515659
1088	8.332723
1089	9.903531
1090	10.655628
1091	10.691702
1092	9.888100
1093	9.065836
1094	7.800490
1095	8.476504
1096	9.444875
1097	9.580265
1098	10.266425
1099	10.837648
1100	11.205586
1101	10.607743
1102	10.556645
1103	9.177953
1104	9.526931
1105	9.321060
1106	9.764149
1107	10.058204
1108	10.054883
1109	10.660965
1110	10.799852
1111	7.966218
1112	8.879647
1113	9.847660
1114	10.967306
1115	10.299756
1116	9.459684
1117	10.545376
1118	9.511542
1119	10.546493
1120	9.872635
1121	9.924729
1122	10.861664
1123	11.025449
1124	10.809079
1125	7.768787
1126	10.093848
1127	10.161662
1128	10.196573
1129	8.745691
1130	10.686455
1131	11.079150
1132	10.249678
1133	9.925082
1134	10.756199
1135	9.767769
1136	9.827448
1137	10.029403
1138	10.762101
1139	10.953945
1140	11.112831
1141	10.375996
1142	10.318081
1143	9.530979
1144	8.825877
1145	10.085341
1146	10.077525
1147	10.089490
1148	9.397421
1149	8.895856
1150	11.020243
1151	9.399861
1152	9.598606
1153	9.182796
1154	9.840257
1155	9.820499
1156	9.925010
1157	9.382648
1158	9.372945
1159	9.590510
1160	9.201617
1161	9.485742
1162	9.369543
1163	9.784548
1164	9.351338
1165	9.723356
1166	10.249263
1167	10.167401
1168	8.996472
1169	10.100422
1170	9.639777
1171	9.946621
1172	9.714910
1173	9.583276
1174	9.496613
1175	9.201802
1176	9.769984
1177	9.715092
1178	9.555928
1179	9.968940
1180	10.876019
1181	9.475910
1182	9.132998
1183	9.800522
1184	9.773417
1185	10.397375
1186	9.892627
1187	9.632720
1188	9.493598
1189	8.971159
1190	10.317582
1191	9.321553
1192	10.072756
1193	9.919783
1194	10.074232
1195	10.562804
1196	9.219205
1197	9.858041
1198	9.414602
1199	9.648223
1200	9.889815
1201	8.981722
1202	8.679110
1203	10.325483
1204	9.657155
1205	10.668597
1206	11.069499
1207	9.241391
1208	10.475381
1209	9.191228
1210	9.595296
1211	10.372257
1212	10.305999
1213	10.408384
1214	10.421063
1215	8.948056
1216	9.311502
1217	9.864560
1218	9.886438
1219	9.388622
1220	9.534449
1221	9.412654
1222	9.691744
1223	8.816379
1224	8.517634
1225	9.217392
1226	10.051219
1227	9.342409
1228	9.342377
1229	9.964783
1230	9.373549
1231	9.491933
1232	9.314050
1233	11.075527
1234	9.679572
1235	9.601906
1236	9.180173
1237	10.301325
1238	10.195975
1239	10.354303
1240	9.252945
1241	9.500525
1242	10.294337
1243	10.814590
1244	10.113338
1245	9.149416
1246	9.573724
1247	9.594540
1248	9.357398
1249	9.172136
1250	9.302736
1251	9.115048
1252	9.483761
1253	9.117971
1254	10.046347
1255	10.755189
1256	9.008646
1257	8.988471
1258	10.419314
1259	10.770270
1260	9.171525
1261	9.238150
1262	9.157081
1263	9.672771
1264	11.097860
1265	9.057560
1266	9.367455
1267	9.660321
1268	10.370255
1269	9.590484
1270	10.180933
1271	9.555255
1272	9.163128
1273	10.793706
1274	11.335441
1275	9.225894
1276	9.611379
1277	9.322285
1278	10.381489
1279	10.846224
1280	9.229133
1281	9.265355
1282	10.439515
1283	9.540681
1284	10.531276
1285	9.364231
1286	9.224749
1287	9.357726
1288	10.332335
1289	10.958552
1290	9.404698
1291	9.556868
1292	9.551445
1293	9.133204
1294	9.521564
1295	10.656721
1296	10.429731
1297	9.459657
1298	9.536672
1299	9.336863
1300	11.227707
1301	10.234168
1302	10.080129
1303	10.965223
1304	10.519510
1305	9.318412
1306	9.607029
1307	11.454544
1308	10.227184
1309	9.368814
1310	9.275106
1311	9.619163
1312	9.806376
1313	9.605181
1314	9.492446
1315	9.997430
1316	10.750780
1317	10.975615
1318	10.835378
1319	10.593648
1320	9.948693
1321	8.685091
1322	9.765946
1323	10.887136
1324	10.097021
1325	10.166485
1326	10.558133
1327	10.585755
1328	9.411684
1329	10.880091
1330	10.758671
1331	10.292916
1332	9.100268
1333	9.290645
1334	9.612912
1335	9.827971
1336	9.576122
1337	10.643373
1338	9.216215
1339	9.544307
1340	10.356297
1341	10.814075
1342	11.211875
1343	10.784566
1344	10.637766
1345	10.375865
1346	10.723218
1347	10.886351
1348	11.015543
1349	10.821919
1350	11.405587
1351	9.660411
1352	10.047078
1353	10.991207
1354	10.374854
1355	11.027520
1356	9.978681
1357	11.202736
1358	10.481463
1359	9.513055
1360	9.699260
1361	10.221923
1362	10.576833
1363	10.298377
1364	10.200437
1365	9.466156
1366	10.411653
1367	10.695167
1368	9.151971
1369	10.578568
1370	10.193892
1371	9.694857
1372	10.482851
1373	11.148993
1374	10.620911
1375	8.996786
1376	9.344852
1377	10.167938
1378	10.056157
1379	9.748776
1380	9.593482
1381	9.273085
1382	7.743061
1383	6.813293
1384	8.549003
1385	7.961440
1386	10.282048
1387	10.207004
1388	10.143534
1389	10.528703
1390	10.375695
1391	10.966118
1392	9.826000
1393	10.955194
1394	10.168816
1395	9.829582
1396	9.858909
1397	10.037852
1398	9.419350
1399	10.494709
1400	9.667280
1401	10.335058
1402	9.978621
1403	10.132918
1404	10.157056
1405	9.897619
1406	9.748178
1407	10.240222
1408	9.867737
1409	10.533036
1410	9.843407
1411	10.815785
1412	9.362638
1413	10.510228
1414	10.113210
1415	10.108769
1416	9.689810
1417	9.496027
1418	9.545364
1419	9.042843
1420	9.872071
1421	9.790514
1422	9.328676
1423	9.589880
1424	10.390238
1425	10.519153
1426	10.562165
1427	8.458943
1428	8.722425
1429	9.123762
1430	10.461258
1431	9.585211
1432	9.836415
1433	9.434031
1434	10.809625
1435	9.597112
1436	10.360908
1437	9.505555
1438	10.086250
1439	9.106544
1440	9.377002
1441	9.571541
1442	8.892349
1443	9.631951
1444	10.019079
1445	9.862172
1446	8.934290
1447	10.393068
1448	9.556447
1449	10.015025
1450	9.843624
1451	9.533339
1452	10.090169
1453	9.307243
1454	10.119055
1455	10.580663
1456	10.400866
1457	10.241018
1458	10.400223
1459	10.547308
1460	9.511227
1461	9.491307
1462	9.541654
1463	10.567241
1464	10.955595
1465	9.488157
1466	8.929150
1467	9.425829
1468	9.357918
1469	9.172417
1470	10.440942
1471	10.458797
1472	8.738381
1473	9.068990
1474	10.169513
1475	9.666766
1476	9.230543
1477	9.342083
1478	11.168144
1479	10.863242
1480	11.019224
1481	9.712971
1482	9.923278
1483	9.147345
1484	9.833591
1485	9.719370
1486	9.151334
1487	9.262084
1488	10.823092
1489	9.310604
1490	9.744441
1491	11.610881
1492	9.598579
1493	9.680015
1494	10.113945
1495	10.122703
1496	9.414925
1497	10.374718
1498	9.100982
1499	10.904191
1500	9.614709
1501	10.342452
1502	11.036421
1503	9.934091
1504	9.354992
1505	10.109169
1506	9.715513
1507	9.628639
1508	9.337710
1509	10.493348
1510	10.950529
1511	9.320010
1512	9.576016
1513	8.709638
1514	7.849293
1515	7.723077
1516	10.227960
1517	9.844522
1518	9.146030
1519	10.813470
1520	9.217595
1521	9.454182
1522	8.799961
1523	9.426468
1524	10.473559
1525	9.252588
1526	9.185072
1527	10.099253
1528	9.886868
1529	9.520903
1530	9.721372
1531	10.334586
1532	9.523046
1533	10.247590
1534	9.165926
1535	10.950696
1536	10.382551
1537	10.065850
1538	9.712256
1539	9.439024
1540	9.617932
1541	11.201009
1542	11.202229
1543	9.308614
1544	9.929144
1545	10.929538
1546	9.294911
1547	11.315969
1548	10.308648
1549	9.559430
1550	10.424476
1551	10.296221
1552	9.148920
1553	10.856012
1554	9.203932
1555	9.992270
1556	10.104609
1557	10.433403
1558	10.026003
1559	10.737029
1560	9.667489
1561	10.124229
1562	9.607598
1563	10.777597
1564	9.626352
1565	9.192391
1566	9.823277
1567	11.009054
1568	10.592614
1569	9.462054
1570	9.797387
1571	10.774560
1572	11.151340
1573	9.647176
1574	9.681744
