0	1.794743
1	1.874968
2	2.029634
3	2.091647
4	3.666799
5	3.265671
6	3.755061
7	3.374937
8	3.611027
9	3.153109
10	3.476393
11	3.995357
12	3.236835
13	3.394790
14	3.370177
15	3.177767
16	3.476048
17	3.803157
18	3.011795
19	3.921492
20	3.122131
21	3.366392
22	3.611066
23	3.470749
24	3.017732
25	3.568892
26	3.008271
27	4.050703
28	3.427303
29	3.612619
30	3.375364
31	3.564462
32	3.679402
33	3.116183
34	3.599220
35	3.283869
36	2.961653
37	3.381494
38	3.219971
39	3.375101
40	3.369038
41	2.556189
42	3.012873
43	3.058071
44	3.107942
45	2.329530
46	3.358898
47	3.065501
48	3.306525
49	2.999566
50	3.315326
51	2.692915
52	2.810657
53	3.323987
54	3.334353
55	2.750748
56	3.195135
57	2.218489
58	2.853946
59	3.025128
60	3.071203
61	3.774456
62	2.496340
63	3.480819
64	3.198827
65	3.492235
66	2.842340
67	3.310981
68	3.471268
69	3.517541
70	3.301712
71	3.371928
72	3.532731
73	3.480644
74	3.359566
75	3.303985
76	3.320873
77	3.303420
78	3.582036
79	2.916060
80	3.382500
81	2.992005
82	3.314181
83	3.353013
84	2.954996
85	2.936766
86	3.147711
87	3.216800
88	3.412242
89	3.132170
90	3.523892
91	3.224063
92	3.550899
93	3.418507
94	2.764234
95	3.374816
96	3.458625
97	3.918594
98	3.644092
99	3.256471
100	3.781017
101	3.233961
102	3.754919
103	4.702051
104	3.658099
105	3.559465
106	3.910359
107	3.431242
108	3.681561
109	3.404042
110	3.743542
111	3.608048
112	3.561531
113	4.305686
114	3.286775
115	3.462832
116	3.559131
117	3.880451
118	3.378417
119	3.400674
120	3.374300
121	3.425055
122	3.199594
123	3.582654
124	3.497685
125	3.330044
126	3.718467
127	3.385574
128	3.423579
129	3.294133
130	3.086274
131	3.545222
132	3.559468
133	3.447986
134	3.529716
135	2.910069
136	3.711887
137	3.378521
138	3.640258
139	3.628181
140	3.575763
141	3.755028
142	3.446740
143	3.576634
144	2.906374
145	3.363824
146	3.478420
147	3.199827
148	3.360969
149	3.445648
150	2.423056
151	2.713411
152	3.598694
153	3.299865
154	3.141099
155	3.602278
156	3.320073
157	3.386827
158	3.394420
159	3.598735
160	3.059999
161	3.349329
162	3.494022
163	3.523277
164	3.808364
165	3.130014
166	3.660113
167	3.295031
168	3.491964
169	3.398620
170	3.468373
171	3.319646
172	3.381467
173	3.617883
174	3.418372
175	2.022796
176	3.441555
177	3.277224
178	2.841958
179	3.216957
180	3.496987
181	3.796550
182	3.461923
183	3.176100
184	3.568724
185	3.491719
186	3.517969
187	3.177718
188	3.415975
189	3.670830
190	3.701921
191	3.435172
192	3.457255
193	3.210201
194	3.462167
195	2.866829
196	2.298652
197	2.697592
198	2.359617
199	2.961148
200	3.186019
201	3.371486
202	3.671405
203	3.397499
204	3.218014
205	4.020521
206	3.257119
207	3.467465
208	2.954335
209	3.519434
210	3.452318
211	3.209206
212	3.243042
213	3.208907
214	2.963463
215	3.377897
216	3.750372
217	3.655066
218	2.980218
219	2.961537
220	2.645035
221	3.741938
222	3.111220
223	2.986434
224	3.047638
225	3.324663
226	3.229521
227	2.971616
228	3.734999
229	3.411949
230	3.492077
231	3.409755
232	3.180266
233	3.674795
234	3.573274
235	3.142198
236	3.087427
237	3.367968
238	3.178898
239	3.108926
240	3.621228
241	3.648273
242	3.294662
243	3.452636
244	3.332117
245	2.879098
246	3.620555
247	2.878437
248	3.550815
249	3.366095
250	3.415303
251	3.515753
252	2.855136
253	3.187682
254	3.472434
255	3.199713
256	3.352998
257	3.497325
258	3.524160
259	3.043038
260	3.112092
261	3.307232
262	2.992760
263	3.379185
264	3.191439
265	3.359334
266	3.390898
267	3.293111
268	2.928535
269	3.224066
270	3.301772
271	2.970032
272	3.556697
273	3.372448
274	3.511497
275	3.482099
276	3.619476
277	3.030957
278	3.854153
279	1.984390
280	2.921266
281	3.180282
282	2.261218
283	2.793103
284	3.330273
285	3.274292
286	3.138615
287	3.318264
288	2.752965
289	3.439421
290	3.236820
291	3.472085
292	3.280029
293	3.240218
294	3.114787
295	3.328501
296	3.140733
297	2.942074
298	3.284724
299	3.229908
300	3.535623
301	3.184006
302	3.375768
303	2.939812
304	2.875776
305	3.366003
306	3.476982
307	3.538054
308	3.598747
309	3.447288
310	3.800686
311	4.098366
312	3.568260
313	3.223630
314	3.693253
315	3.482902
316	3.966473
317	3.181712
318	3.445360
319	4.192432
320	3.873238
321	3.507549
322	3.567608
323	3.724272
324	3.504139
325	3.075077
326	3.657774
327	3.123911
328	3.398884
329	3.163807
330	3.211310
331	3.192897
332	3.616697
333	3.427303
334	3.529120
335	3.190392
336	3.281342
337	3.327836
338	2.812152
339	3.227334
340	3.725440
341	3.382676
342	3.335625
343	3.491862
344	3.703213
345	3.604195
346	3.494996
347	3.444952
348	2.959156
349	3.745891
350	3.522528
351	3.488381
352	3.332941
353	3.111174
354	3.457817
355	3.452217
356	3.329534
357	3.783568
358	3.364491
359	3.103706
360	3.174288
361	2.866321
362	3.285194
363	3.507606
364	3.310679
365	3.572131
366	3.437106
367	3.494697
368	3.524444
369	3.377944
370	3.849622
371	3.400999
372	3.469768
373	3.436390
374	3.359823
375	3.160681
376	3.530099
377	3.368706
378	3.089238
379	3.814749
380	3.705686
381	3.703809
382	3.345369
383	3.594944
384	3.362901
385	3.441772
386	3.347151
387	3.174165
388	3.545844
389	2.914586
390	4.804268
391	3.402971
392	3.754797
393	3.500758
394	3.199825
395	3.400957
396	3.692221
397	3.512521
398	3.417963
399	3.405676
400	3.250496
401	3.703852
402	3.344342
403	3.458527
404	3.413997
405	3.256167
406	3.351861
407	3.146299
408	3.525564
409	3.295058
410	2.898470
411	3.122240
412	3.630442
413	3.328254
414	3.349656
415	3.232505
416	3.207507
417	3.236137
418	3.659442
419	3.109999
420	3.307350
421	3.037914
422	2.975303
423	2.922773
424	3.466266
425	3.608807
426	3.410194
427	3.188185
428	3.378479
429	3.201014
430	3.575947
431	3.536507
432	3.460872
433	3.018239
434	3.571848
435	3.663249
436	3.074820
437	3.416518
438	3.522138
439	3.331379
440	3.343438
441	3.779007
442	3.578860
443	3.370816
444	3.420439
445	3.379441
446	3.282900
447	3.413491
448	3.689700
449	3.304680
450	3.229692
451	3.336605
452	3.425992
453	3.408032
454	3.345386
455	3.132233
456	3.124307
457	3.024448
458	3.015792
459	3.255903
460	3.335924
461	3.314951
462	3.331201
463	3.550858
464	3.344682
465	3.075339
466	3.571303
467	3.043697
468	3.265669
469	3.274520
470	3.473228
471	3.312341
472	3.093951
473	3.642941
474	3.433682
475	3.159144
476	3.557903
477	3.154362
478	3.364906
479	3.109292
480	3.474333
481	3.455329
482	3.467543
483	3.233171
484	3.419152
485	3.310151
486	3.451348
487	3.075870
488	3.608098
489	3.613703
490	3.134703
491	3.543156
492	3.430449
493	2.967910
494	3.311708
495	3.067993
496	2.998700
497	2.917089
498	3.019638
499	3.314364
500	2.743667
501	3.372627
502	2.665128
503	2.785357
504	3.179846
505	3.038290
506	2.970690
507	2.433760
508	3.236323
509	3.456765
510	3.995318
511	3.592370
512	3.381758
513	3.425216
514	3.443737
515	2.839190
516	3.090191
517	3.246879
518	3.061871
519	2.897891
520	3.190703
521	2.925527
522	3.600736
523	3.098081
524	2.760601
525	3.216966
526	3.290137
527	3.251645
528	3.016286
529	3.532775
530	3.452170
531	3.371292
532	3.533638
533	3.410411
534	3.334745
535	3.205063
536	3.748343
537	3.070483
538	3.198274
539	3.334664
540	2.984193
541	3.453125
542	3.639949
543	3.195294
544	3.053963
545	3.280897
546	3.267284
547	3.672106
548	3.369402
549	3.206026
550	3.328948
551	3.409258
552	3.277218
553	3.798207
554	3.341274
555	3.298849
556	3.472566
557	3.438603
558	3.506395
559	3.449414
560	3.252646
561	3.424238
562	3.090209
563	3.400721
564	3.332652
565	3.607022
566	3.576004
567	3.473962
568	3.039558
569	3.328995
570	3.528768
571	3.371365
572	3.304008
573	3.137981
574	3.668866
575	4.342086
576	3.477426
577	3.421036
578	3.402956
579	3.224188
580	3.283121
581	3.619349
582	3.292024
583	3.037596
584	3.800594
585	3.787743
586	3.499873
587	3.404189
588	3.483490
589	3.691896
590	3.390484
591	3.159366
592	2.155782
593	3.464177
594	3.414978
595	2.932390
596	3.412477
597	3.800563
598	3.377959
599	3.258422
600	3.381418
601	3.018922
602	3.653712
603	3.025641
604	3.608573
605	3.312356
606	3.663813
607	3.737338
608	3.348391
609	3.527635
610	3.312677
611	3.389451
612	3.253401
613	3.090792
614	3.240954
615	3.045932
616	3.363618
617	3.757897
618	3.574212
619	3.519458
620	3.399173
621	3.371099
622	3.160206
623	3.215883
624	3.431037
625	3.060492
626	4.210402
627	4.188626
628	2.907872
629	3.638310
630	3.452740
631	3.213547
632	2.970841
633	3.202172
634	3.394892
635	3.337949
636	3.410111
637	3.664139
638	3.136513
639	3.715589
640	3.114832
641	3.260339
642	3.289698
643	3.023967
644	3.232906
645	3.183349
646	2.722905
647	3.913838
648	3.124837
649	3.391661
650	3.424288
651	3.534984
652	3.118735
653	3.134118
654	3.794338
655	3.755449
656	3.562328
657	3.731995
658	3.460770
659	3.488397
660	3.392730
661	3.411302
662	3.305678
663	3.698131
664	3.222439
665	3.277222
666	3.063494
667	3.306504
668	3.662802
669	3.697906
670	3.238365
671	3.234592
672	3.463596
673	3.343140
674	3.125381
675	3.330798
676	3.672927
677	2.977130
678	3.253584
679	2.762865
680	3.323824
681	3.462742
682	3.452970
683	3.362530
684	3.053026
685	3.449200
686	3.450517
687	2.597905
688	3.276538
689	3.188760
690	3.144427
691	2.938062
692	3.138582
693	2.985333
694	3.113922
695	3.331832
696	3.460294
697	3.002911
698	3.499536
699	3.546236
700	3.471805
701	3.340506
702	3.504187
703	3.523764
704	3.501500
705	3.558161
706	2.932219
707	3.763958
708	3.410498
709	3.588108
710	3.181921
711	3.069365
712	3.412361
713	3.292977
714	3.524375
715	3.496897
716	3.542777
717	3.494021
718	3.446883
719	3.305631
720	3.393255
721	3.631929
722	3.519219
723	3.272202
724	2.934720
725	3.215740
726	3.360788
727	3.347550
728	3.391001
729	3.594774
730	3.137436
731	3.295423
732	3.432113
733	3.075891
734	3.176556
735	3.237811
736	3.191020
737	3.428266
738	3.246325
739	3.095852
740	3.117145
741	3.466223
742	3.372876
743	3.486115
744	3.376595
745	3.356498
746	3.322798
747	3.297880
748	3.511925
749	3.403219
750	3.245860
751	3.421198
752	3.409473
753	3.167601
754	3.272601
755	3.201341
756	3.565584
757	3.689471
758	3.601236
759	3.326065
760	3.192898
761	3.133401
762	3.757298
763	2.852877
764	3.388985
765	3.152478
766	3.049231
767	2.872158
768	3.159876
769	2.963934
770	3.352922
771	3.302621
772	3.593617
773	3.350377
774	3.211698
775	3.108233
776	3.460431
777	3.243488
778	3.194025
779	3.422113
780	3.366941
781	3.366674
782	3.789747
783	3.574048
784	3.460146
785	3.498859
786	3.500227
787	3.244336
788	3.423754
789	3.456443
790	3.318132
791	3.271914
792	3.289890
793	3.405305
794	3.247217
795	3.437237
796	3.744306
797	3.108281
798	3.259891
799	2.793189
800	3.356472
801	3.254594
802	3.618189
803	3.043469
804	3.209939
805	3.091311
806	3.549772
807	3.406009
808	3.394288
809	3.590249
810	3.113902
811	3.016041
812	2.808789
813	2.686337
814	3.565542
815	3.659959
816	3.558496
817	3.553532
818	3.728444
819	3.446941
820	3.420771
821	3.125075
822	3.531843
823	3.354668
824	3.494178
825	3.476596
826	3.296800
827	3.370994
828	3.260110
829	4.006517
830	3.257854
831	3.352895
832	3.913362
833	3.617318
834	3.256579
835	3.376523
836	3.511611
837	3.030926
838	3.299169
839	3.269083
840	3.554519
841	3.405379
842	3.428252
843	3.583126
844	3.016786
845	2.558906
846	3.368086
847	3.280553
848	3.369720
849	3.341508
850	3.624761
851	3.442932
852	3.233640
853	3.548534
854	3.286471
855	3.439211
856	3.127460
857	3.430029
858	3.158903
859	3.429065
860	3.558443
861	3.483278
862	2.973939
863	3.203969
864	3.481165
865	3.542545
866	3.322783
867	2.954277
868	3.390146
869	3.715830
870	3.160601
871	3.503914
872	3.085220
873	2.972811
874	3.237670
875	3.493123
876	3.390294
877	3.268898
878	3.284762
879	3.061664
880	3.256227
881	2.910958
882	3.846464
883	3.917805
884	2.712085
885	3.643144
886	3.283990
887	3.861722
888	3.293144
889	3.285373
890	3.725628
891	3.407888
892	3.410545
893	3.344818
894	3.113165
895	3.380472
896	3.353655
897	2.979881
898	3.101128
899	3.182905
900	3.365903
901	3.505338
902	3.579077
903	3.293190
904	2.828286
905	3.479269
906	3.358479
907	3.052029
908	3.575652
909	3.223985
910	3.708276
911	3.241822
912	3.795193
913	3.184430
914	3.324395
915	3.375693
916	3.183365
917	3.365011
918	3.314589
919	3.384759
920	3.537656
921	3.351805
922	3.343977
923	3.224221
924	3.228790
925	3.277939
926	3.312598
927	3.798646
928	3.023475
929	3.181981
930	3.454287
931	3.341734
932	3.377144
933	2.745417
934	2.970269
935	2.542222
936	3.337471
937	3.736966
938	3.418624
939	3.107426
940	3.237374
941	3.129007
942	3.705631
943	3.415643
944	3.641246
945	3.565572
946	3.441423
947	2.702332
948	3.636070
949	3.639930
950	3.703161
951	3.935097
952	3.511311
953	3.080214
954	3.483305
955	3.607617
956	3.397381
957	4.135709
958	3.112620
959	3.138246
960	3.886464
961	3.456371
962	3.130032
963	3.100208
964	3.513460
965	3.504257
966	3.516517
967	3.497859
968	3.762418
969	3.683559
970	3.714797
971	3.652645
972	3.396837
973	3.362231
974	3.524840
975	3.631472
976	3.479221
977	2.947423
978	3.259418
979	3.386888
980	3.457453
981	3.733322
982	3.568098
983	3.588260
984	3.696052
985	3.094527
986	3.477383
987	3.388640
988	3.706938
989	3.288966
990	3.474334
991	3.822958
992	3.174793
993	3.310557
994	3.027227
995	3.429637
996	3.113760
997	3.360744
998	3.399500
999	3.122452
1000	2.425469
1001	3.069397
1002	2.061771
1003	3.125028
1004	2.214724
1005	3.351848
1006	3.418814
1007	3.396778
1008	3.465559
1009	3.274311
1010	3.434312
1011	3.864775
1012	3.229735
1013	4.442802
1014	3.723385
1015	3.707791
1016	4.024837
1017	2.872907
1018	3.318387
1019	3.417715
1020	3.772929
1021	3.438441
1022	3.461358
1023	3.353700
1024	3.103369
1025	3.834474
1026	3.669076
1027	2.558201
1028	3.249939
1029	3.175028
1030	3.643307
1031	3.441644
1032	3.504569
1033	3.393553
1034	3.214560
1035	2.566727
1036	3.452451
1037	3.370905
1038	3.280823
1039	3.356634
1040	2.704681
1041	3.717110
1042	2.198001
1043	2.612299
1044	2.961690
1045	3.522770
1046	2.968939
1047	3.220994
1048	2.975467
1049	3.111431
1050	3.105625
1051	3.111108
1052	2.893958
1053	3.635642
1054	3.263139
1055	3.195700
1056	3.394408
1057	2.235935
1058	3.057333
1059	3.775010
1060	3.525934
1061	3.699813
1062	3.460780
1063	3.447971
1064	3.301001
1065	3.634089
1066	3.760571
1067	3.124758
1068	3.225306
1069	3.827285
1070	3.809474
1071	3.675243
1072	3.150078
1073	3.595914
1074	3.441235
1075	2.980284
1076	3.629257
1077	3.343859
1078	3.426577
1079	3.682201
1080	3.796065
1081	2.974205
1082	3.709408
1083	3.213175
1084	3.507162
1085	3.498600
1086	3.505154
1087	3.212101
1088	3.193948
1089	3.627685
1090	3.447016
1091	3.183852
1092	3.006427
1093	3.486921
1094	3.012308
1095	3.875954
1096	3.625381
1097	3.857993
1098	3.824055
1099	3.184602
1100	3.270183
1101	3.920995
1102	3.497041
1103	3.706510
1104	3.320539
1105	3.418144
1106	3.242855
1107	3.069234
1108	2.848824
1109	2.066060
1110	3.143769
1111	2.829787
1112	2.241562
1113	3.007824
1114	3.336735
1115	3.100016
1116	3.517458
1117	3.406553
1118	3.653505
1119	3.484840
1120	3.304361
1121	3.546167
1122	3.532053
1123	3.564953
1124	3.692668
1125	3.196170
1126	3.025723
1127	3.671662
1128	3.403850
1129	2.832983
1130	3.494339
1131	3.763057
1132	3.285029
1133	3.145488
1134	3.527805
1135	3.403380
1136	3.358214
1137	3.316158
1138	3.712357
1139	3.151809
1140	3.512009
1141	3.107235
1142	3.519546
1143	3.210452
1144	3.600416
1145	3.837055
1146	2.565560
1147	3.592853
1148	3.883466
1149	3.853999
1150	3.603484
1151	3.594523
1152	2.269228
1153	3.858357
1154	3.659029
1155	3.241111
1156	2.151789
1157	3.121858
1158	3.720725
1159	3.383844
1160	3.530241
1161	3.641207
1162	3.994008
1163	3.408535
1164	3.388127
1165	3.328858
1166	3.218135
1167	3.406818
1168	2.906576
1169	3.150648
1170	3.158514
1171	3.461533
1172	3.414104
1173	2.917020
1174	3.810645
1175	3.206758
1176	3.624364
1177	3.187191
1178	3.386058
1179	3.253999
1180	3.167428
1181	3.561601
1182	3.710337
1183	1.941829
1184	2.161806
1185	1.860564
1186	2.114285
1187	1.697086
1188	2.061530
1189	2.023931
1190	1.861019
1191	2.771300
1192	3.498385
1193	3.747385
1194	3.557261
1195	2.457662
1196	3.125797
1197	3.654655
1198	3.467838
1199	3.523194
1200	3.635781
1201	2.096902
1202	2.077715
1203	2.660321
1204	2.126170
1205	1.967968
1206	2.093538
1207	2.409047
1208	2.229977
1209	3.342724
1210	3.524046
1211	3.432347
1212	2.021137
1213	3.344519
1214	2.894719
1215	3.063805
1216	3.280656
1217	3.065322
1218	3.063167
1219	3.269617
1220	2.752837
1221	3.343741
1222	3.651111
1223	3.486673
1224	3.521548
1225	3.528682
1226	3.622733
1227	3.566804
1228	3.113409
1229	3.434254
1230	2.891175
1231	3.450304
1232	3.464058
1233	3.034552
1234	3.709517
1235	4.001027
1236	3.073338
1237	2.955417
1238	3.392375
1239	3.074297
1240	3.530030
1241	3.614208
1242	3.192118
1243	3.466728
1244	3.624655
1245	3.678426
1246	3.575962
1247	3.268363
1248	2.864579
1249	3.908799
1250	3.467852
1251	3.740201
1252	3.458394
1253	3.521078
1254	3.446287
1255	3.371141
1256	3.827531
1257	3.889202
1258	3.650707
1259	3.467463
1260	3.765993
1261	3.362351
1262	3.269219
1263	3.481078
1264	3.240588
1265	4.129481
1266	2.668967
1267	4.144987
1268	3.740656
1269	2.971970
1270	3.964152
1271	3.052033
1272	2.900758
1273	3.346610
1274	3.524146
1275	3.538756
1276	3.277042
1277	3.506052
1278	3.447461
1279	3.222559
1280	4.088166
1281	3.469568
1282	3.338637
1283	3.888829
1284	3.562712
1285	3.528996
1286	2.942891
1287	3.731956
1288	3.711187
1289	3.489025
1290	3.435171
1291	3.528103
1292	3.758031
1293	3.513133
1294	3.478636
1295	3.695338
1296	3.581217
1297	3.557121
1298	3.141420
1299	3.597082
1300	3.548535
1301	3.380325
1302	3.173972
1303	3.595747
1304	3.209376
1305	3.204340
1306	3.601861
1307	2.904032
1308	3.305055
1309	3.412124
1310	3.305088
1311	3.699850
1312	3.898489
1313	3.716383
1314	3.826411
1315	3.832349
1316	3.320148
1317	3.325208
1318	3.463536
1319	3.283444
1320	3.282709
1321	3.087991
1322	3.351717
1323	3.904370
1324	3.266634
1325	3.502412
1326	3.510855
1327	3.582333
1328	3.287721
1329	3.444080
1330	3.763481
1331	3.894791
1332	3.382323
1333	3.151666
1334	3.137995
1335	3.804853
1336	3.200717
1337	3.524742
1338	3.760121
1339	3.469264
1340	3.402426
1341	3.306690
1342	3.951785
1343	3.986377
1344	3.632879
1345	3.372862
1346	3.575080
1347	3.620651
1348	3.381259
1349	2.853087
1350	3.512676
1351	2.881562
1352	3.969345
1353	3.534132
1354	2.934160
1355	3.438970
1356	3.052000
1357	3.372553
1358	1.930104
1359	2.727838
1360	2.323142
1361	2.881908
1362	3.111559
1363	3.734863
1364	3.048098
1365	3.174698
1366	3.410294
1367	3.642717
1368	3.424340
1369	3.282347
1370	3.441510
1371	3.105624
1372	3.656377
1373	2.932389
1374	3.423988
1375	3.275654
1376	3.152793
1377	3.187004
1378	3.542894
1379	2.493613
1380	3.403380
1381	3.462093
1382	3.780225
1383	3.353595
1384	3.453954
1385	3.622002
1386	3.380428
1387	3.397499
1388	3.403880
1389	3.456051
1390	3.456487
1391	3.365604
1392	3.575779
1393	3.638047
1394	3.116552
1395	3.481106
1396	3.734488
1397	3.034171
1398	3.177752
1399	2.611916
1400	3.235877
1401	3.312055
1402	3.239041
1403	3.395085
1404	3.317513
1405	3.916082
1406	2.247955
1407	2.079062
1408	3.276431
1409	3.289772
1410	3.207039
1411	2.944079
1412	3.381213
1413	3.203529
1414	3.377661
1415	3.368369
1416	3.225926
1417	3.657799
1418	3.672003
1419	3.467823
1420	3.820132
1421	3.877023
1422	3.297075
1423	3.270429
1424	3.426674
1425	3.131293
1426	3.426836
1427	3.082126
1428	3.060424
1429	3.013984
1430	3.670613
1431	3.387550
1432	3.370666
1433	4.012593
1434	3.638791
1435	3.512736
1436	3.361145
1437	2.826322
1438	4.137681
1439	3.312914
1440	3.260936
1441	3.243486
1442	2.656087
1443	3.307749
1444	2.946540
1445	3.166212
1446	3.781692
1447	2.468543
1448	3.042548
1449	3.445417
1450	2.503177
1451	3.195074
1452	3.024732
1453	2.467916
1454	3.424589
1455	3.200156
1456	3.167648
1457	3.099631
1458	3.223693
1459	3.271591
1460	3.690393
1461	3.539873
1462	2.846543
1463	3.448176
1464	3.822381
1465	2.284600
1466	3.138615
1467	3.047374
1468	2.533240
1469	2.988729
1470	3.630838
1471	2.818405
1472	2.387319
1473	2.780649
1474	2.921267
1475	3.180410
1476	3.290789
1477	3.359658
1478	3.331757
1479	3.402440
1480	3.639245
1481	3.295374
1482	3.009352
1483	3.331355
1484	3.512518
1485	3.698080
1486	3.500900
1487	3.278582
1488	3.478305
1489	3.234579
1490	3.456038
1491	3.183615
1492	3.073141
1493	3.441918
1494	3.483748
1495	3.241003
1496	3.402749
1497	3.537640
1498	3.437514
1499	3.609294
1500	3.628236
1501	3.136973
1502	3.265792
1503	3.415860
1504	3.638832
1505	3.443545
1506	3.230387
1507	3.531728
1508	3.355071
1509	2.884666
1510	3.421944
1511	3.381891
1512	3.275134
1513	3.032589
1514	3.061519
1515	3.427915
1516	3.386178
1517	3.366318
1518	3.357692
1519	3.318870
1520	3.772400
1521	3.262178
1522	3.290563
1523	3.321836
1524	1.981539
1525	1.809475
1526	1.835019
1527	1.992512
1528	2.052973
1529	2.131736
1530	2.155389
1531	1.907618
1532	1.978003
1533	1.879735
1534	1.780142
1535	2.374068
1536	1.761902
1537	2.043355
0	2.739236
1	3.369439
2	3.727370
3	3.941689
4	2.897031
5	3.428702
6	3.390312
7	3.133655
8	3.386959
9	3.403379
10	3.257452
11	3.670256
12	3.682201
13	3.182907
14	3.217299
15	3.593591
16	3.274920
17	3.210561
18	3.300077
19	3.267323
20	3.613653
21	3.442006
22	3.409706
23	3.361711
24	3.723695
25	3.303148
26	3.633333
27	3.086827
28	3.555404
29	3.370994
30	2.985649
31	3.707843
32	3.282727
33	3.599251
34	3.403029
35	3.737217
36	3.554011
37	3.424777
38	3.665366
39	3.425931
40	3.573528
41	3.249570
42	3.471368
43	3.336418
44	3.087814
45	3.790962
46	3.762565
47	3.427563
48	3.661611
49	3.373085
50	3.434342
51	3.018227
52	3.722649
53	3.155329
54	3.505237
55	3.447636
56	3.186754
57	3.201297
58	3.376537
59	3.546394
60	3.350074
61	3.213116
62	3.442372
63	3.467608
64	3.193964
65	3.345057
66	3.020813
67	3.780540
68	3.693426
69	3.250234
70	3.357750
71	2.793724
72	3.223816
73	3.134229
74	2.894998
75	3.591392
76	3.284310
77	3.637977
78	3.153540
79	3.374167
80	2.869389
81	3.009021
82	3.600638
83	3.159414
84	3.027689
85	3.155601
86	3.849496
87	3.339253
88	2.892558
89	3.693697
90	2.961719
91	2.937125
92	3.343215
93	3.718415
94	3.224500
95	3.366154
96	3.439973
97	3.245226
98	3.340193
99	3.405189
100	3.411906
101	2.891521
102	3.223679
103	3.409690
104	3.340779
105	3.203217
106	3.653494
107	2.988746
108	3.479210
109	3.231484
110	2.613962
111	3.467422
112	3.232061
113	3.261258
114	2.987206
115	3.463757
116	3.476576
117	3.435954
118	3.440188
119	3.113359
120	3.256518
121	3.546633
122	3.672425
123	3.388777
124	3.612699
125	3.905253
126	3.897665
127	3.775472
128	4.006167
129	3.152206
130	3.786754
131	3.784245
132	3.754905
133	3.626526
134	3.589234
135	3.725855
136	3.646230
137	4.040123
138	3.716276
139	3.040706
140	3.664016
141	3.684238
142	3.636714
143	3.278461
144	4.058436
145	3.935392
146	3.679090
147	3.747987
148	3.181604
149	3.587340
150	3.887800
151	3.521432
152	2.960088
153	3.370504
154	3.515253
155	3.468992
156	3.389055
157	3.123234
158	3.917561
159	3.148665
160	3.413986
161	3.161027
162	3.513074
163	3.142195
164	3.405717
165	3.739172
166	3.276598
167	3.640948
168	3.975978
169	3.328497
170	3.042994
171	3.580351
172	3.603066
173	3.526655
174	3.705144
175	3.760610
176	3.996075
177	3.651929
178	3.592270
179	3.346925
180	3.440001
181	3.635286
182	3.540184
183	3.326397
184	3.362439
185	3.053670
186	3.303184
187	3.583210
188	3.941040
189	3.394171
190	3.292171
191	3.570726
192	3.120944
193	3.466207
194	3.184885
195	3.561404
196	3.503644
197	3.205150
198	3.505223
199	3.581074
200	3.957753
201	3.498730
202	3.286394
203	3.707114
204	3.286093
205	3.156373
206	3.338413
207	3.390617
208	3.601266
209	3.712116
210	3.420119
211	3.395333
212	3.527408
213	3.278904
214	3.778914
215	3.475026
216	3.730109
217	3.312113
218	3.197715
219	3.581357
220	3.275483
221	3.608171
222	3.617542
223	3.399147
224	3.455313
225	3.743127
226	3.636523
227	3.279480
228	3.969420
229	3.406963
230	3.310650
231	3.288178
232	3.051606
233	3.404130
234	3.420380
235	3.308383
236	3.160521
237	3.094513
238	3.637870
239	3.647043
240	3.722485
241	3.688399
242	3.296121
243	3.494141
244	3.081866
245	3.166480
246	3.301406
247	3.083731
248	3.377217
249	3.637251
250	3.529830
251	2.967423
252	3.285648
253	3.335896
254	3.549041
255	3.829007
256	3.551408
257	3.364445
258	3.194074
259	3.834072
260	3.302621
261	3.638047
262	3.781877
263	3.500657
264	3.606689
265	3.530738
266	3.481983
267	3.562402
268	3.484392
269	3.533511
270	3.614788
271	3.704081
272	3.381686
273	3.443893
274	3.530226
275	3.351701
276	3.734609
277	3.301604
278	3.764506
279	3.662032
280	3.536890
281	3.864582
282	3.245797
283	3.652586
284	3.457947
285	3.213938
286	3.483602
287	3.497356
288	2.975803
289	3.484853
290	2.992793
291	3.161613
292	3.697475
293	3.484205
294	3.456600
295	3.363642
296	3.291749
297	3.903716
298	3.358183
299	3.810446
300	3.263036
301	3.344054
302	3.373751
303	3.181150
304	3.384285
305	3.445735
306	3.538841
307	3.546153
308	3.593730
309	3.196371
310	3.715308
311	3.454475
312	1.799250
313	3.432624
314	3.222578
315	3.399545
316	3.169257
317	3.269402
318	3.074850
319	3.637925
320	3.549830
321	3.457412
322	3.606951
323	3.968550
324	3.079236
325	3.586236
326	3.309441
327	3.507849
328	3.359956
329	3.436306
330	3.496425
331	3.230896
332	3.422865
333	3.902947
334	3.157499
335	3.874815
336	3.809291
337	3.307762
338	3.474767
339	3.226514
340	3.478980
341	3.607395
342	2.588164
343	3.279344
344	3.509599
345	3.302396
346	3.357589
347	3.731623
348	3.509999
349	3.686597
350	3.858263
351	3.095868
352	3.384450
353	3.321778
354	3.443413
355	3.485627
356	4.535559
357	3.230898
358	3.577291
359	3.601401
360	3.314106
361	3.363465
362	3.594901
363	3.270551
364	3.250768
365	3.591155
366	3.553618
367	3.334996
368	3.252584
369	3.131326
370	3.181855
371	3.339895
372	3.663550
373	3.423055
374	3.271971
375	3.202779
376	3.460664
377	3.205901
378	3.084980
379	3.466685
380	3.664778
381	3.502514
382	3.743916
383	3.468776
384	3.430540
385	3.243408
386	3.408827
387	3.587423
388	3.805417
389	3.433744
390	3.477672
391	3.226577
392	3.624156
393	3.567899
394	3.196592
395	3.304921
396	3.094657
397	3.310906
398	2.688076
399	2.997932
400	3.356263
401	3.236217
402	2.789730
403	3.277712
404	3.338937
405	3.581913
406	3.422557
407	3.029311
408	2.979620
409	3.882834
410	3.427959
411	3.402043
412	3.388386
413	3.062222
414	3.708639
415	3.359448
416	3.698553
417	2.901896
418	3.238796
419	3.528441
420	3.239923
421	3.283458
422	3.449941
423	3.168549
424	3.323749
425	2.950847
426	3.374434
427	3.279878
428	3.115606
429	3.808347
430	3.479512
431	3.149596
432	3.462181
433	3.799593
434	3.271680
435	2.409355
436	2.603016
437	2.988195
438	3.678490
439	3.385168
440	3.468721
441	3.501899
442	3.471959
443	3.141306
444	3.581356
445	3.501000
446	3.171892
447	3.415860
448	3.179512
449	3.458713
450	3.314047
451	3.533355
452	3.457716
453	3.490602
454	3.653723
455	3.624472
456	3.102064
457	3.091570
458	3.229753
459	3.472133
460	3.277866
461	3.766908
462	3.203530
463	3.425478
464	3.206384
465	3.351627
466	3.093962
467	3.301712
468	3.458974
469	3.438284
470	3.155392
471	3.198344
472	3.263265
473	3.181902
474	3.459552
475	3.101274
476	3.796288
477	3.584425
478	3.533638
479	3.763124
480	3.675296
481	3.537923
482	3.349179
483	3.009884
484	3.239028
485	3.309536
486	3.244842
487	3.287811
488	2.782176
489	3.048295
490	2.953930
491	3.644874
492	2.960422
493	3.785353
494	3.745104
495	3.785946
496	3.483604
497	3.354475
498	3.328333
499	3.846583
500	3.474016
501	3.268807
502	3.536806
503	3.025591
504	3.637513
505	3.131607
506	3.505339
507	2.915097
508	3.166197
509	3.331802
510	3.371336
511	3.634987
512	3.490934
513	3.125028
514	3.254308
515	3.698870
516	3.459388
517	3.427595
518	3.110466
519	3.231362
520	3.649356
521	3.715334
522	3.481853
523	2.135111
524	3.357170
525	2.156966
526	3.234193
527	3.351089
528	2.808809
529	3.738408
530	3.408504
531	3.740226
532	3.223087
533	3.319849
534	3.207945
535	3.378416
536	3.226299
537	3.213688
538	3.090000
539	3.054601
540	3.135363
541	3.393716
542	3.524330
543	3.967998
544	3.145066
545	3.155599
546	3.702459
547	3.631817
548	3.080956
549	3.407067
550	3.762728
551	3.113790
552	3.179324
553	3.220249
554	3.057873
555	3.337992
556	2.650754
557	3.154695
558	3.485814
559	3.091959
560	3.719099
561	3.387771
562	3.739064
563	3.426879
564	4.057883
565	3.239074
566	3.209409
567	3.124500
568	3.117388
569	2.947422
570	3.243177
571	3.305420
572	3.476838
573	2.881129
574	3.126052
575	3.075873
576	3.484034
577	3.183725
578	3.598862
579	3.153887
580	3.331230
581	2.998300
582	3.697849
583	3.192710
584	3.263035
585	3.622071
586	3.131278
587	3.450652
588	3.193883
589	2.993410
590	3.264660
591	3.419971
592	3.205448
593	3.230682
594	3.285499
595	3.441830
596	3.723025
597	3.783438
598	3.085189
599	2.358728
600	2.106039
601	3.451100
602	3.651384
603	3.673175
604	3.171135
605	3.508118
606	3.332072
607	3.492435
608	3.793811
609	3.054095
610	3.673609
611	3.308459
612	3.486387
613	3.137292
614	3.489483
615	3.120480
616	3.075728
617	3.323402
618	3.018775
619	3.435986
620	2.297325
621	2.767544
622	2.956924
623	3.642252
624	3.666034
625	3.459451
626	3.505496
627	3.522400
628	3.501471
629	3.072767
630	3.311707
631	3.586836
632	3.510228
633	2.030591
634	3.324890
635	3.247553
636	2.908384
637	3.274523
638	3.462991
639	3.352281
640	3.401940
641	3.612573
642	3.619559
643	3.252740
644	3.404602
645	3.230385
646	3.171922
647	3.359493
648	3.165657
649	2.903326
650	2.642934
651	3.133370
652	3.183221
653	3.342366
654	3.410189
655	3.260582
656	3.743100
657	3.042943
658	3.372416
659	3.431676
660	3.010715
661	3.209189
662	3.657293
663	3.346911
664	3.746919
665	3.043913
666	3.109034
667	3.011114
668	3.014001
669	3.100243
670	3.277271
671	3.432753
672	3.105495
673	3.184587
674	3.327385
675	3.401384
676	3.331156
677	3.336557
678	3.209377
679	3.651739
680	3.437106
681	3.318809
682	3.419663
683	3.559173
684	3.360833
685	2.808273
686	3.142451
687	2.734099
688	3.872543
689	3.383386
690	3.602067
691	3.104079
692	3.347297
693	3.189952
694	3.448565
695	3.121073
696	3.795549
697	3.381036
698	3.668310
699	3.136144
700	3.308943
701	3.687724
702	3.451507
703	3.483418
704	3.762235
705	3.279540
706	3.554504
707	3.616078
708	3.123633
709	3.386621
710	3.454343
711	3.433553
712	3.723091
713	3.417671
714	3.528201
715	3.326182
716	3.510000
717	3.423712
718	3.450724
719	3.386931
720	3.533752
721	3.356963
722	3.020067
723	3.045390
724	3.448550
725	3.230062
726	3.477715
727	3.541087
728	3.243038
729	3.167161
730	3.289027
731	3.299712
732	3.307415
733	3.532534
734	3.020068
735	3.307810
736	3.561631
737	3.654366
738	3.472723
739	3.485485
740	3.175451
741	3.448263
742	2.793654
743	3.522586
744	3.734499
745	3.139634
746	3.355311
747	3.857054
748	3.252591
749	2.113221
750	3.162198
751	3.354913
752	3.278142
753	3.425038
754	3.192633
755	3.321866
756	2.884736
757	3.670151
758	3.769682
759	2.894564
760	3.258099
761	3.260628
762	3.331082
763	3.443823
764	3.218181
765	4.175929
766	3.152095
767	3.314477
768	3.501288
769	3.732106
770	2.636134
771	3.601474
772	3.629784
773	3.514682
774	3.395560
775	2.860347
776	2.997499
777	3.700351
778	3.409471
779	2.967592
780	3.447913
781	3.281753
782	3.305889
783	2.682629
784	3.180330
785	2.676490
786	3.341535
787	3.506732
788	2.925901
789	3.444213
790	3.298865
791	3.603360
792	3.111791
793	3.650328
794	3.023144
795	3.661911
796	3.290477
797	3.426466
798	3.354282
799	3.587309
800	3.559766
801	3.724916
802	3.723049
803	3.112151
804	3.057147
805	3.419220
806	3.243747
807	3.436770
808	3.434938
809	3.566780
810	3.620548
811	3.557119
812	3.269342
813	3.151604
814	3.864843
815	2.860311
816	3.163884
817	2.887387
818	3.260767
819	3.284463
820	3.289955
821	2.964811
822	3.533752
823	3.333076
824	3.138239
825	4.020323
826	3.340208
827	3.390605
828	3.392078
829	3.293220
830	3.617445
831	3.455286
832	3.457455
833	2.814051
834	3.479037
835	3.073839
836	3.193885
837	3.591113
838	3.248460
839	3.125011
840	3.139968
841	3.459277
842	3.495381
843	3.244363
844	3.320768
845	3.391300
846	3.379856
847	3.639536
848	3.569442
849	3.490571
850	4.066525
851	3.462383
852	3.454980
853	3.476853
854	3.146856
855	2.003923
856	3.149428
857	3.128865
858	3.456617
859	3.751403
860	2.964106
861	3.229705
862	3.373436
863	3.625197
864	3.438773
865	3.413239
866	3.893623
867	3.563517
868	3.494483
869	3.382868
870	3.272569
871	3.524744
872	3.122786
873	3.466341
874	3.377216
875	3.560314
876	3.527860
877	3.776532
878	3.734272
879	3.429864
880	3.707643
881	3.380429
882	3.175607
883	3.674101
884	3.325566
885	3.413281
886	3.703039
887	3.378326
888	3.274586
889	2.988428
890	3.299907
891	3.358959
892	2.880431
893	3.236556
894	3.292812
895	3.432640
896	3.451494
897	3.286790
898	3.392846
899	3.279874
900	4.008551
901	3.547386
902	3.710825
903	3.544474
904	3.777303
905	3.720292
906	3.205130
907	3.821111
908	3.349644
909	3.335474
910	3.455461
911	3.813516
912	3.557104
913	3.268305
914	3.896166
915	4.311960
916	3.275210
917	3.516049
918	3.376716
919	3.290867
920	3.472377
921	3.605398
922	3.058788
923	2.849861
924	3.631391
925	3.298258
926	3.277974
927	3.107216
928	4.444300
929	2.986867
930	3.220326
931	3.210747
932	3.441309
933	3.526742
934	3.319063
935	3.460029
936	3.356633
937	3.230697
938	3.788047
939	3.343321
940	3.241526
941	3.705321
942	3.439534
943	3.494068
944	3.391887
945	3.350342
946	3.639740
947	3.469265
948	3.515239
949	3.793058
950	3.499973
951	3.273362
952	3.376167
953	3.078798
954	3.372863
955	3.689619
956	3.578742
957	3.484982
958	3.350031
959	3.027110
960	3.223446
961	3.755596
962	3.370074
963	3.395834
964	3.459899
965	3.288116
966	3.175831
967	3.396836
968	3.167241
969	3.595732
970	3.073306
971	3.473025
972	3.420028
973	3.108327
974	3.830681
975	3.624651
976	3.523720
977	3.471036
978	3.621726
979	3.341228
980	3.283471
981	3.288252
982	3.762368
983	3.273849
984	3.321700
985	3.463003
986	3.599376
987	3.431689
988	3.125204
989	2.981779
990	3.258145
991	3.142671
992	3.261698
993	2.826111
994	3.129105
995	3.434253
996	3.216661
997	3.200095
998	3.290560
999	3.513702
1000	3.292798
1001	3.769998
1002	3.690312
1003	2.927983
1004	3.627383
1005	3.535476
1006	3.603553
1007	3.419139
1008	2.933409
1009	3.053017
1010	3.644969
1011	3.274433
1012	3.460911
1013	3.074053
1014	3.253706
1015	3.181621
1016	3.602069
1017	3.364536
1018	3.231178
1019	3.452663
1020	3.396438
1021	3.535094
1022	3.513204
1023	3.409355
1024	3.304618
1025	3.458063
1026	3.502200
1027	3.459752
1028	3.451301
1029	3.398912
1030	3.179952
1031	3.592410
1032	3.197296
1033	3.416855
1034	3.580853
1035	3.554265
1036	3.136415
1037	3.204887
1038	3.352926
1039	3.715199
1040	2.801090
1041	3.090986
1042	3.561586
1043	3.207695
1044	3.167490
1045	3.612674
1046	3.350865
1047	2.606359
1048	3.488224
1049	3.763164
1050	3.426502
1051	3.279849
1052	3.153768
1053	3.757216
1054	3.517587
1055	3.164859
1056	3.319712
1057	3.245750
1058	3.493621
1059	3.697635
1060	3.317245
1061	3.359966
1062	3.584980
1063	2.932475
1064	3.521505
1065	3.533783
1066	3.433264
1067	3.299092
1068	3.348001
1069	3.654845
1070	3.395734
1071	3.500486
1072	3.428265
1073	3.396542
1074	3.655202
1075	3.918379
1076	3.336167
1077	3.634088
1078	3.700173
1079	3.802962
1080	3.556895
1081	3.627782
1082	3.570406
1083	3.557878
1084	4.033472
1085	3.197892
1086	3.792479
1087	3.503266
1088	3.257684
1089	3.492406
1090	3.286728
1091	3.378953
1092	3.762370
1093	3.703745
1094	3.953425
1095	3.444197
1096	3.384447
1097	3.268241
1098	3.469784
1099	3.396894
1100	3.137198
1101	3.600139
1102	3.640619
1103	3.482197
1104	3.435085
1105	3.641895
1106	3.521039
1107	3.124900
1108	3.724433
1109	3.352028
1110	3.758964
1111	3.533172
1112	3.951607
1113	3.639632
1114	3.724382
1115	3.499497
1116	3.400673
1117	3.541891
1118	3.560648
1119	3.687828
1120	1.959234
1121	3.636181
1122	3.324291
1123	3.557681
1124	3.582441
1125	3.313199
1126	3.499728
1127	3.303649
1128	3.173862
1129	3.651015
1130	2.788207
1131	2.916315
1132	3.318072
1133	3.680490
1134	3.193683
1135	3.837562
1136	3.237359
1137	3.094140
1138	3.301364
1139	3.543177
1140	3.362769
1141	3.344637
1142	3.497373
1143	3.301483
1144	2.959881
1145	3.578577
1146	3.415319
1147	3.661228
1148	3.481637
1149	3.440577
1150	3.452658
1151	3.555461
1152	3.322892
1153	3.339477
1154	3.392519
1155	3.293509
1156	3.705050
1157	3.504138
1158	3.370239
1159	3.576407
1160	3.788004
1161	3.669008
1162	3.400016
1163	4.139570
1164	3.766517
1165	3.995522
1166	3.949927
1167	3.641130
1168	3.516972
1169	3.161471
1170	3.682579
1171	3.249565
1172	3.401529
1173	3.768582
1174	3.566709
1175	4.064997
1176	3.617468
1177	3.256578
1178	3.510852
1179	3.388170
1180	3.857797
1181	3.397144
1182	3.035883
1183	3.480083
1184	3.226285
1185	3.439462
1186	3.249874
1187	3.541995
1188	3.427770
1189	3.520994
1190	3.849428
1191	3.686016
1192	3.384406
1193	3.330746
1194	3.739814
1195	3.429063
1196	4.018322
1197	3.824448
1198	3.443851
1199	3.559506
1200	3.634075
1201	3.218340
1202	3.379439
1203	3.450633
1204	3.338206
1205	3.815490
1206	3.549913
1207	3.832299
1208	3.838347
1209	3.336985
1210	3.500997
1211	3.318367
1212	3.455912
1213	3.788960
1214	3.032067
1215	3.451521
1216	3.043782
1217	3.476362
1218	3.310873
1219	3.052689
1220	3.427975
1221	2.947301
1222	3.115514
1223	3.148003
1224	3.895097
1225	3.341023
1226	3.140459
1227	3.394246
1228	3.920129
1229	3.327990
1230	3.572519
1231	3.497922
1232	3.548379
1233	2.980338
1234	3.399840
1235	3.603527
1236	3.212767
1237	3.660835
1238	3.364564
1239	2.827385
1240	3.449898
1241	3.402482
1242	3.417686
1243	3.257160
1244	3.488868
1245	3.356201
1246	2.963046
1247	3.475888
1248	3.149449
1249	2.808469
1250	3.309882
1251	3.740616
1252	3.387462
1253	3.085031
1254	3.429099
1255	2.515569
1256	3.096865
1257	3.741309
1258	3.641676
1259	3.802014
1260	3.271711
1261	3.459841
1262	3.626239
1263	3.113647
1264	4.127097
1265	3.223567
1266	3.397089
1267	3.196311
1268	3.256409
1269	3.337365
1270	3.190624
1271	3.277957
1272	2.657482
1273	3.394139
1274	3.863457
1275	3.557245
1276	3.137096
1277	3.329673
1278	2.967057
1279	3.226799
1280	3.467071
1281	3.004603
1282	3.442573
1283	3.408134
1284	3.388348
1285	3.386930
1286	3.171501
1287	3.507109
1288	3.337816
1289	3.639916
1290	2.353574
1291	2.441188
1292	3.136543
1293	3.391934
1294	3.286000
1295	3.405952
1296	3.771167
1297	3.117388
1298	3.236329
1299	3.020265
1300	3.409930
1301	3.700552
1302	3.661922
1303	3.207638
1304	3.590025
1305	3.537088
1306	3.252480
1307	3.261440
1308	3.288255
1309	3.767393
1310	3.029600
1311	3.170314
1312	3.512638
1313	3.685105
1314	4.054491
1315	3.143212
1316	3.372328
1317	3.439257
1318	3.739852
1319	3.308006
1320	3.588115
1321	3.299354
1322	3.335677
1323	3.073761
1324	3.202283
1325	3.307736
1326	3.563920
1327	3.533792
1328	3.283213
1329	3.693927
1330	3.611371
1331	3.247062
1332	3.267631
1333	3.040227
1334	3.527644
1335	3.632817
1336	3.132659
1337	3.374224
1338	2.921012
1339	2.720699
1340	3.555547
1341	3.524780
1342	3.549336
1343	2.861622
1344	3.039755
1345	3.478122
1346	3.516334
1347	3.452852
1348	3.313926
1349	3.416079
1350	3.065567
1351	3.298650
1352	2.990400
1353	3.811954
1354	3.229704
1355	3.278629
1356	3.448318
1357	3.419154
1358	3.392369
1359	3.582821
1360	3.259358
1361	3.447405
1362	3.341948
1363	3.377666
1364	3.125908
1365	3.076719
1366	3.208317
1367	4.033919
1368	3.627427
1369	3.278796
1370	3.421877
1371	3.332474
1372	3.464824
1373	3.171288
1374	3.419665
1375	3.908015
1376	3.554168
1377	3.469436
1378	3.176321
1379	3.746764
1380	3.577431
1381	3.369809
1382	3.329775
1383	3.470722
1384	3.250878
1385	3.430539
1386	3.464575
1387	3.358956
1388	3.047133
1389	3.077823
1390	3.397998
1391	3.472478
1392	3.475557
1393	1.998249
1394	3.242194
1395	3.067005
1396	3.214345
1397	3.777577
1398	3.238933
1399	2.965532
1400	3.185926
1401	3.914408
1402	3.353411
1403	2.960826
1404	3.409045
1405	3.162451
1406	3.669563
1407	3.421051
1408	3.172523
1409	3.165200
1410	3.313068
1411	3.193760
1412	3.491744
1413	3.410116
1414	3.671184
1415	3.799341
1416	3.654695
1417	2.996347
1418	3.837095
1419	3.585261
1420	3.690648
1421	3.310620
1422	3.339912
1423	3.544983
1424	3.309471
1425	3.533964
1426	3.243531
1427	2.516726
1428	3.573152
1429	3.606853
1430	3.177200
1431	3.711011
1432	3.554448
1433	3.696306
1434	3.592704
1435	3.740939
1436	3.539054
1437	3.571725
1438	3.476750
1439	3.003296
1440	3.160854
1441	3.516561
1442	3.491591
1443	3.388894
1444	3.686043
1445	3.914829
1446	3.617046
1447	3.292587
1448	3.897202
1449	3.017977
1450	3.366336
1451	3.050372
1452	3.723037
1453	3.114548
1454	3.267811
1455	3.030556
1456	3.506607
1457	3.465344
1458	2.859805
1459	3.082381
1460	3.462265
1461	3.674411
1462	3.467981
1463	3.923491
1464	3.449685
1465	3.231240
1466	3.560059
1467	3.835741
1468	3.795823
1469	3.595649
1470	3.200578
1471	3.656774
1472	3.569013
1473	3.361145
1474	4.260637
1475	3.667057
1476	3.333299
1477	3.563282
1478	3.688438
1479	3.874786
1480	3.923734
1481	3.502657
1482	3.606781
1483	3.909856
1484	3.441873
1485	3.495898
1486	3.257392
1487	3.074944
1488	3.297756
1489	3.344633
1490	3.548818
1491	3.237912
1492	3.189291
1493	3.751228
1494	3.573277
1495	3.534420
1496	3.528600
1497	4.212189
1498	3.462532
1499	3.370829
1500	3.257210
1501	3.832485
1502	3.840276
1503	3.840027
1504	3.465458
1505	3.538611
1506	3.327587
1507	3.594330
1508	3.378432
1509	3.211618
1510	3.295303
1511	3.724481
1512	3.918237
1513	3.739051
1514	3.241326
1515	3.243890
1516	3.117723
1517	3.529035
1518	3.536791
1519	3.023259
1520	3.143550
1521	3.572576
1522	3.310364
1523	3.386575
1524	3.635238
1525	3.445880
1526	3.684971
1527	3.212101
1528	3.650176
1529	3.318707
1530	3.951279
1531	3.600693
1532	3.144234
1533	3.470532
1534	3.503662
1535	3.503571
1536	3.507247
1537	3.632645
1538	3.503964
1539	3.645121
1540	3.290365
1541	3.466553
1542	3.489038
1543	3.115782
1544	3.800918
1545	3.443676
1546	3.379630
1547	3.592564
1548	3.448262
1549	3.523790
1550	3.423276
1551	3.598738
1552	2.939015
1553	2.977949
1554	3.292703
1555	3.388379
1556	3.450381
1557	3.359408
1558	3.553517
1559	3.322904
1560	3.486269
1561	3.380942
1562	3.424789
1563	3.368117
1564	3.378842
1565	3.359448
1566	3.522526
1567	3.455128
1568	3.765856
1569	3.233477
1570	3.241645
1571	3.641785
1572	3.362025
1573	3.887082
1574	3.585999
1575	4.191627
1576	3.759282
1577	2.976808
1578	3.407474
1579	3.264263
1580	3.401251
1581	3.361980
1582	3.395289
1583	3.538449
1584	3.547545
1585	3.382675
1586	3.186629
1587	2.944516
1588	3.414470
1589	3.608117
1590	3.516605
1591	3.302032
0	1.972893
1	2.909947
2	3.069038
3	2.893994
4	2.696089
5	3.306631
6	3.232431
7	3.081134
8	3.503671
9	3.337559
10	3.440277
11	3.247523
12	3.061584
13	3.381537
14	3.648752
15	3.050708
16	3.505153
17	3.456442
18	3.115188
19	3.092136
20	3.462037
21	3.929107
22	3.181916
23	3.582652
24	2.914018
25	3.471225
26	3.661366
27	3.819854
28	3.433162
29	3.583628
30	3.346833
31	3.606035
32	3.341631
33	3.405570
34	3.708558
35	3.343083
36	3.478045
37	3.630692
38	3.467766
39	3.101500
40	3.745784
41	3.253522
42	3.437585
43	3.472190
44	3.366004
45	3.158275
46	3.539407
47	3.215916
48	3.686581
49	3.479611
50	3.088866
51	3.463219
52	3.334693
53	3.613545
54	3.304481
55	3.273868
56	3.677649
57	3.303406
58	3.622556
59	3.587687
60	3.490587
61	3.436770
62	3.572199
63	3.688387
64	3.065127
65	3.286046
66	3.208490
67	3.345355
68	3.203841
69	3.203888
70	2.962566
71	3.617555
72	3.562975
73	3.359197
74	3.514341
75	3.553830
76	3.431239
77	3.488681
78	3.208676
79	3.433439
80	2.975130
81	2.979613
82	3.417266
83	3.202561
84	3.427302
85	3.236619
86	3.262485
87	3.299183
88	3.381790
89	3.662050
90	3.511694
91	3.215618
92	3.246505
93	3.279056
94	3.630509
95	3.403250
96	3.494167
97	3.289695
98	3.564295
99	3.250444
100	3.324020
101	3.551902
102	3.252476
103	3.450737
104	3.353297
105	3.390706
106	3.619129
107	3.628706
108	3.179402
109	3.671907
110	3.009901
111	3.483747
112	3.446460
113	3.712961
114	3.344174
115	3.198421
116	3.503211
117	3.325250
118	3.320920
119	3.429486
120	3.246939
121	3.464015
122	3.901461
123	3.701394
124	3.721331
125	3.347548
126	3.194073
127	3.866832
128	3.500787
129	3.061600
130	3.392844
131	3.334231
132	3.600793
133	3.443054
134	3.194919
135	3.330902
136	3.578561
137	2.933191
138	3.298818
139	3.482199
140	3.741044
141	3.398163
142	3.399838
143	3.485368
144	3.473127
145	3.509487
146	3.738371
147	3.553165
148	3.746612
149	3.613433
150	3.141368
151	3.632562
152	3.453839
153	3.248662
154	3.524016
155	3.305525
156	3.631872
157	3.555630
158	3.288969
159	3.504939
160	3.732924
161	3.366301
162	3.456877
163	3.253232
164	3.522132
165	3.454242
166	3.297120
167	3.135395
168	3.114448
169	3.531925
170	3.471400
171	3.378818
172	5.224535
173	3.124437
174	3.713813
175	3.155217
176	3.145426
177	3.506522
178	3.380769
179	3.245133
180	3.065878
181	3.666689
182	3.706455
183	3.372312
184	3.899474
185	3.621354
186	3.437948
187	3.619404
188	2.952441
189	3.310667
190	3.334725
191	3.733243
192	3.458624
193	3.474549
194	2.849581
195	3.370370
196	3.648148
197	3.358750
198	3.485441
199	3.021158
200	3.426280
201	3.076020
202	3.715131
203	3.311600
204	3.340029
205	3.411011
206	3.610651
207	3.354102
208	3.348997
209	3.134630
210	3.479122
211	3.645119
212	3.366941
213	3.727801
214	3.598636
215	3.389323
216	3.309787
217	3.362395
218	3.841599
219	3.797343
220	3.790118
221	3.707896
222	3.598193
223	3.829176
224	3.426266
225	3.957146
226	3.257006
227	3.418202
228	3.540422
229	3.197403
230	3.846009
231	3.680626
232	3.791413
233	3.797382
234	3.648426
235	3.974141
236	3.351150
237	3.288114
238	3.875386
239	3.118492
240	3.497271
241	3.528526
242	3.692277
243	3.583923
244	3.377485
245	3.508404
246	3.881932
247	3.690611
248	3.308020
249	3.608518
250	3.821072
251	3.842643
252	3.600235
253	3.403410
254	3.360371
255	3.680720
256	3.536283
257	3.206464
258	3.984833
259	3.692709
260	3.205823
261	3.683938
262	3.594412
263	3.227972
264	3.627354
265	3.041152
266	3.114787
267	3.864893
268	3.934223
269	3.533243
270	3.537697
271	3.976544
272	3.332701
273	3.489427
274	3.435987
275	3.382678
276	3.171215
277	3.446200
278	3.375707
279	3.241204
280	3.137771
281	3.261134
282	3.589109
283	3.154187
284	3.341691
285	3.291717
286	3.485642
287	3.354906
288	3.593258
289	3.476334
290	3.267599
291	3.180723
292	3.034353
293	3.826356
294	3.119278
295	3.629366
296	3.438983
297	3.261457
298	4.274915
299	3.495682
300	3.520824
301	3.402559
302	3.612934
303	3.553337
304	3.154315
305	3.522286
306	3.609612
307	3.715630
308	3.686325
309	3.366616
310	3.239537
311	3.497357
312	3.285087
313	3.868048
314	3.541808
315	3.400733
316	3.459913
317	3.051212
318	3.509714
319	3.548450
320	3.470489
321	3.564617
322	3.725990
323	3.604453
324	3.560126
325	3.165660
326	3.515651
327	3.615923
328	3.447913
329	3.266879
330	3.403925
331	3.706454
332	3.580502
333	3.153063
334	3.387345
335	3.397027
336	3.123922
337	3.334711
338	3.171956
339	3.654505
340	3.091294
341	3.485857
342	3.465099
343	3.421887
344	3.440769
345	3.372804
346	3.294209
347	3.376701
348	3.402353
349	3.956867
350	3.377529
351	3.073305
352	3.162169
353	3.252522
354	2.956313
355	3.446318
356	3.234640
357	3.716262
358	2.891936
359	3.471224
360	3.869288
361	3.389425
362	3.797933
363	3.286047
364	3.628044
365	3.232244
366	2.800929
367	3.232458
368	3.242253
369	3.356797
370	3.493280
371	3.223322
372	3.503327
373	3.587450
374	2.137616
375	2.361482
376	3.829372
377	3.692548
378	3.203406
379	3.471181
380	3.502087
381	3.593340
382	3.491561
383	3.380666
384	3.584146
385	3.406538
386	3.311192
387	3.153935
388	3.576213
389	3.239707
390	3.020564
391	3.412479
392	3.394981
393	3.414454
394	3.236141
395	3.393050
396	3.483002
397	3.801959
398	3.633991
399	3.302893
400	3.341631
401	3.593173
402	3.361738
403	3.584747
404	3.377160
405	3.242747
406	3.432578
407	1.883772
408	3.215042
409	3.187368
410	3.180726
411	3.113198
412	3.406379
413	3.093186
414	3.616876
415	3.388097
416	3.223802
417	3.300121
418	3.509388
419	3.565964
420	3.245584
421	3.466771
422	3.661706
423	3.765025
424	3.413634
425	3.441815
426	3.217279
427	3.437789
428	3.154456
429	3.499043
430	3.303936
431	3.739066
432	3.262897
433	3.281553
434	3.489211
435	3.465388
436	3.474508
437	3.706550
438	3.518324
439	3.417615
440	3.251305
441	3.138581
442	3.254460
443	3.420685
444	3.877458
445	3.843761
446	3.362096
447	3.631212
448	3.326786
449	3.805272
450	3.669563
451	3.567816
452	3.528327
453	3.714983
454	3.474178
455	3.190674
456	3.063903
457	3.556992
458	3.431107
459	3.168550
460	3.805012
461	3.546675
462	3.510713
463	3.715657
464	3.196028
465	3.816135
466	3.835937
467	2.985798
468	3.604110
469	3.639148
470	3.396012
471	3.866820
472	3.456718
473	3.594550
474	3.691897
475	3.182608
476	3.924423
477	3.333303
478	3.181146
479	3.099772
480	4.577654
481	3.482324
482	3.470936
483	3.239399
484	3.956273
485	3.815022
486	3.462979
487	3.649961
488	3.632354
489	3.467680
490	3.169371
491	4.583511
492	3.673213
493	3.287629
494	3.675936
495	3.637074
496	4.942563
497	4.098804
498	3.509331
499	3.086456
500	3.127650
501	3.969562
502	3.687748
503	3.233590
504	3.844801
505	3.824720
506	3.403148
507	3.418224
508	3.283839
509	3.638035
510	3.772481
511	3.692235
512	3.289378
513	3.763045
514	3.568264
515	3.731017
516	3.516981
517	3.595788
518	3.484683
519	3.462383
520	3.541553
521	3.584772
522	3.160411
523	3.806640
524	3.717178
525	3.549096
526	3.487248
527	3.922552
528	3.282621
529	3.549085
530	3.576449
531	3.811839
532	3.348107
533	3.486216
534	3.521034
535	3.435871
536	4.659216
537	3.661055
538	3.886350
539	3.808333
540	3.527463
541	3.669448
542	3.813804
543	3.548025
544	3.304632
545	3.727198
546	3.304453
547	3.870261
548	3.699109
549	3.570461
550	3.684902
551	3.528326
552	3.688617
553	3.782764
554	3.783254
555	3.163258
556	3.079773
557	3.267199
558	3.580015
559	3.143276
560	3.674859
561	3.443863
562	4.746768
563	3.579900
564	3.791491
565	3.355606
566	3.361502
567	3.881688
568	3.660722
569	3.389058
570	3.571010
571	3.644394
572	3.302040
573	3.388053
574	3.849682
575	3.034656
576	3.768607
577	3.773393
578	3.878493
579	3.542118
580	3.534769
581	3.543699
582	3.626486
583	3.476002
584	3.218742
585	3.384153
586	3.434778
587	4.885836
588	3.696621
589	3.484911
590	3.507975
591	3.524785
592	3.805337
593	3.731033
594	3.269264
595	3.906610
596	3.534320
597	3.037202
598	3.740670
599	3.244488
600	3.687774
601	3.214264
602	3.101662
603	3.218246
604	3.601030
605	3.190579
606	3.360565
607	3.094285
608	3.630826
609	3.673390
610	3.387286
611	3.265257
612	3.174745
613	3.818587
614	3.855153
615	3.435695
616	3.564076
617	3.490539
618	3.469985
619	3.429637
620	3.235953
621	3.291581
622	3.448682
623	3.659837
624	3.111542
625	3.366810
626	3.493581
627	3.628470
628	3.036726
629	2.697888
630	3.285011
631	3.157357
632	3.162168
633	3.206416
634	3.618774
635	3.392417
636	3.542779
637	2.859528
638	3.411437
639	3.332380
640	3.540975
641	3.205325
642	3.480430
643	3.044814
644	3.394384
645	3.265164
646	3.023017
647	3.646448
648	3.573079
649	3.568320
650	3.536015
651	3.020164
652	3.394616
653	2.775968
654	3.336751
655	3.279421
656	3.361812
657	3.347445
658	3.457325
659	3.413707
660	3.376463
661	3.774667
662	3.050324
663	3.251212
664	3.131184
665	3.442952
666	3.334440
667	3.448406
668	3.359480
669	3.518010
670	3.510866
671	3.221508
672	3.242022
673	3.414059
674	3.957600
675	3.336028
676	3.111432
677	2.392887
678	3.184419
679	3.486069
680	3.254165
681	3.500620
682	3.291651
683	3.504869
684	3.518497
685	3.184385
686	3.577727
687	3.557048
688	3.570448
689	3.097677
690	3.915418
691	3.082596
692	3.534814
693	3.643528
694	3.304996
695	3.094657
696	3.372404
697	3.400500
698	3.573472
699	3.143976
700	3.494998
701	3.746079
702	3.166954
703	3.348358
704	3.042383
705	3.275425
706	3.294998
707	3.145091
708	3.211761
709	3.874196
710	3.570461
711	3.491146
712	3.656624
713	3.614651
714	2.388326
715	3.816216
716	3.650288
717	3.127843
718	3.341572
719	3.663589
720	3.537499
721	3.165943
722	3.528059
723	3.352090
724	3.569955
725	3.310680
726	3.196405
727	3.293538
728	1.960967
729	2.514779
730	1.946303
731	1.859947
732	3.696606
733	3.837838
734	3.483747
735	3.784944
736	3.210873
737	3.500258
738	3.828995
739	3.579835
740	3.593453
741	3.349837
742	3.242669
743	2.941191
744	3.427856
745	3.660532
746	3.510068
747	3.516400
748	3.505555
749	3.821176
750	3.640180
751	3.142878
752	3.586946
753	3.400587
754	3.864157
755	3.051247
756	2.080411
757	2.166772
758	2.425406
759	2.962567
760	3.370904
761	3.242392
762	3.073827
763	3.463796
764	3.316594
765	3.520611
766	3.501801
767	3.298682
768	3.293161
769	3.198764
770	3.233420
771	3.134471
772	3.621545
773	3.618203
774	3.295770
775	3.532609
776	3.301940
777	2.234144
778	1.896994
779	3.600626
780	3.255673
781	3.217082
782	3.521336
783	3.661882
784	3.396617
785	3.342542
786	3.515907
787	3.060736
788	2.736585
789	3.205949
790	3.494267
791	3.472189
792	3.276359
793	3.340689
794	3.123606
795	3.454545
796	3.166499
797	3.352773
798	2.648039
799	1.890926
800	3.877860
801	3.386840
802	3.610831
803	2.970960
804	3.514059
805	3.285451
806	3.533059
807	3.247722
808	3.522189
809	3.293597
810	3.570966
811	3.243056
812	3.512165
813	4.116805
814	3.326518
815	3.438748
816	3.518367
817	3.357694
818	3.320328
819	3.070066
820	3.307536
821	3.606855
822	3.133115
823	3.471441
824	3.459594
825	3.374313
826	3.450539
827	3.642321
828	3.051621
829	3.408609
830	3.278098
831	3.394361
832	3.447028
833	3.476725
834	3.556765
835	3.199547
836	3.363289
837	3.396188
838	3.608117
839	3.802488
840	3.154172
841	3.504255
842	3.426224
843	3.521294
844	3.476433
845	3.385303
846	3.536892
847	3.524359
848	3.273683
849	3.588480
850	3.300440
851	3.548363
852	3.477672
853	3.314288
854	3.442688
855	3.211279
856	3.256887
857	3.669564
858	3.147442
859	3.279770
860	3.621118
861	3.353520
862	3.703633
863	3.587214
864	3.368829
865	3.668176
866	2.923593
867	3.666512
868	3.440180
869	3.495511
870	3.350614
871	3.324214
872	3.425816
873	3.855736
874	3.527875
875	3.430716
876	3.125091
877	3.339614
878	3.609778
879	3.506465
880	3.496068
881	3.879625
882	3.920535
883	3.117964
884	3.972379
885	3.556262
886	3.524359
887	3.490702
888	3.480833
889	3.504426
890	3.307523
891	3.455212
892	3.380030
893	4.607017
894	3.452327
895	3.281601
896	3.207709
897	3.386014
898	1.773443
899	1.783985
900	3.063414
901	3.480576
902	3.363642
903	3.325131
904	3.735275
905	3.167175
906	3.260382
907	3.655284
908	3.356680
909	3.403968
910	3.077808
911	3.590376
912	5.013234
913	3.204902
914	3.598568
915	3.592369
916	3.644748
917	3.472073
918	3.554956
919	3.285941
920	3.084213
921	2.891694
922	3.301664
923	3.440418
924	3.170502
925	3.949251
926	3.750945
927	3.555853
928	3.609448
929	3.088774
930	3.465859
931	3.375586
932	3.486558
933	3.807218
934	3.962562
935	3.382675
936	3.045601
937	3.309576
938	3.879506
939	3.407581
940	3.486719
941	3.615831
942	3.813986
943	3.402189
944	3.690451
945	3.431279
946	3.287520
947	3.521887
948	3.656924
949	3.545944
950	3.611716
951	3.214124
952	3.327731
953	3.381181
954	3.251555
955	3.584744
956	3.337605
957	3.406994
958	3.308537
959	3.212928
960	3.797484
961	3.272462
962	3.570213
963	3.225198
964	3.315101
965	3.111865
966	3.176478
967	3.498141
968	3.377943
969	2.934774
970	3.193776
971	3.037184
972	3.159842
973	3.495511
974	3.359331
975	3.469495
976	3.636962
977	3.207242
978	3.213441
979	3.255305
980	3.372790
981	3.397589
982	3.382336
983	3.446897
984	2.935250
985	3.096530
986	3.194669
987	3.370949
988	2.985801
989	3.113102
990	3.266973
991	3.737017
992	3.306674
993	2.987124
994	3.000683
995	3.153459
996	3.514229
997	3.588467
998	3.003165
999	3.575709
1000	3.155250
1001	3.271482
1002	3.471800
1003	3.390855
1004	3.206803
1005	3.127522
1006	3.410998
1007	3.697862
1008	3.496598
1009	3.637650
1010	3.221320
1011	3.240416
1012	3.288099
1013	3.748733
1014	3.319774
1015	2.975500
1016	3.369956
1017	2.941308
1018	3.169921
1019	3.498600
1020	3.349523
1021	3.641621
1022	3.351686
1023	3.812426
1024	3.332702
1025	3.099776
1026	3.691111
1027	3.400954
1028	3.395600
1029	3.422003
1030	3.273470
1031	3.159637
1032	3.456674
1033	3.377486
1034	3.389794
1035	3.361861
1036	3.405452
1037	3.439434
1038	3.379483
1039	3.980718
1040	2.303801
1041	2.497857
1042	2.717701
1043	2.257723
1044	3.509957
1045	3.190439
1046	3.723291
1047	3.439156
1048	3.871395
1049	3.826972
1050	3.399839
1051	3.685663
1052	3.509102
1053	3.757153
1054	3.384942
1055	3.542571
1056	3.225072
1057	3.305787
1058	4.166728
1059	3.701486
1060	3.360297
1061	3.339026
1062	3.559888
1063	3.411057
1064	3.315736
1065	3.453999
1066	3.417397
1067	3.664452
1068	2.361990
1069	3.380322
1070	3.037646
1071	3.121500
1072	3.469365
1073	2.475196
1074	2.182567
1075	3.275499
1076	3.251953
1077	3.620859
1078	3.775989
1079	3.695795
1080	3.579190
1081	3.152987
1082	3.331576
1083	3.282055
1084	3.225163
1085	3.929026
1086	3.389174
1087	3.466945
1088	3.389957
1089	3.337232
1090	3.362158
1091	3.393213
1092	3.565739
1093	3.862861
1094	3.386457
1095	2.408318
1096	3.593383
1097	3.411818
1098	3.494710
1099	3.282530
1100	3.542036
1101	3.532776
1102	3.617306
1103	3.494738
1104	3.722003
1105	3.366081
1106	3.784575
1107	3.642882
1108	3.090003
1109	3.182154
1110	3.461228
1111	3.211074
1112	3.224452
1113	3.585890
1114	3.568991
1115	3.299985
1116	3.073793
1117	3.087102
1118	2.959477
1119	3.109356
1120	3.580363
1121	3.582011
1122	3.484337
1123	3.460490
1124	3.667561
1125	3.765129
1126	3.579566
1127	3.267627
1128	3.832610
1129	3.357185
1130	3.469899
1131	2.889601
1132	3.454288
1133	3.951380
1134	3.366453
1135	3.465645
1136	3.221337
1137	2.957582
1138	3.197201
1139	3.323267
1140	3.523365
1141	3.603456
1142	3.712976
1143	2.978760
1144	3.399735
1145	3.463424
1146	3.508061
1147	3.607825
1148	3.393258
1149	3.855191
1150	3.004763
1151	3.650178
1152	3.746745
1153	2.526896
1154	2.185797
1155	3.335027
1156	3.227925
1157	3.273240
1158	3.530240
1159	3.258189
1160	3.104674
1161	3.522556
1162	3.455444
1163	3.706331
1164	3.597625
1165	3.181604
1166	3.584759
1167	2.912109
1168	2.952119
1169	2.602787
1170	3.432230
1171	2.990487
1172	2.744558
1173	2.936359
1174	2.335402
1175	4.089317
1176	3.108618
1177	3.631225
1178	3.204636
1179	3.410645
1180	3.537710
1181	3.592925
1182	3.504254
1183	3.622499
1184	3.581409
1185	3.234333
1186	3.735573
1187	3.221939
1188	3.009288
1189	1.998748
1190	2.845927
1191	3.100788
1192	3.489555
1193	3.191835
1194	3.186049
1195	3.425243
1196	3.290244
1197	3.207661
1198	3.436245
1199	3.289209
1200	3.712263
1201	3.242498
1202	3.031800
1203	3.450364
1204	3.400512
1205	3.175437
1206	3.375101
1207	3.746251
1208	3.277607
1209	3.270549
1210	3.496127
1211	3.434605
1212	3.785527
1213	3.798078
1214	3.363109
1215	3.694131
1216	3.481195
1217	3.398884
1218	3.734356
1219	3.622554
1220	3.175454
1221	3.541666
1222	3.550915
1223	4.277301
1224	3.021624
1225	3.138692
1226	3.630111
1227	3.531262
1228	3.262438
1229	3.229739
1230	3.327717
1231	3.396497
1232	3.679974
1233	3.816201
1234	3.495039
1235	3.346718
1236	3.513304
1237	3.887390
1238	3.648260
1239	3.592782
1240	3.081720
1241	3.255824
1242	3.616159
1243	3.601234
1244	3.348269
1245	3.572985
1246	3.626719
1247	3.391593
1248	4.021766
1249	3.583700
1250	3.325973
1251	3.556206
1252	3.430044
1253	3.316519
1254	3.510683
1255	3.753746
1256	3.430615
1257	3.527379
1258	3.679251
1259	3.445547
1260	2.648888
1261	2.538385
1262	3.081639
1263	2.872280
1264	3.245101
1265	2.216143
1266	2.169634
1267	2.697128
1268	2.685870
1269	2.965079
1270	3.721476
1271	3.075645
1272	3.438622
1273	2.969008
1274	3.229877
1275	2.951407
1276	3.392537
1277	3.586728
1278	3.221011
1279	2.467834
1280	3.239831
1281	3.741991
1282	2.327080
1283	3.134151
1284	3.354772
1285	3.220701
1286	3.730176
1287	3.853232
1288	3.193400
1289	3.850675
1290	3.288678
1291	3.746383
1292	3.208752
1293	3.528371
1294	3.540254
1295	3.615661
1296	3.452390
1297	3.557935
1298	4.100780
1299	3.458513
1300	3.397101
1301	3.611400
1302	3.445652
1303	3.144073
1304	3.479728
1305	3.261914
1306	3.553603
1307	3.254915
1308	3.056305
1309	2.428767
1310	2.272577
1311	2.174537
1312	2.517540
1313	3.111733
1314	3.420425
1315	2.814147
1316	3.112427
1317	1.766608
1318	3.107635
1319	3.223569
1320	2.357922
1321	4.002097
1322	3.138870
1323	3.381966
1324	3.421505
1325	3.449941
1326	3.434734
1327	3.491087
1328	3.874739
1329	3.727452
1330	3.430715
1331	3.348387
1332	3.684739
1333	3.407871
1334	3.491560
1335	3.738638
1336	3.468299
1337	3.598485
1338	3.268287
1339	3.246431
1340	3.714419
1341	3.343666
1342	3.609931
1343	3.556656
1344	3.435825
1345	3.784230
1346	3.672397
1347	4.892697
1348	3.465041
1349	3.944109
1350	3.598917
1351	3.179338
1352	3.836484
1353	3.856917
1354	3.562835
1355	3.343843
1356	3.510470
1357	3.713947
1358	3.432287
1359	3.454475
1360	3.348580
1361	3.363049
1362	3.323853
1363	3.426734
1364	3.327490
1365	3.556694
1366	3.186485
1367	3.542809
1368	3.431109
1369	3.625614
1370	4.068072
1371	3.615092
1372	3.507903
1373	3.311464
1374	3.086911
1375	3.601126
1376	3.617636
1377	3.404554
1378	3.850533
1379	3.690596
1380	3.897447
1381	3.392421
1382	3.422761
1383	3.495686
1384	3.498987
1385	3.821556
1386	3.677961
1387	3.202343
1388	3.580575
1389	3.864347
1390	3.524626
1391	3.424617
1392	3.396116
1393	3.449247
1394	3.619364
1395	3.375458
1396	3.423638
1397	4.046775
1398	4.163906
1399	3.491104
1400	3.465169
1401	3.421768
1402	3.323685
1403	3.439154
1404	3.048996
1405	3.186060
1406	3.447854
1407	3.754545
1408	3.294284
1409	3.571175
1410	3.397327
1411	3.935946
1412	3.746186
1413	3.754809
1414	3.108582
1415	3.104097
1416	3.312236
1417	3.580015
1418	3.345637
1419	3.863274
1420	3.655695
1421	3.500627
1422	3.729933
1423	3.340868
1424	3.294755
1425	3.475186
1426	3.134103
1427	3.320497
1428	3.435961
1429	3.586047
1430	3.449914
1431	3.774704
1432	3.570572
1433	3.615494
1434	3.626496
1435	3.277228
1436	3.269037
1437	3.371617
1438	3.749267
1439	3.424629
1440	3.443980
1441	3.313094
1442	3.449190
1443	3.696310
1444	3.128979
1445	3.451285
1446	3.651498
1447	3.730375
1448	3.548714
1449	3.839126
1450	3.817616
1451	3.711002
1452	3.816084
1453	3.469326
1454	3.611826
1455	3.211014
1456	3.084445
1457	3.472909
1458	3.438676
1459	3.105700
1460	3.272002
1461	3.273956
1462	3.749280
1463	3.187568
1464	3.461185
1465	3.245764
1466	3.475928
1467	3.622680
1468	4.172891
1469	3.555138
1470	3.839441
1471	3.394172
1472	3.633801
1473	4.485411
1474	3.440482
1475	3.533752
1476	3.733660
1477	3.718471
1478	3.815768
1479	3.213111
1480	3.654491
1481	3.531574
1482	4.005703
1483	3.542910
1484	3.628467
1485	3.297365
1486	4.139252
1487	3.208271
1488	3.167111
1489	3.597376
1490	3.924221
1491	3.540780
1492	3.363835
1493	3.234097
1494	2.946774
1495	3.338099
1496	3.118594
1497	3.539012
1498	3.379038
1499	3.741415
1500	3.966357
1501	3.159413
1502	3.433571
1503	3.427003
1504	3.577734
1505	3.538514
1506	3.529144
1507	3.429672
1508	3.460118
1509	3.473698
1510	3.706927
1511	3.009070
1512	3.593028
1513	3.338595
1514	3.803668
1515	2.953320
1516	3.478423
1517	3.660307
1518	3.746001
1519	3.622883
1520	3.926689
1521	3.146396
1522	3.391192
1523	3.466613
1524	3.347044
1525	3.923035
1526	3.517286
1527	3.377129
1528	3.320056
1529	3.317001
1530	3.588442
1531	3.426224
1532	3.515951
1533	3.431340
1534	3.707626
1535	3.120464
1536	2.275300
1537	2.048950
1538	3.233282
1539	2.251799
1540	3.420790
1541	2.532860
1542	3.398782
1543	3.142705
1544	1.972814
1545	3.483533
1546	2.835840
1547	2.326328
1548	2.801678
1549	3.265058
1550	3.311646
1551	3.626157
1552	3.867687
1553	3.530227
1554	3.415919
1555	3.790845
1556	3.739852
1557	3.500426
1558	3.305198
1559	3.775526
1560	3.668761
1561	3.426572
1562	3.538657
1563	3.643265
1564	3.439215
1565	3.392570
1566	3.435085
1567	4.073298
1568	3.530013
1569	3.721786
1570	3.201461
1571	3.395793
1572	3.868902
1573	3.450246
1574	3.392065
1575	3.595733
1576	3.226670
1577	3.837108
1578	4.303571
1579	3.226538
1580	3.479914
1581	3.375634
1582	3.392035
1583	3.024649
1584	3.802960
1585	3.749445
1586	3.646944
1587	2.948372
1588	3.840547
1589	3.966070
1590	3.515110
1591	3.065453
1592	3.688360
1593	3.348462
1594	3.677213
1595	4.543017
1596	3.782830
1597	3.275516
1598	3.681766
1599	3.751625
1600	3.883619
1601	3.588467
1602	3.429563
1603	1.721656
1604	1.824554
1605	2.088013
1606	3.297575
1607	4.057610
1608	4.096645
1609	3.505795
1610	3.147698
1611	3.773911
1612	4.398478
1613	3.749786
1614	3.554743
1615	3.745197
1616	3.683626
1617	3.704714
1618	3.667438
1619	3.675663
1620	3.552098
1621	3.547859
1622	3.350194
1623	3.708234
1624	3.426616
1625	3.490301
1626	3.763057
1627	3.528526
1628	1.995019
1629	1.916376
1630	2.026302
1631	1.770367
1632	1.958851
1633	1.876460
1634	1.795383
1635	1.698264
1636	1.846689
1637	1.734002
1638	3.371716
1639	3.395070
1640	3.661065
1641	3.456024
1642	3.717054
1643	3.399206
1644	3.637622
1645	3.467767
1646	3.380088
1647	3.425595
1648	3.180724
1649	3.082807
1650	3.375054
1651	3.354639
1652	3.580559
1653	3.120032
1654	3.324366
1655	3.811115
1656	3.362975
1657	3.416563
1658	3.688372
1659	3.557272
1660	3.062695
1661	3.342407
1662	2.980081
1663	3.719157
1664	3.304227
1665	3.009238
1666	3.075498
1667	3.399250
1668	2.374047
1669	3.688156
1670	2.678301
1671	3.354490
1672	3.324051
1673	3.282211
1674	3.564789
1675	2.100118
1676	2.212780
1677	2.382351
1678	3.576661
1679	2.340961
1680	3.047657
1681	3.536156
1682	3.426368
1683	3.697054
1684	3.390266
1685	3.695685
1686	3.223060
1687	3.339969
1688	3.619395
1689	3.906071
1690	3.574605
1691	3.471728
1692	3.725600
1693	3.443459
1694	3.553492
1695	3.540806
1696	3.828221
1697	4.994266
1698	3.568822
1699	3.888612
1700	3.418685
1701	3.547423
1702	3.827129
1703	3.094430
1704	3.597307
