0	2.386860
1	4.279531
2	3.897486
3	4.085890
4	5.835299
5	4.045589
6	3.440715
7	2.501878
8	2.905082
9	2.599498
10	2.729193
11	2.554623
12	3.062430
13	2.738706
14	3.558160
15	1.740746
16	1.743244
17	1.831638
18	1.665356
19	1.684546
20	1.701444
21	1.712015
22	1.644081
23	1.811437
24	1.693515
25	1.937032
26	1.902709
27	1.731385
28	1.844180
29	1.944041
30	1.811353
31	1.702175
32	2.043844
33	3.026334
34	2.517100
35	2.728553
36	2.892300
37	3.609487
38	3.117051
39	2.589613
40	2.744502
41	2.628308
42	2.960018
43	2.080215
44	1.605118
45	1.820604
46	1.751945
47	1.772820
48	1.927228
49	1.719474
50	1.850756
51	1.728149
52	1.877603
53	1.860215
54	1.861344
55	1.797054
56	1.807901
57	1.753654
58	1.598937
59	1.935924
60	1.629142
61	1.726817
62	1.729162
63	1.829016
64	1.733004
65	1.797693
66	1.801360
67	1.655326
68	1.845915
69	1.783957
70	2.220878
71	1.787541
72	1.710116
73	1.689408
74	1.820604
75	3.232924
76	2.949779
77	2.717057
78	2.808363
79	2.741733
80	2.970338
81	3.601528
82	3.649698
83	3.921708
84	2.344078
85	1.847105
86	1.849053
87	1.825541
88	1.883242
89	1.747398
90	1.771016
91	2.024476
92	1.839621
93	1.944557
94	1.877499
95	1.719709
96	1.805159
97	1.831775
98	1.913635
99	1.695435
100	2.120330
101	1.785189
102	1.723427
103	6.062292
104	1.942859
105	3.296832
106	3.574480
107	3.554348
108	3.327025
109	3.798986
110	5.093663
111	2.313113
112	5.084819
113	2.275455
114	3.515081
115	3.030067
116	2.858461
117	5.045969
118	4.369394
119	3.071580
120	2.896309
121	3.014266
122	3.106783
123	1.794798
124	1.720146
125	1.747742
126	1.861425
127	1.688875
128	1.752085
129	1.760709
130	1.995445
131	1.760625
132	1.971242
133	3.295010
134	3.156026
135	2.345762
136	1.772033
137	2.654167
138	3.832193
139	1.899816
140	1.780281
141	1.820028
142	1.995846
143	1.865610
144	1.818515
145	2.068672
146	1.879069
147	1.711549
148	1.734042
149	8.644681
150	7.364957
151	9.128318
152	6.865012
153	8.400600
154	7.562711
155	6.790287
156	4.578483
157	2.380419
158	1.942523
159	1.646845
160	3.453651
161	1.774655
162	1.831776
163	1.785833
164	3.363823
165	2.290438
166	2.030567
167	1.806488
168	1.702880
169	1.766068
170	4.714456
171	6.586911
172	7.386888
173	8.977600
174	8.207905
175	6.676556
176	6.819113
177	6.200595
178	7.049839
179	5.328593
180	5.404268
181	7.544586
182	7.979248
183	7.320909
184	7.359654
185	5.628944
186	7.314897
187	7.802185
188	7.985318
189	6.815291
190	6.984282
191	6.473290
192	2.695534
193	3.444316
194	3.455791
195	4.868121
196	7.542147
197	6.315804
198	5.167688
199	7.459523
200	8.929607
201	7.685968
202	9.408660
203	8.906217
204	7.574960
205	6.593336
206	6.414335
207	7.378034
208	6.171005
209	7.530597
210	6.932654
211	6.520836
212	7.379763
213	7.160369
214	7.611031
215	7.382256
216	8.273671
217	7.459389
218	8.387066
219	8.087873
220	7.382795
221	7.636837
222	8.939021
223	8.574589
224	8.937393
225	8.831461
226	7.757976
227	8.958776
228	6.696763
229	6.583456
230	7.317788
231	7.453401
232	9.470715
233	8.429820
234	8.245787
235	8.712161
236	9.359858
237	8.356352
238	7.864391
239	8.109043
240	7.372203
241	7.315531
242	6.718073
243	6.294555
244	6.494328
245	6.594893
246	6.610969
247	7.395553
248	6.998186
249	6.667338
250	6.178206
251	7.140118
252	6.450528
253	9.256122
254	7.023654
255	9.757280
256	7.617544
257	6.810206
258	8.689690
259	6.329171
260	7.489977
261	6.254788
262	6.229583
263	6.614235
264	6.787320
265	7.210028
266	8.943882
267	7.155125
268	10.288579
269	9.771162
270	6.846965
271	9.950293
272	9.467604
273	8.827999
274	6.897814
275	10.430727
276	9.470218
277	7.705257
278	4.637436
279	6.768456
280	4.422602
281	5.161948
282	6.581741
283	6.333365
284	9.540215
285	6.316495
286	10.346056
287	6.786045
288	7.769537
289	9.549077
290	10.071893
291	9.429629
292	9.300940
293	8.507844
294	8.879071
295	9.482267
296	6.772335
297	7.757511
298	8.024343
299	8.766722
300	6.896794
301	5.280160
302	8.385899
303	4.751400
304	4.766434
305	6.386562
306	4.927127
307	9.227686
308	8.423161
309	4.341361
310	6.338737
311	6.000376
312	4.135612
313	5.342968
314	6.488273
315	6.330456
316	6.824721
317	4.762227
318	9.158973
319	4.615638
320	4.734576
321	5.720122
322	4.638201
323	9.667916
324	11.514168
325	10.073595
326	7.251174
327	12.113515
328	9.915563
329	11.398727
330	10.914600
331	11.593370
332	10.784222
333	11.451916
334	9.363578
335	9.031175
336	9.974938
337	12.149032
338	8.918863
339	9.498175
340	7.980766
341	8.519748
342	8.490548
343	8.974783
344	8.021538
345	8.589349
346	9.661642
347	7.530106
348	8.311090
349	8.573231
350	8.003424
351	10.279914
352	9.616809
353	8.353119
354	8.679804
355	11.582202
356	11.490212
357	9.569234
358	11.277214
359	10.221967
360	10.862965
361	9.153766
362	10.939423
363	8.752999
364	7.380258
365	9.779675
366	9.422400
367	8.890794
368	9.589373
369	12.071488
370	9.036043
371	9.885090
372	11.259818
373	8.752543
374	8.827553
375	8.913503
376	11.476886
377	9.637605
378	10.772208
379	11.419509
380	11.503114
381	10.828522
382	10.255150
383	8.463794
384	10.954530
385	10.895554
386	9.163761
387	11.036586
388	8.274173
389	10.954188
390	8.126512
391	11.160113
392	11.192019
393	11.800008
394	7.898211
395	8.562351
396	8.135606
397	11.653952
398	11.434203
399	10.023541
400	8.414428
401	9.655288
402	8.855426
403	7.404142
404	11.463581
405	8.321267
406	12.217831
407	8.305716
408	7.996258
409	10.940571
410	8.358720
411	8.971805
412	9.407166
413	10.363888
414	11.809051
415	12.097383
416	10.523184
417	9.159322
418	8.305716
419	10.693277
420	7.270934
421	8.350393
422	8.343823
423	11.692674
424	10.810538
425	11.195085
426	10.759635
427	12.178021
428	10.995934
429	12.054564
430	10.004572
431	7.575559
432	7.939787
433	11.038129
434	11.128679
435	8.535345
436	7.931841
437	9.072713
438	11.422736
439	7.822901
440	8.056463
441	8.371655
442	10.186295
443	8.913299
444	8.874097
445	8.472467
446	8.757317
447	11.457913
448	8.411242
449	8.899293
450	10.414130
451	10.601665
452	9.416306
453	11.431754
454	11.499290
455	8.597256
456	11.291806
457	8.986417
458	11.402431
459	11.667480
460	11.517612
461	7.737139
462	8.473287
463	9.814503
464	8.766922
465	8.708633
466	8.950536
467	8.654542
468	9.324985
469	11.457699
470	11.279836
471	11.340939
472	12.001483
473	12.272901
474	12.374028
475	11.924634
476	12.495048
477	11.423826
478	11.571383
479	11.499405
480	11.258898
481	11.967603
482	11.795762
483	11.676531
484	11.564095
485	11.897836
486	11.636424
487	12.072825
488	11.479771
489	11.391040
490	12.148207
491	9.826270
492	12.163047
493	11.700343
494	11.782359
495	11.959072
496	11.539101
497	12.031264
498	12.368610
499	11.520893
500	11.881459
501	11.173625
502	11.464428
503	10.295654
504	11.427134
505	11.383053
506	11.420634
507	11.566629
508	11.543115
509	11.577431
510	11.265443
511	10.944820
512	12.058430
513	11.479135
514	8.891912
515	11.561216
516	12.060771
517	11.706456
518	11.957896
519	11.532740
520	11.371052
521	11.384696
522	11.665168
523	11.186357
524	12.284506
525	11.530968
526	12.356719
527	11.527594
528	11.408855
529	11.556081
530	10.954113
531	11.046094
532	11.400034
533	11.710269
534	11.692750
535	11.664567
536	12.038011
537	11.619032
538	12.047791
539	11.806260
540	11.753420
541	11.265586
542	11.485936
543	11.873420
544	12.154031
545	12.368637
546	12.250334
547	11.957934
548	11.969285
549	11.233214
550	11.699150
551	11.759172
552	11.481748
553	12.263906
554	11.420828
555	11.695037
556	11.514909
557	12.025847
558	12.049001
559	12.238708
560	11.743462
561	11.625180
562	12.032204
563	11.704602
564	11.843618
565	12.172387
566	11.905132
567	11.926716
568	12.063772
569	11.552739
570	11.772634
571	11.633657
572	11.792292
573	12.182437
574	11.743246
575	12.443970
576	11.129214
577	10.632293
578	11.638754
579	11.702044
580	11.902464
581	11.460895
582	11.697659
583	11.680792
584	11.201490
585	11.349102
586	10.593455
587	9.594821
588	11.903300
589	12.296463
590	12.491062
591	11.787364
592	12.219571
593	11.852479
594	11.352328
595	11.752268
596	11.878139
597	9.177641
598	9.740529
599	11.385639
600	8.647890
601	9.837524
602	8.870930
603	8.875974
604	10.807933
605	11.295826
606	8.307832
607	7.980996
608	8.800603
609	9.891578
610	8.484835
611	8.137604
612	8.471009
613	9.410419
614	8.883338
615	9.644527
616	11.038094
617	11.441879
618	12.247616
619	11.128666
620	9.462911
621	9.533608
622	10.942092
623	10.764249
624	11.875764
625	10.052170
626	8.079114
627	11.310523
628	11.433697
629	11.467758
630	9.177859
631	11.294271
632	8.508924
633	11.137699
634	8.267244
635	8.163085
636	11.066049
637	8.233615
638	11.595835
639	11.762428
640	7.810410
641	8.246613
642	8.548597
643	8.963456
644	12.388049
645	11.536295
646	11.439404
647	9.210917
648	11.241237
649	11.674267
650	11.867175
651	11.599401
652	8.717996
653	8.311408
654	7.748396
655	8.528198
656	9.251948
657	7.904364
658	8.685316
659	9.746598
660	11.434017
661	9.099410
662	12.609302
663	12.056901
664	11.615460
665	9.699002
666	11.702482
667	11.994565
668	8.648266
669	9.656982
670	10.529703
671	11.043931
672	11.309703
673	10.196044
674	12.394853
675	7.771516
676	8.942776
677	8.218473
678	7.691512
679	8.770609
680	9.154428
681	8.615109
682	8.847553
683	8.055390
684	8.342159
685	8.615851
686	8.455895
687	8.008209
688	8.356864
689	8.770069
690	8.103945
691	11.627684
692	8.411160
693	11.521617
694	11.258477
695	8.137653
696	11.363976
697	10.623306
698	11.599769
699	11.770990
700	11.902425
701	9.246904
702	11.751230
703	12.285711
704	11.600362
705	12.614075
706	11.355588
707	11.375562
708	11.854154
709	8.950475
710	8.924333
711	8.338808
712	10.189578
713	10.018353
714	11.666401
715	8.953032
716	11.616035
717	11.611489
718	10.834662
719	11.174032
720	10.523007
721	7.954282
722	9.487128
723	11.054473
724	11.770142
725	11.325304
726	10.670571
727	9.382165
728	11.567994
729	8.747714
730	11.937383
731	11.729566
732	8.570006
733	11.372086
734	8.066461
735	9.795072
736	7.929998
737	9.453094
738	9.983897
739	9.392147
740	10.987052
741	11.991301
742	9.582917
743	9.982303
744	11.600909
745	9.020272
746	8.160113
747	11.160310
748	10.984691
749	11.753211
750	9.327424
751	11.004690
752	8.898962
753	8.624049
754	11.423473
755	8.292707
756	7.990681
757	11.592455
758	8.035858
759	8.383378
760	11.407627
761	9.072507
762	10.960938
763	8.166480
764	8.498359
765	8.937454
766	10.310627
767	12.558534
768	11.174835
769	11.390124
770	9.197021
771	8.670625
772	12.419140
773	11.028550
774	11.523887
775	11.266281
776	8.644603
777	8.004646
778	8.425238
779	9.087028
780	9.822888
781	12.518988
782	11.397400
783	7.779448
784	11.220410
785	8.108667
786	11.317644
787	10.608524
788	10.511652
789	8.420759
790	8.807551
791	9.160297
792	8.278585
793	11.757640
794	11.882936
795	11.533112
796	11.036343
797	10.887422
798	11.819607
799	11.042834
800	12.287082
801	9.256763
802	12.053091
803	8.617480
804	7.881548
805	9.571968
806	11.734717
807	11.593533
808	8.383424
809	10.824643
810	11.484854
811	10.872518
812	8.267555
813	9.281487
814	11.892991
815	8.811333
816	8.429054
817	9.381462
818	11.542423
819	11.549208
820	11.685572
821	11.309769
822	11.160690
823	11.609591
824	12.086606
825	7.894713
826	11.247791
827	11.702791
828	8.991811
829	10.852064
830	9.087891
831	11.733465
832	10.067836
833	11.762956
834	11.444501
835	11.358449
836	11.661519
837	11.882841
838	10.136030
839	8.729399
840	11.575327
841	10.933182
842	11.383276
843	10.752651
844	8.187515
845	11.313284
846	8.515506
847	11.105043
848	11.288866
849	9.592582
850	8.343248
851	10.584105
852	11.695681
853	11.509806
854	8.901883
855	8.826684
856	10.888868
857	11.451570
858	10.977727
859	8.315274
860	11.402338
861	11.346266
862	11.312168
863	11.575735
864	8.456737
865	7.978258
866	8.326899
867	9.196961
868	10.638348
869	11.215162
870	9.131395
871	12.279677
872	11.571948
873	11.223974
874	11.361885
875	11.464175
876	11.773489
877	11.575562
878	9.765411
879	11.403288
880	11.262825
881	7.861005
882	8.550824
883	9.288159
884	9.691697
885	8.244862
886	8.325323
887	11.158963
888	10.564826
889	11.906864
890	12.222716
891	11.092580
892	11.591653
893	11.195013
894	11.753419
895	10.609759
896	12.005078
897	12.054354
898	12.051774
899	11.074512
900	11.465274
901	11.935906
902	11.155569
903	11.965465
904	11.171980
905	11.681254
906	11.671037
907	8.110131
908	8.289052
909	11.594447
910	11.167533
911	11.529645
912	8.021154
913	8.659827
914	11.190507
915	11.303598
916	8.882110
917	11.768286
918	11.907005
919	10.850752
920	11.596663
921	11.058180
922	11.652334
923	10.966098
924	12.052230
925	10.656303
926	11.566088
927	11.338072
928	11.483895
929	11.522943
930	8.505771
931	8.625897
932	11.643519
933	12.264075
934	11.783940
935	8.233834
936	11.688543
937	11.371260
938	8.262901
939	11.017989
940	8.271362
941	8.483753
942	8.998298
943	8.463470
944	8.852652
945	8.215510
946	12.027091
947	10.809662
948	11.197642
949	11.438286
950	10.987766
951	11.588923
952	10.505450
953	10.315550
954	11.752352
955	7.760786
956	11.795856
957	10.138057
958	11.045361
959	8.400161
960	8.106103
961	11.617241
962	11.513971
963	11.121771
964	9.979950
965	11.620194
966	10.819070
967	11.830979
968	11.634216
969	11.658369
970	11.050239
971	11.648031
972	11.323639
973	11.146398
974	8.288088
975	11.993346
976	11.488752
977	11.452459
978	11.482736
979	11.248655
980	8.178439
981	11.556474
982	11.602879
983	11.217362
984	11.960406
985	10.948380
986	7.729457
987	11.975466
988	11.280912
989	11.786689
990	11.383028
991	11.708468
992	9.266640
993	7.878007
994	9.963744
995	11.995808
996	12.142524
997	11.612399
998	7.435175
999	11.559306
1000	11.889005
1001	11.974253
1002	11.521704
1003	11.775923
1004	10.389359
1005	8.448870
1006	10.979540
1007	10.859345
1008	10.134663
1009	11.574952
1010	8.498875
1011	11.656363
1012	11.271681
1013	11.651593
1014	9.049735
1015	11.805334
1016	11.124155
1017	10.795633
1018	11.629575
1019	11.258282
1020	11.087330
1021	11.373305
1022	10.340165
1023	8.289018
1024	7.416604
1025	8.909306
1026	11.764944
1027	11.357836
1028	11.317623
1029	11.089134
1030	11.388741
1031	11.216278
1032	8.888301
1033	11.644758
1034	8.067174
1035	11.176347
1036	11.053992
1037	10.801325
1038	9.360419
1039	9.718925
1040	11.049804
1041	8.785285
1042	12.941427
1043	8.569139
1044	8.326529
1045	8.489655
1046	10.637219
1047	10.902431
1048	11.610292
1049	10.994613
1050	11.578319
1051	7.523083
1052	10.685909
1053	8.051254
1054	8.572736
1055	10.741866
1056	11.603263
1057	10.931924
1058	8.427033
1059	8.854226
1060	8.288123
1061	8.692178
1062	8.651776
1063	8.332960
1064	10.597848
1065	8.514930
1066	8.712347
1067	12.054532
1068	8.260345
1069	11.696548
1070	8.921457
1071	9.259925
1072	8.165495
1073	8.855565
1074	9.178558
1075	11.794992
1076	10.885743
1077	10.558470
1078	8.120214
1079	7.781591
1080	11.210761
1081	11.204507
1082	8.552929
1083	8.378119
1084	7.511761
1085	8.675578
1086	7.627607
1087	11.773742
1088	11.786777
1089	10.873498
1090	11.413414
1091	11.131741
1092	11.125387
1093	11.883205
1094	11.891669
1095	11.246573
1096	8.346127
1097	11.135702
1098	11.479856
1099	12.645562
1100	11.660819
1101	11.568777
1102	11.360123
1103	11.803118
1104	11.571334
1105	11.888991
1106	8.086145
1107	10.986947
1108	8.633958
1109	8.321385
1110	10.318999
1111	8.926733
1112	7.822321
1113	8.074161
1114	11.432745
1115	11.411739
1116	11.848274
1117	8.334045
1118	8.875268
1119	11.035115
1120	10.324872
1121	8.317176
1122	9.236735
1123	9.484413
1124	9.277440
1125	9.747293
1126	9.835592
1127	12.110191
1128	11.190935
1129	8.125799
1130	11.401654
1131	11.120757
1132	7.495667
1133	8.516031
1134	10.895398
1135	7.341697
1136	11.780993
1137	7.958578
1138	8.572299
1139	9.735129
1140	7.507990
1141	7.880847
1142	11.029783
1143	10.926214
1144	11.641096
1145	9.469317
1146	10.985652
1147	11.247375
1148	9.151513
1149	11.590223
1150	11.273516
1151	11.676942
1152	11.428408
1153	12.082973
1154	10.864609
1155	11.474948
1156	8.195023
1157	9.264353
1158	11.177843
1159	11.047429
1160	10.077248
1161	12.048843
1162	10.327815
1163	8.951175
1164	7.913180
1165	7.608572
1166	12.014271
1167	10.285086
1168	10.575453
1169	8.172865
1170	10.782066
1171	11.231937
1172	11.808259
1173	10.824306
1174	8.415467
1175	8.848062
1176	8.170259
1177	12.334952
1178	11.859256
1179	8.104672
1180	8.867650
1181	9.224151
1182	11.334469
1183	10.398484
1184	11.340610
1185	11.284724
1186	11.912692
1187	10.616470
1188	11.507655
1189	11.427739
1190	11.949515
1191	10.289479
1192	11.447771
1193	11.763139
1194	11.986690
1195	10.792776
1196	7.909492
1197	8.962350
1198	10.138168
1199	11.421338
1200	11.169806
1201	11.561774
1202	12.546621
1203	11.254448
1204	9.728565
1205	8.361947
1206	11.844483
1207	10.934772
1208	10.933107
1209	9.687246
1210	10.800008
1211	11.380253
1212	11.102348
1213	8.606370
1214	9.180358
1215	11.568529
1216	9.023549
1217	7.792653
1218	7.713512
1219	8.954837
1220	10.672259
1221	12.342573
1222	11.747573
1223	12.113618
1224	11.557588
1225	12.192788
1226	10.021029
1227	11.222486
1228	8.226864
1229	8.321286
1230	9.538509
1231	8.464281
1232	11.770935
1233	8.772952
1234	9.721183
1235	10.918763
1236	11.024273
1237	13.080254
1238	9.412019
1239	8.712408
1240	9.700753
1241	11.301951
1242	10.937716
1243	8.251235
1244	8.516486
1245	8.344392
1246	8.937993
1247	11.062651
1248	8.711910
1249	9.797659
1250	10.945473
1251	7.781019
1252	8.560598
1253	11.344534
1254	8.708217
1255	8.662000
1256	11.732157
1257	11.870461
1258	11.436607
1259	11.493554
1260	11.755697
1261	8.614876
1262	9.110203
1263	11.630418
1264	9.832732
1265	11.497330
1266	8.437646
1267	9.724545
1268	11.347307
1269	10.735810
1270	11.032563
1271	7.907151
1272	8.300622
1273	8.011474
1274	8.398340
1275	8.221373
1276	8.436386
1277	11.244707
1278	9.358045
1279	11.179633
1280	11.921382
1281	9.264863
1282	9.613877
1283	10.894007
1284	10.350620
1285	11.687572
1286	8.705795
1287	8.743739
1288	8.788222
1289	8.818498
1290	9.111664
1291	11.709351
1292	8.857926
1293	8.326404
1294	7.920456
1295	8.648429
1296	7.949295
1297	12.106899
1298	8.310823
1299	11.933640
1300	9.178005
1301	8.761613
1302	11.566235
1303	9.512430
1304	8.363019
1305	11.393104
1306	9.290846
1307	7.998942
1308	11.802559
1309	8.551521
1310	8.178978
1311	10.067259
1312	10.097805
1313	12.120076
1314	10.861387
1315	11.367223
1316	10.882452
1317	9.038429
1318	7.988018
1319	11.060923
1320	9.700487
1321	10.029617
1322	8.428442
1323	11.444598
1324	10.970002
1325	11.084987
1326	11.647135
1327	12.142409
1328	8.451303
1329	8.494533
1330	7.983719
1331	11.993838
1332	11.689433
1333	11.749506
1334	10.875999
1335	12.575587
1336	11.273555
1337	11.602674
1338	11.409509
1339	11.512367
1340	10.635153
1341	11.862232
1342	8.898150
1343	10.929200
1344	10.630309
1345	8.190195
1346	12.131820
1347	11.519084
1348	12.053688
1349	11.884196
1350	11.478614
1351	11.372837
1352	10.538145
1353	11.525344
1354	7.960392
1355	8.647450
1356	12.079837
1357	11.950651
1358	10.831676
1359	11.643318
1360	10.305504
1361	7.827428
1362	7.915822
1363	8.482867
1364	7.473919
1365	12.053835
1366	10.996005
1367	10.963243
1368	11.851986
1369	10.943272
1370	9.447700
1371	11.523980
1372	11.871799
1373	11.570876
1374	9.726465
1375	11.007488
1376	8.931311
1377	8.995830
1378	10.867531
1379	9.439204
1380	11.149805
1381	11.414754
1382	12.077931
1383	11.521115
1384	9.760993
1385	8.187042
1386	11.207625
1387	11.212180
1388	11.592872
1389	11.442307
1390	11.382706
1391	10.897105
1392	10.866282
1393	9.134142
1394	8.431730
1395	11.726437
1396	9.957480
1397	7.309907
1398	12.523871
1399	10.896519
1400	11.568795
1401	11.914386
1402	11.286617
1403	8.700258
1404	11.001243
1405	10.786020
1406	11.228368
1407	11.210103
1408	11.433776
1409	10.008362
1410	8.164480
1411	10.295950
1412	11.457131
1413	10.651550
1414	9.186728
1415	11.910892
1416	7.562892
1417	8.809507
1418	11.519916
1419	11.423366
1420	11.463724
1421	12.155906
1422	9.099480
1423	11.649332
1424	11.350082
1425	9.960093
1426	10.120420
1427	9.108645
1428	11.026905
1429	11.996110
1430	11.868484
1431	10.631013
1432	7.596422
1433	11.406569
1434	11.472981
1435	11.897943
1436	10.838362
1437	11.974431
1438	11.916682
1439	12.105427
1440	8.739092
1441	11.540614
1442	12.512658
1443	11.329090
1444	11.272554
1445	11.562812
1446	11.646160
1447	12.062857
1448	8.871049
1449	10.639366
1450	11.021443
1451	7.896956
1452	12.231622
1453	12.040573
1454	12.466315
1455	8.915547
1456	11.392033
1457	11.649538
1458	10.863044
1459	8.544852
1460	11.651382
1461	11.969462
1462	11.543581
1463	8.279855
1464	8.834370
1465	7.175281
1466	12.091428
1467	10.933098
1468	11.724958
1469	11.336528
1470	11.931292
1471	12.082860
1472	8.899003
1473	10.961579
1474	8.152626
1475	8.086660
1476	11.377042
1477	8.613594
1478	9.690562
1479	8.026898
1480	9.402433
1481	10.936934
1482	11.200325
1483	9.163741
1484	11.532714
1485	9.104304
1486	8.894237
1487	7.773407
1488	7.715934
1489	11.281096
1490	11.124481
1491	9.223500
1492	9.218434
1493	8.186513
1494	11.364326
1495	11.936063
1496	7.575021
1497	11.548864
1498	8.239435
1499	8.415260
1500	8.510263
1501	8.635851
1502	9.361760
1503	8.299582
1504	10.947062
1505	11.492827
1506	11.463367
1507	11.475040
1508	11.473534
1509	11.780739
1510	10.666831
1511	11.927871
1512	11.583989
1513	11.257298
1514	10.835690
1515	8.344183
1516	11.796802
1517	9.885554
1518	8.316903
1519	11.729118
1520	9.062727
1521	11.971305
1522	10.698819
1523	7.975688
1524	11.794347
1525	10.966413
1526	11.145459
1527	8.885153
1528	10.269762
1529	9.879999
1530	8.408385
1531	8.729465
1532	10.822550
1533	11.330147
1534	9.057512
1535	8.994998
1536	11.635113
1537	10.896919
1538	11.676655
1539	8.504241
1540	8.354193
1541	11.643633
1542	10.984881
1543	8.557595
1544	11.831419
1545	11.069142
1546	9.259193
1547	11.550966
1548	11.741608
1549	7.913870
1550	11.257680
1551	10.992572
1552	9.586378
1553	10.577532
1554	11.556455
1555	7.484195
1556	10.515894
1557	11.210066
1558	10.721769
1559	11.172628
1560	10.554551
1561	11.015376
1562	11.768328
1563	11.125685
1564	11.856254
1565	9.639678
1566	10.988598
1567	8.299988
1568	10.165093
1569	11.003796
1570	11.456176
1571	8.593308
1572	9.733925
1573	9.287955
1574	8.174532
1575	8.178238
1576	11.743462
1577	9.211346
1578	11.522241
1579	12.022090
1580	8.907813
1581	9.077251
1582	10.321566
1583	10.873371
1584	7.532952
1585	11.603812
1586	11.776351
1587	11.566634
1588	12.221532
1589	10.990045
1590	11.224768
1591	11.560016
1592	8.373865
1593	8.658873
1594	7.635038
1595	8.725990
1596	11.322599
1597	7.895050
1598	10.012897
1599	10.960768
1600	11.703739
1601	12.611923
1602	12.141630
1603	11.280205
1604	11.306396
1605	11.270045
1606	11.407104
1607	12.018232
1608	11.533283
1609	8.615112
1610	9.540299
1611	11.336932
1612	7.624685
1613	8.676911
1614	8.287424
1615	11.188946
1616	8.917033
1617	12.096588
1618	8.201960
1619	8.751550
1620	8.903831
1621	8.596017
1622	8.661651
1623	11.560699
1624	12.007217
1625	11.812319
1626	12.246389
1627	9.993188
1628	10.962928
1629	11.857696
1630	8.227081
1631	8.748523
1632	10.351842
1633	11.444902
1634	11.301724
1635	11.310784
1636	8.759529
1637	8.285188
1638	10.882851
1639	11.805407
1640	12.108520
1641	12.085196
1642	11.359106
1643	11.735069
1644	11.636967
1645	8.433605
1646	9.841270
1647	11.569077
1648	11.041367
1649	8.939288
1650	8.819093
1651	8.264836
1652	11.346774
1653	7.891296
1654	8.529017
1655	8.235400
1656	8.944565
1657	11.494635
1658	12.140449
1659	12.092357
1660	8.815927
1661	8.369965
1662	9.955751
1663	10.334373
1664	11.005053
1665	12.199123
1666	12.147247
1667	11.432713
1668	11.342813
1669	8.571752
1670	11.238492
1671	7.684424
1672	11.859127
1673	12.050909
1674	7.768050
1675	9.097630
1676	8.581968
1677	11.879981
1678	8.337031
1679	8.199373
1680	9.693937
1681	11.076341
1682	8.716626
1683	9.733478
1684	12.051389
1685	11.122106
1686	11.026827
1687	11.714973
1688	11.149477
1689	8.371193
1690	7.541968
1691	9.273697
1692	11.896511
1693	9.092108
1694	10.916269
1695	11.817197
1696	11.871352
1697	9.956124
1698	11.724821
1699	11.633676
1700	11.011718
1701	8.658562
1702	11.173280
1703	12.046488
1704	10.686855
1705	9.436954
1706	11.195305
1707	11.796124
1708	11.327563
1709	12.013885
1710	11.348380
1711	11.438591
1712	10.675583
1713	8.829690
1714	11.961896
1715	12.008050
1716	8.347282
1717	8.413686
1718	8.621191
1719	8.694792
1720	11.229282
1721	10.160713
1722	10.664127
1723	11.676216
1724	11.284277
1725	11.011141
1726	11.810291
1727	9.029252
1728	11.557604
1729	7.660874
1730	9.178442
1731	9.071612
1732	8.198059
1733	11.391877
1734	12.154417
1735	12.109341
1736	11.793752
1737	12.050282
1738	8.730515
1739	8.995716
1740	10.475353
1741	11.061108
1742	10.877389
1743	8.699338
1744	10.953820
1745	11.348166
1746	11.128921
1747	10.126805
1748	10.782459
1749	8.459691
1750	9.017244
1751	8.898108
1752	7.552984
1753	8.018233
1754	8.205766
1755	10.417340
1756	9.037842
1757	7.878312
1758	8.050125
1759	8.059992
1760	8.793369
1761	8.243845
1762	10.542683
1763	8.647889
1764	7.818446
1765	8.418017
1766	11.249860
1767	10.961337
1768	10.911098
1769	11.708433
1770	8.844915
1771	11.536665
1772	11.830909
1773	11.213941
1774	11.789639
1775	8.860836
1776	8.326223
1777	8.207953
1778	8.705541
1779	11.316399
1780	8.534102
1781	8.145041
1782	11.345317
1783	11.399830
1784	12.112593
1785	10.728216
1786	11.303406
1787	10.740438
1788	8.541973
1789	7.970735
1790	11.523595
1791	11.632132
1792	11.555434
0	2.198225
1	3.941812
2	4.010648
3	4.238172
4	4.734227
5	4.558445
6	5.722466
7	4.018717
8	3.671637
9	6.014118
10	6.028955
11	5.717386
12	3.874131
13	3.778810
14	5.751129
15	3.854739
16	3.857228
17	4.158243
18	4.323932
19	4.712133
20	5.925082
21	5.889702
22	5.144404
23	3.721573
24	3.844905
25	3.451635
26	3.697702
27	5.417139
28	5.084761
29	3.631434
30	3.284555
31	4.402647
32	6.299437
33	6.098703
34	5.085943
35	5.645373
36	5.234777
37	5.213390
38	5.218325
39	5.104223
40	5.109921
41	5.317904
42	5.648839
43	5.495099
44	5.822454
45	5.151950
46	1.852620
47	1.753283
48	1.762839
49	1.587575
50	3.848780
51	5.636320
52	5.750696
53	5.940017
54	4.741319
55	6.044130
56	4.013751
57	3.472665
58	2.632148
59	3.873577
60	3.972983
61	5.310894
62	3.255903
63	1.709531
64	1.693225
65	1.962699
66	1.836383
67	1.953277
68	1.794129
69	1.681489
70	1.738594
71	1.875231
72	1.722468
73	1.724470
74	1.863784
75	1.868183
76	1.752540
77	1.814746
78	1.794824
79	1.909007
80	2.206399
81	3.798013
82	1.803357
83	1.956730
84	1.764370
85	1.869600
86	2.492811
87	1.817168
88	1.873260
89	1.941290
90	1.946434
91	1.747972
92	1.952589
93	1.801471
94	1.884834
95	1.964105
96	1.715051
97	1.976943
98	1.727947
99	1.662948
100	1.752086
101	1.709181
102	1.923149
103	1.677379
104	2.107724
105	1.805380
106	1.767738
107	2.151115
108	1.890000
109	1.771354
110	1.873472
111	1.767200
112	1.952562
113	1.817169
114	1.771354
115	1.801388
116	1.819725
117	1.786785
118	1.979370
119	1.897418
120	1.838505
121	1.832293
122	1.873233
123	1.888996
124	1.867243
125	1.808038
126	1.837092
127	1.768191
128	1.861424
129	1.813339
130	1.774317
131	1.709210
132	1.833086
133	1.728845
134	1.744189
135	1.728643
136	1.705227
137	1.752084
138	1.972764
139	1.883082
140	1.771130
141	2.126664
142	1.838777
143	2.028621
144	1.843419
145	1.688964
146	1.875047
147	1.859543
148	1.883507
149	1.859113
150	1.738559
151	1.933313
152	1.735685
153	1.746453
154	1.819561
155	2.019060
156	1.660122
157	1.906724
158	1.866842
159	1.833495
160	1.702556
161	1.826746
162	4.306194
163	7.481719
164	8.283102
165	8.212388
166	6.766098
167	6.861814
168	8.105575
169	6.535451
170	8.659163
171	6.904330
172	6.368596
173	6.240072
174	6.291533
175	8.104869
176	6.084414
177	5.843398
178	6.658408
179	8.764256
180	9.645772
181	8.613607
182	8.264345
183	6.645675
184	7.251938
185	7.567865
186	7.994829
187	6.547771
188	6.387121
189	6.971921
190	6.474758
191	8.107379
192	8.959208
193	7.805722
194	7.901448
195	10.049867
196	10.180123
197	9.580575
198	9.664517
199	9.955142
200	6.728729
201	6.792172
202	6.461843
203	6.763409
204	6.244982
205	6.490432
206	6.425036
207	6.263808
208	5.741786
209	6.311148
210	5.855476
211	6.584665
212	6.385905
213	6.949835
214	6.458490
215	6.671139
216	6.636069
217	7.643520
218	7.596705
219	6.799082
220	7.905782
221	6.428919
222	6.458405
223	6.342065
224	6.101384
225	7.363654
226	6.836154
227	6.758366
228	8.295329
229	7.966737
230	8.092727
231	7.034337
232	8.067342
233	7.187753
234	6.055501
235	6.531622
236	8.165458
237	6.638493
238	7.460677
239	6.545548
240	6.891915
241	7.332653
242	8.615504
243	8.236182
244	8.569633
245	8.309291
246	11.325488
247	5.943205
248	5.368034
249	5.314461
250	5.398203
251	5.397797
252	5.840034
253	5.614009
254	5.839769
255	6.671087
256	6.020963
257	6.422273
258	6.651880
259	6.668763
260	5.998617
261	6.159108
262	6.389343
263	8.181039
264	9.709115
265	9.809505
266	8.522282
267	8.391452
268	9.108704
269	8.988854
270	8.319796
271	8.538314
272	7.395092
273	6.565592
274	6.714655
275	9.318858
276	8.365765
277	8.183802
278	8.943971
279	8.725653
280	8.746034
281	8.451922
282	8.752309
283	9.144754
284	9.671411
285	8.549027
286	10.548796
287	10.751348
288	8.778292
289	7.722668
290	8.662401
291	8.667849
292	9.837144
293	8.194247
294	8.458482
295	8.768455
296	8.402411
297	8.326165
298	10.258163
299	5.748193
300	7.298114
301	8.332455
302	8.095809
303	8.399762
304	8.502617
305	8.193974
306	8.750108
307	8.362572
308	8.173402
309	6.672787
310	7.917531
311	6.612253
312	6.335835
313	6.977893
314	6.540497
315	6.997328
316	8.669169
317	5.895913
318	6.285555
319	5.748399
320	6.357523
321	6.005006
322	7.448350
323	7.581946
324	5.977599
325	6.161624
326	6.862376
327	6.672894
328	6.263074
329	5.973593
330	6.989627
331	8.307508
332	8.598992
333	9.021990
334	8.287245
335	8.951965
336	9.041261
337	8.715745
338	8.979609
339	8.473837
340	8.985555
341	9.209838
342	9.127383
343	8.703825
344	8.705515
345	8.516620
346	8.487785
347	8.432064
348	8.022032
349	8.637257
350	8.418099
351	8.806241
352	8.742911
353	8.829637
354	8.965384
355	8.509819
356	9.113122
357	8.411879
358	8.152564
359	8.641608
360	9.126369
361	8.516278
362	8.311685
363	7.078510
364	8.915430
365	8.730327
366	8.382845
367	9.297236
368	7.554873
369	10.329613
370	8.567578
371	10.499656
372	10.248595
373	10.211395
374	9.254758
375	9.595990
376	10.243429
377	10.324608
378	9.748005
379	8.858402
380	8.830335
381	8.884399
382	8.655620
383	10.568213
384	9.880248
385	10.299299
386	9.233228
387	8.977941
388	10.867797
389	11.232997
390	9.216538
391	10.634985
392	10.198291
393	10.621840
394	10.148093
395	10.178890
396	5.769280
397	6.646127
398	6.692338
399	8.586053
400	9.423281
401	9.560738
402	10.230566
403	11.228045
404	9.866408
405	10.469283
406	9.618930
407	9.968123
408	8.754281
409	8.695206
410	9.173141
411	8.525978
412	8.631372
413	7.927200
414	7.834188
415	8.013300
416	9.043909
417	10.282077
418	9.200594
419	10.225082
420	9.805606
421	9.696953
422	10.391496
423	5.401555
424	5.538546
425	7.360821
426	5.169711
427	5.578397
428	3.708598
429	4.750895
430	5.681981
431	6.265660
432	6.377938
433	6.314136
434	6.004739
435	6.467403
436	7.022507
437	11.157463
438	9.843465
439	9.241835
440	9.590193
441	9.330514
442	9.439264
443	9.763785
444	10.180036
445	10.560383
446	9.827803
447	9.331779
448	10.199372
449	9.705385
450	10.917093
451	10.064125
452	10.442443
453	10.437634
454	10.163630
455	10.150970
456	10.671688
457	10.506479
458	9.635010
459	9.967602
460	11.534115
461	9.942405
462	10.577348
463	6.693378
464	6.312234
465	3.989461
466	7.838324
467	4.856563
468	4.580110
469	4.432719
470	7.980395
471	8.513247
472	8.745639
473	8.268500
474	7.625464
475	8.049479
476	9.577489
477	8.519265
478	8.808393
479	8.303656
480	8.074565
481	7.964704
482	8.328569
483	10.685135
484	9.426013
485	10.108343
486	7.844960
487	6.964194
488	7.948138
489	7.674399
490	7.431648
491	7.981483
492	8.259474
493	7.334774
494	6.920592
495	7.346298
496	7.234891
497	7.609744
498	7.158338
499	7.054255
500	7.290290
501	7.505445
502	7.672117
503	6.967338
504	7.915972
505	7.878700
506	8.010206
507	7.878287
508	7.650617
509	7.821934
510	8.116855
511	7.672141
512	7.776485
513	6.860442
514	8.234002
515	7.071244
516	8.101247
517	8.606405
518	7.759409
519	7.969705
520	8.098919
521	6.957514
522	8.540744
523	7.752741
524	7.771802
525	7.687821
526	7.394633
527	7.073367
528	6.792217
529	6.343508
530	6.197330
531	6.292621
532	6.182456
533	6.843866
534	6.594194
535	6.669285
536	6.402905
537	6.374535
538	6.180074
539	6.619644
540	6.252071
541	5.963358
542	6.781784
543	6.667909
544	6.101238
545	6.043517
546	8.969297
547	8.536516
548	7.738702
549	8.770776
550	8.713190
551	9.506571
552	10.166175
553	9.747539
554	8.631830
555	9.139564
556	11.010663
557	11.209322
558	9.315122
559	10.906369
560	9.655288
561	10.307909
562	10.387897
563	9.270885
564	10.196342
565	9.921618
566	9.881923
567	10.046070
568	9.792355
569	8.761142
570	8.289639
571	8.975120
572	10.502902
573	9.475453
574	11.292393
575	10.274888
576	9.833969
577	10.284034
578	10.799850
579	11.398293
580	10.080794
581	9.673490
582	10.080667
583	9.065321
584	6.292421
585	7.746249
586	7.303720
587	6.716221
588	7.941035
589	5.831217
590	7.186401
591	8.447179
592	6.345172
593	6.655351
594	6.938948
595	7.548530
596	8.050906
597	8.295878
598	7.676923
599	5.884974
600	6.410458
601	6.718451
602	6.526943
603	6.492669
604	6.350906
605	6.619379
606	6.066467
607	6.109018
608	6.333545
609	5.827804
610	6.916958
611	6.644863
612	6.452016
613	6.844895
614	5.922534
615	6.108167
616	6.649255
617	6.362499
618	6.470703
619	6.746414
620	5.713362
621	6.489885
622	5.930675
623	6.430995
624	6.281767
625	6.064743
626	6.678345
627	5.965979
628	6.520713
629	6.366428
630	6.498908
631	7.045780
632	5.760573
633	6.310206
634	6.405591
635	6.659925
636	5.813579
637	6.412154
638	6.156339
639	6.620558
640	6.374198
641	6.489955
642	6.216502
643	6.591055
644	6.424554
645	6.657642
646	6.456485
647	6.868669
648	7.169840
649	6.784549
650	6.390157
651	6.560260
652	7.346360
653	7.294574
654	7.562572
655	7.536936
656	7.486748
657	7.786644
658	7.821924
659	7.305539
660	8.332977
661	7.785633
662	7.694341
663	7.733208
664	8.319357
665	8.150448
666	7.135777
667	7.616811
668	7.851325
669	8.397880
670	8.772604
671	7.096239
672	6.682858
673	9.442993
674	10.355293
675	8.156143
676	6.477319
677	6.438975
678	6.243925
679	6.795770
680	6.473785
681	6.162548
682	6.370479
683	6.534410
684	6.390679
685	6.389593
686	6.385617
687	6.261181
688	6.054404
689	6.405256
690	6.686180
691	6.122818
692	7.812932
693	7.594759
694	7.304023
695	7.927622
696	8.050764
697	8.119396
698	8.144900
699	7.777250
700	8.172161
701	8.075265
702	8.521086
703	10.580392
704	9.959065
705	9.534669
706	10.262280
707	5.297679
708	4.937550
709	6.262987
710	6.028748
711	5.913890
712	5.726473
713	5.755145
714	4.070553
715	3.803827
716	6.064133
717	6.075936
718	7.737771
719	6.521503
720	5.985529
721	6.004848
722	5.916334
723	6.255013
724	7.542188
725	5.973299
726	5.781642
727	6.507389
728	7.208777
729	3.958901
730	4.427197
731	6.462779
732	3.982725
733	3.955086
734	3.855048
735	4.886000
736	4.017487
737	4.031798
738	5.420829
739	4.451797
740	4.037338
741	7.593510
742	9.179984
743	7.799687
744	9.062855
745	7.545108
746	9.290000
747	8.148062
748	8.616946
749	8.179570
750	8.546379
751	9.462405
752	8.420423
753	8.165605
754	9.312621
755	8.608879
756	8.485570
757	9.623986
758	10.180550
759	10.922421
760	7.749197
761	8.337421
762	8.250738
763	7.606512
764	9.710876
765	8.812516
766	9.897169
767	8.906809
768	9.639630
769	10.358706
770	10.416280
771	10.022008
772	9.995559
773	9.412122
774	10.395393
775	9.747333
776	10.106977
777	9.421742
778	8.986742
779	9.850265
780	10.843446
781	10.134505
782	6.107577
783	7.202215
784	5.335176
785	6.042830
786	5.144861
787	5.835109
788	5.935411
789	5.554466
790	3.647643
791	3.875293
792	3.961086
793	4.822406
794	3.588941
795	3.984432
796	5.597839
797	6.211304
798	6.716376
799	6.519862
800	6.235495
801	5.331614
802	6.331336
803	4.638480
804	4.167265
805	3.786872
806	3.929186
807	5.594194
808	5.793359
809	6.520745
810	10.552768
811	10.618565
812	10.350619
813	9.893392
814	9.411439
815	9.922772
816	10.919548
817	10.850999
818	9.850497
819	10.169297
820	10.690225
821	10.111324
822	10.581134
823	9.367004
824	9.931350
825	6.935727
826	6.543959
827	7.997220
828	6.661772
829	8.363523
830	7.757556
831	7.961352
832	6.589124
833	6.497400
834	6.639352
835	6.389097
836	6.293910
837	6.858149
838	6.583745
839	6.319627
840	6.286917
841	6.293314
842	6.356934
843	6.665975
844	6.662142
845	6.720007
846	5.823925
847	6.769399
848	6.296745
849	6.777470
850	6.851803
851	7.501853
852	8.168072
853	7.700338
854	7.516023
855	7.582210
856	7.532263
857	7.868266
858	8.308123
859	7.728046
860	7.252324
861	8.175840
862	8.243463
863	7.112700
864	7.584675
865	7.986826
866	7.213009
867	7.647778
868	10.285771
869	9.459455
870	10.138545
871	10.220734
872	8.640520
873	8.290441
874	9.042328
875	8.914472
876	8.519073
877	9.196097
878	8.943305
879	9.640026
880	8.423776
881	8.989472
882	8.807803
883	8.182567
884	8.747863
885	8.191301
886	8.220389
887	8.661606
888	8.118060
889	9.357061
890	9.002872
891	9.036638
892	8.431969
893	8.253599
894	8.333432
895	9.274153
896	8.850571
897	8.658428
898	8.525146
899	9.053884
900	8.425324
901	6.873724
902	6.870910
903	7.717572
904	6.392366
905	6.487187
906	6.307091
907	7.615122
908	8.299434
909	7.574087
910	8.438122
911	8.474327
912	7.180121
913	8.325646
914	8.222327
915	7.681068
916	7.620328
917	6.487265
918	7.624352
919	7.399473
920	7.574735
921	7.662127
922	7.361556
923	9.553573
924	10.082869
925	9.829410
926	9.901841
927	10.747430
928	9.611379
929	10.157809
930	9.934510
931	10.121803
932	10.172974
933	10.094973
934	10.187808
935	9.944029
936	7.595577
937	9.051282
938	7.899734
939	8.549158
940	8.514893
941	9.051685
942	8.287931
943	8.692883
944	9.124588
945	8.762113
946	8.595311
947	8.522852
948	8.395527
949	8.724649
950	9.156086
951	8.939374
952	8.100605
953	7.532423
954	9.228320
955	9.081735
956	10.311926
957	9.887295
958	8.513548
959	10.593068
960	9.369765
961	7.692828
962	6.734997
963	8.825967
964	8.603718
965	9.339727
966	8.583735
967	8.582226
968	8.601680
969	8.906969
970	8.875996
971	8.355729
972	8.566218
973	8.852716
974	8.406122
975	8.783701
976	7.743604
977	8.649769
978	9.237309
979	8.177843
980	8.928885
981	8.343143
982	8.710521
983	8.324224
984	7.224791
985	4.839029
986	3.976380
987	4.928955
988	5.092838
989	4.129855
990	4.249965
991	4.053221
992	1.806793
993	1.886319
994	1.820137
995	1.835020
996	1.815709
997	1.775978
998	1.714788
999	1.782414
1000	1.782723
1001	1.906961
1002	1.986680
1003	1.835565
1004	1.905650
1005	1.901815
1006	2.216146
1007	1.817581
1008	1.694019
1009	1.733470
1010	1.722672
1011	1.748285
1012	1.702410
1013	1.752512
1014	1.735800
1015	1.827785
1016	1.693104
1017	2.009005
1018	1.704817
1019	1.786757
1020	1.781247
1021	2.040809
1022	1.799170
1023	1.876094
1024	1.639879
1025	1.635054
1026	1.673948
1027	1.728381
1028	1.840353
1029	1.637742
1030	1.744534
1031	1.829917
1032	1.697351
1033	1.747369
1034	2.059150
1035	1.803996
1036	1.798388
1037	3.685146
1038	3.921849
1039	5.638661
1040	3.892323
1041	6.083585
1042	5.730689
1043	5.739478
1044	7.927131
1045	6.267839
1046	3.393140
1047	5.558318
1048	7.805547
1049	6.794365
1050	10.392123
1051	5.811764
1052	6.095884
1053	6.050694
1054	6.180083
1055	6.381394
1056	6.597272
1057	6.816811
1058	5.962172
1059	6.275906
1060	6.240637
1061	5.931484
1062	5.947705
1063	6.097433
1064	6.438051
1065	6.533184
1066	6.602394
1067	8.603358
1068	7.407631
1069	6.093512
1070	7.764063
1071	4.271828
1072	6.581991
1073	8.653421
1074	7.446617
1075	6.911311
1076	6.338249
1077	6.004074
1078	6.943797
1079	6.762802
1080	6.717156
1081	6.640399
1082	8.715796
1083	9.095448
1084	8.479740
1085	8.894780
1086	4.697383
1087	4.415712
1088	4.883134
1089	4.330184
1090	7.205840
1091	4.394031
1092	5.073243
1093	5.560844
1094	4.624651
1095	4.766497
1096	5.765484
1097	4.670909
1098	5.375585
1099	8.826715
1100	7.455161
1101	8.451621
1102	7.245750
1103	8.392938
1104	7.685655
1105	8.045708
1106	6.597795
1107	7.792374
1108	7.745160
1109	6.130457
1110	4.731069
1111	5.398603
1112	4.574778
1113	4.662554
1114	4.746502
1115	4.765648
1116	4.782855
1117	6.693175
1118	3.754289
1119	4.167218
1120	7.745049
1121	5.256890
1122	4.054998
1123	5.614526
1124	5.621832
1125	6.117523
1126	4.140218
1127	5.105055
1128	4.639946
1129	4.464324
1130	4.498957
1131	4.573763
1132	4.472640
1133	4.711020
1134	4.036200
1135	6.153389
1136	4.939696
1137	4.582162
1138	6.714084
1139	4.090635
1140	4.951425
1141	7.877397
1142	5.669833
1143	6.391518
1144	8.044527
1145	8.007909
1146	8.435551
1147	7.552013
1148	7.755160
1149	7.586053
1150	6.675576
1151	7.128968
1152	6.736631
1153	6.377530
1154	6.750244
1155	7.482848
1156	6.388271
1157	6.164422
1158	6.761288
1159	6.843630
1160	6.424298
1161	8.498683
1162	10.025264
1163	7.224584
1164	7.620977
1165	7.684072
1166	9.580547
1167	8.728080
1168	8.221593
1169	9.184280
1170	8.436831
1171	9.381432
1172	8.205420
1173	9.075497
1174	8.550468
1175	9.713528
1176	9.205044
1177	9.390553
1178	8.629874
1179	8.780717
1180	8.362642
1181	8.993493
1182	8.747234
1183	8.631908
1184	9.818937
1185	9.235616
1186	8.545693
1187	9.062567
1188	9.074603
1189	9.466369
1190	8.273641
1191	8.982588
1192	9.195898
1193	6.158027
1194	5.708810
1195	5.807314
1196	5.985999
1197	5.904559
1198	7.155144
1199	6.285641
1200	5.954468
1201	6.564768
1202	6.305974
1203	7.740026
1204	5.702437
1205	6.060584
1206	6.422352
1207	6.232583
1208	6.771957
1209	5.970930
1210	6.939269
1211	7.188303
1212	5.946638
1213	5.755277
1214	5.991438
1215	6.716016
1216	5.817095
1217	5.883448
1218	6.312808
1219	7.465289
1220	5.828417
1221	6.593908
1222	5.756145
1223	5.524763
1224	5.992766
1225	6.289700
1226	6.182119
1227	7.635602
1228	6.193311
1229	8.509248
1230	6.873609
1231	6.322949
1232	6.208107
1233	6.479416
1234	5.873903
1235	5.618415
1236	6.188293
1237	6.036487
1238	5.958120
1239	6.172739
1240	6.654968
1241	6.690321
1242	6.732860
1243	5.599012
1244	6.538876
1245	6.268239
1246	5.344399
1247	6.127422
1248	5.565375
1249	6.528009
1250	6.215055
1251	5.634651
1252	5.589428
1253	6.147007
1254	5.026699
1255	5.076277
1256	6.426773
1257	5.451697
1258	5.714132
1259	5.959606
1260	5.596016
1261	3.850220
1262	3.691734
1263	3.534318
1264	3.917410
1265	3.843983
1266	3.066040
1267	3.138471
1268	3.619364
1269	5.216819
1270	5.609145
1271	5.524075
1272	5.938645
1273	5.764556
1274	6.044858
1275	7.464289
1276	9.660853
1277	5.363973
1278	6.712175
1279	6.411997
1280	8.849847
1281	9.028810
1282	8.823973
1283	8.864451
1284	9.213236
1285	8.980834
1286	9.059652
1287	7.623969
1288	8.425134
1289	7.944544
1290	8.415907
1291	8.836995
1292	8.868529
1293	8.595982
1294	8.434868
1295	8.502394
1296	8.516261
1297	8.611772
1298	8.413049
1299	8.758893
1300	9.310825
1301	9.151453
1302	8.802347
1303	9.088129
1304	9.455976
1305	9.693973
1306	9.104180
1307	9.394003
1308	9.569979
1309	10.548862
1310	9.568877
1311	10.206889
1312	8.827621
1313	9.449249
1314	9.064630
1315	10.234321
1316	9.269288
1317	8.649094
1318	10.014998
1319	10.049577
1320	9.098787
1321	9.617411
1322	8.997219
1323	5.674134
1324	5.246294
1325	5.829117
1326	6.213694
1327	5.528201
1328	6.509969
1329	6.266888
1330	6.171524
1331	6.386587
1332	5.746564
1333	6.198113
1334	6.288435
1335	5.962457
1336	6.123544
1337	5.812839
1338	5.701183
1339	5.461730
1340	5.412448
1341	5.860955
1342	5.788852
1343	5.996515
1344	5.795765
1345	6.080156
1346	4.381357
1347	5.989090
1348	6.695348
1349	6.167950
1350	6.436963
1351	6.018355
1352	6.006239
1353	6.199467
1354	5.944888
1355	4.038577
1356	5.862986
1357	6.370879
1358	5.899585
1359	6.425061
1360	5.205624
1361	3.902038
1362	3.667233
1363	4.116272
1364	4.127542
1365	3.934806
1366	4.203343
1367	4.496943
1368	3.975097
1369	4.273183
1370	4.224559
1371	4.331581
1372	4.302434
1373	4.323586
1374	3.955022
1375	4.184746
1376	3.993449
1377	3.999075
1378	4.235944
1379	4.271932
1380	4.426082
1381	3.971146
1382	4.742435
1383	4.329781
1384	8.239855
1385	6.956694
1386	6.796367
1387	6.719222
1388	10.139970
1389	9.973530
1390	9.267795
1391	9.065907
1392	9.152822
1393	8.717030
1394	8.545320
1395	8.690714
1396	7.420519
1397	6.575043
1398	6.963051
1399	6.730770
1400	6.903687
1401	7.798674
1402	6.151796
1403	6.761723
1404	7.083488
1405	6.179296
1406	6.866309
1407	7.034210
1408	7.316085
1409	7.281772
1410	6.977721
1411	7.067914
1412	7.316782
1413	7.117008
1414	7.224991
1415	7.338453
1416	6.970438
1417	7.740032
1418	7.476611
1419	8.131624
1420	7.886153
1421	7.369050
1422	8.179249
1423	7.514345
1424	8.172135
1425	7.401898
1426	6.800272
1427	7.711764
1428	7.856804
1429	8.339269
1430	5.858883
1431	8.403154
1432	7.096795
1433	6.012205
1434	7.902154
1435	7.515530
1436	7.395153
1437	8.752153
1438	8.028483
1439	6.838676
1440	8.214415
1441	7.497149
1442	8.716702
1443	9.206725
1444	8.271895
1445	7.832822
1446	8.094226
1447	8.483789
1448	7.306540
1449	7.827149
1450	8.106455
1451	8.284990
1452	8.658922
1453	7.908912
1454	7.181071
1455	7.835819
1456	7.612911
1457	7.352577
1458	6.991803
1459	7.600610
1460	7.511258
1461	7.221961
1462	7.188617
1463	7.879396
1464	7.393280
1465	7.687797
1466	8.260859
1467	7.667438
1468	7.114049
1469	7.319926
1470	6.344856
1471	7.735306
1472	6.450941
1473	7.947445
1474	7.779412
1475	7.982044
1476	7.801519
1477	7.175973
1478	7.806926
1479	7.353605
1480	7.038940
1481	7.211005
1482	7.450027
1483	7.411733
1484	4.210761
1485	3.195841
1486	4.940990
1487	4.115847
1488	4.008604
1489	3.998864
1490	7.506838
1491	7.518338
1492	4.614424
1493	8.132380
1494	5.632761
1495	5.461631
1496	5.655413
1497	8.714552
1498	9.127069
1499	8.688365
1500	6.852364
1501	7.255384
1502	4.071388
1503	7.223440
1504	8.365171
1505	6.830710
1506	1.987109
1507	1.824556
1508	1.730982
1509	1.798027
1510	2.053193
1511	6.418076
1512	6.291502
1513	7.296539
1514	6.302586
1515	6.083922
1516	6.508678
1517	6.453698
1518	5.843637
1519	6.223360
1520	6.260752
1521	6.175742
1522	6.087446
1523	5.733577
1524	6.119232
1525	6.188684
1526	6.134926
1527	6.147235
1528	5.846778
1529	6.755813
1530	7.699938
1531	9.321205
1532	10.300509
1533	10.011824
1534	8.646306
1535	8.574055
1536	9.003054
1537	10.446567
1538	9.287747
1539	9.449435
1540	10.781464
1541	8.689186
1542	9.426617
1543	9.416645
1544	9.146091
1545	9.816278
1546	9.341090
1547	8.823759
1548	8.973114
1549	9.044050
1550	8.487949
1551	8.033347
1552	7.913277
1553	7.795777
1554	7.868302
1555	8.073181
1556	7.924999
1557	7.037259
1558	6.608907
1559	6.813751
1560	8.073112
1561	7.867765
1562	7.497111
1563	8.445026
1564	6.924336
1565	8.008995
1566	7.925397
1567	8.012371
1568	8.271948
1569	7.805165
1570	6.425745
1571	9.420424
1572	8.935898
1573	7.105897
1574	7.740368
1575	6.520637
1576	7.034088
1577	6.493034
1578	7.030049
1579	6.819252
1580	6.977427
1581	6.433731
1582	6.649881
1583	6.890022
1584	6.423971
1585	8.023347
1586	7.528898
1587	7.816752
1588	7.731119
1589	7.537499
1590	8.331425
1591	7.671981
1592	8.297210
1593	7.782321
1594	7.676021
1595	7.832779
1596	7.990161
1597	8.093295
1598	7.823591
1599	8.116562
1600	7.782454
1601	7.772755
1602	5.921562
1603	9.263648
1604	10.709046
1605	8.985595
1606	8.877646
1607	8.695378
1608	8.928052
1609	9.201772
1610	9.939917
1611	9.255155
1612	8.809582
1613	9.048760
1614	9.116324
1615	9.083442
1616	9.678088
1617	9.564278
1618	9.445611
1619	8.805286
1620	9.013430
1621	9.431188
1622	9.570163
1623	8.204051
1624	9.436010
1625	8.987743
1626	10.166635
1627	10.182062
1628	7.902665
1629	8.667150
1630	10.013637
1631	9.883567
1632	9.653239
1633	10.148218
1634	7.971837
1635	9.474736
1636	9.855481
1637	10.113971
1638	9.108471
1639	6.707108
1640	6.532221
1641	9.156555
1642	8.849163
1643	8.960207
1644	9.304914
1645	9.238145
1646	9.392282
1647	9.439084
1648	8.983842
1649	9.205243
1650	10.214397
1651	9.138358
1652	8.924204
1653	9.359032
1654	9.593547
1655	9.151641
1656	8.890096
1657	9.152825
1658	10.180437
1659	9.107627
1660	8.866796
1661	8.398960
1662	8.878277
1663	8.187276
1664	8.420480
1665	7.261858
1666	7.849110
1667	7.879271
1668	7.955696
1669	7.468372
1670	6.974848
1671	7.372179
1672	8.010106
1673	7.931639
1674	7.525091
1675	6.582563
1676	6.317381
1677	6.721049
1678	6.979464
1679	6.779814
1680	6.496198
1681	6.639774
1682	7.275802
1683	6.982412
1684	6.848305
1685	7.410325
1686	7.011833
1687	7.740873
1688	6.737551
1689	8.559376
1690	7.753524
1691	7.438442
1692	7.061883
1693	7.554219
1694	6.949886
1695	6.516182
1696	6.685424
1697	7.004892
1698	7.446322
1699	7.636261
1700	7.654469
1701	7.838934
1702	8.249345
1703	7.668284
1704	7.292791
1705	7.385804
1706	7.574947
1707	9.965308
1708	9.077324
1709	9.797654
1710	9.875722
1711	9.804587
1712	9.617681
1713	9.387864
1714	8.126358
1715	7.376544
1716	7.140945
1717	6.949601
1718	7.179206
1719	7.663491
1720	7.471480
1721	8.496977
1722	7.792626
1723	7.932999
1724	7.301218
1725	7.562420
1726	7.124633
1727	7.316188
1728	6.681386
1729	5.967957
1730	6.532120
1731	6.985377
1732	6.491695
1733	7.621693
1734	7.080373
1735	7.930732
1736	7.367504
1737	7.921338
1738	8.889214
1739	9.019495
1740	9.212660
1741	9.906780
1742	9.646274
1743	8.956372
1744	8.685903
1745	10.123655
1746	9.173580
1747	8.633674
1748	9.675727
1749	7.708496
1750	7.449605
1751	7.939043
1752	7.769672
1753	8.094010
1754	7.582017
1755	8.001881
1756	7.853820
1757	9.217148
1758	9.542961
1759	9.810879
1760	8.814567
1761	10.009645
1762	8.371973
1763	9.440649
1764	9.164110
1765	9.084124
1766	9.957037
1767	9.132764
1768	9.274402
1769	9.571447
1770	10.622618
1771	8.611556
1772	9.724838
1773	9.967919
1774	8.080506
1775	8.964563
1776	8.817409
1777	7.411148
1778	9.922196
1779	9.514968
1780	8.845366
1781	9.640182
1782	10.930782
1783	9.556327
1784	9.622531
1785	10.298742
1786	9.379033
1787	9.095752
1788	9.688633
1789	8.679960
1790	8.886647
1791	9.334478
1792	8.692670
1793	7.378916
1794	7.828479
1795	6.976518
1796	7.322301
1797	7.018818
1798	8.039532
1799	7.360414
1800	7.316817
1801	8.072652
1802	9.172550
1803	7.753877
1804	7.779474
1805	8.326067
1806	7.921938
1807	7.609533
1808	7.110353
1809	7.805523
1810	7.659936
1811	8.369744
1812	4.099025
1813	5.227055
1814	4.346884
1815	4.463743
1816	4.008317
1817	4.054800
1818	4.336692
1819	7.479767
1820	8.358595
1821	5.897636
1822	9.312520
1823	7.943810
1824	7.763511
1825	8.157211
1826	8.683259
1827	8.693250
1828	7.903426
1829	9.405303
1830	9.451459
1831	9.647616
1832	9.251514
1833	8.916441
1834	8.346988
1835	9.427332
1836	8.161650
1837	9.071764
1838	9.455820
1839	9.592055
1840	9.160137
1841	8.852502
1842	9.562495
1843	9.331110
1844	9.119281
1845	8.931746
1846	10.196566
1847	9.106683
1848	9.624245
1849	9.493011
1850	9.397351
1851	9.268034
1852	9.231660
1853	9.449856
1854	8.910675
1855	8.755403
1856	9.403293
1857	9.691738
1858	8.527636
1859	8.582046
1860	8.747192
1861	10.039420
1862	8.907772
1863	9.645875
1864	9.775730
1865	9.443916
1866	8.960449
1867	9.369880
1868	10.179028
0	2.198955
1	4.044266
2	3.975048
3	4.650084
4	4.137934
5	4.387548
6	4.173177
7	5.270162
8	5.481652
9	4.563213
10	4.019526
11	5.546720
12	3.947013
13	4.271207
14	3.464651
15	3.633372
16	3.020165
17	3.128752
18	2.822567
19	3.721571
20	2.753347
21	3.218117
22	5.696508
23	4.778043
24	2.957517
25	3.118301
26	1.778033
27	2.907145
28	3.141433
29	3.252246
30	3.083716
31	4.617455
32	4.087407
33	3.730859
34	3.521988
35	3.107553
36	3.615409
37	3.524332
38	2.195930
39	4.210189
40	3.574409
41	3.405434
42	4.304080
43	3.643269
44	5.136877
45	4.944784
46	5.534702
47	4.957600
48	5.688901
49	4.463642
50	5.494153
51	5.897426
52	6.774916
53	7.502571
54	7.014419
55	7.415431
56	6.444582
57	6.545177
58	6.019413
59	6.434555
60	7.942223
61	7.038046
62	6.519883
63	6.991428
64	7.270254
65	8.268364
66	6.591916
67	6.404762
68	7.921350
69	6.734817
70	8.369881
71	7.317500
72	8.485830
73	8.695477
74	9.045059
75	7.449651
76	6.851762
77	8.568905
78	7.450593
79	7.518685
80	7.220943
81	5.516141
82	6.699695
83	6.200815
84	7.378633
85	6.120497
86	6.044972
87	5.673985
88	6.577919
89	6.642838
90	7.326376
91	7.196095
92	5.905430
93	6.351331
94	5.350150
95	6.724567
96	8.050589
97	6.044451
98	6.248535
99	7.173655
100	7.145327
101	7.145166
102	6.951616
103	7.866675
104	8.898588
105	7.586178
106	6.249846
107	6.389319
108	7.610380
109	6.799713
110	7.772925
111	6.794445
112	7.496059
113	7.566905
114	5.189384
115	6.521855
116	6.737461
117	5.167342
118	3.892519
119	6.342350
120	5.386297
121	6.592010
122	6.762846
123	6.453820
124	7.615339
125	7.191342
126	6.711624
127	6.444074
128	6.811388
129	7.628853
130	6.407533
131	6.870775
132	8.255872
133	6.600833
134	6.238212
135	8.503371
136	2.110805
137	6.853288
138	6.769853
139	8.677175
140	7.376612
141	6.237923
142	4.917984
143	3.498486
144	4.143345
145	4.068097
146	3.625605
147	4.493853
148	4.342603
149	5.902339
150	7.439471
151	6.020882
152	8.551543
153	8.279578
154	4.349690
155	6.599536
156	8.675726
157	5.975201
158	6.400319
159	5.897270
160	5.312495
161	6.489846
162	7.441105
163	7.258570
164	7.476620
165	7.673867
166	8.617509
167	7.783148
168	6.822131
169	8.345634
170	7.657087
171	7.423924
172	7.208825
173	6.439112
174	8.789041
175	7.860918
176	7.705770
177	7.369200
178	6.903709
179	6.752903
180	8.053627
181	8.164563
182	7.830204
183	6.589720
184	7.990552
185	7.931785
186	8.085670
187	6.334733
188	7.140748
189	6.812172
190	8.263079
191	7.002333
192	7.336723
193	6.479021
194	7.453141
195	8.598855
196	7.577054
197	8.335574
198	8.823007
199	7.269579
200	7.739972
201	7.738294
202	8.286054
203	7.329842
204	7.807314
205	8.143008
206	7.750903
207	8.182150
208	7.821343
209	7.682273
210	8.530469
211	7.748773
212	8.167410
213	7.787296
214	7.796802
215	7.408756
216	7.362472
217	7.600453
218	7.899772
219	7.070600
220	6.386851
221	7.325212
222	7.621272
223	8.240580
224	7.147734
225	7.892540
226	7.026252
227	6.844256
228	6.271272
229	6.468331
230	7.147055
231	8.974208
232	8.560823
233	8.782083
234	6.973098
235	6.375232
236	7.512768
237	7.673525
238	7.373669
239	8.507993
240	7.089551
241	7.651910
242	7.639521
243	7.786516
244	6.852070
245	6.708502
246	8.572867
247	7.506790
248	7.497242
249	7.509368
250	6.892018
251	8.975109
252	7.029708
253	7.602367
254	7.876316
255	7.526342
256	9.195422
257	8.158619
258	7.024124
259	8.252428
260	7.053029
261	7.468841
262	8.970531
263	8.933200
264	9.566986
265	6.886688
266	7.182279
267	8.634917
268	7.777106
269	8.771053
270	6.385499
271	7.723291
272	6.953661
273	8.749053
274	8.768556
275	8.703948
276	6.553604
277	8.509686
278	7.403405
279	6.970925
280	8.713656
281	8.180098
282	8.094527
283	7.958299
284	5.557495
285	8.448843
286	7.470916
287	7.022764
288	6.708168
289	6.722213
290	7.964603
291	8.080260
292	7.337758
293	4.668079
294	7.699233
295	7.817339
296	8.077244
297	8.849414
298	7.070073
299	7.862026
300	9.334294
301	8.834469
302	9.309142
303	7.965229
304	7.394957
305	8.391984
306	7.222064
307	6.494103
308	7.769848
309	8.624117
310	7.028521
311	9.009080
312	7.056861
313	7.201169
314	8.945371
315	7.054681
316	9.195001
317	7.055721
318	7.387822
319	8.586590
320	7.925627
321	8.657678
322	8.386597
323	8.671309
324	8.912088
325	8.091737
326	6.764067
327	7.241421
328	8.055992
329	7.959082
330	6.533559
331	8.112023
332	8.092979
333	5.835486
334	4.330034
335	5.972879
336	6.973845
337	8.280789
338	7.901718
339	5.631528
340	8.283726
341	7.199618
342	7.044677
343	7.149399
344	7.345708
345	6.693157
346	7.886919
347	9.068285
348	7.794446
349	6.540246
350	7.041739
351	8.421899
352	7.231167
353	8.710143
354	7.788063
355	8.678362
356	8.770712
357	8.716589
358	8.228586
359	8.245885
360	6.938068
361	8.189189
362	7.755632
363	9.285268
364	8.947018
365	7.110112
366	4.184709
367	5.462243
368	8.574572
369	7.377677
370	5.819674
371	7.343032
372	8.305396
373	7.423764
374	8.191098
375	7.468472
376	8.527757
377	6.429028
378	8.313972
379	7.925078
380	6.971694
381	6.858665
382	6.964987
383	6.437468
384	6.687090
385	8.071370
386	6.433085
387	8.408176
388	7.056159
389	6.638216
390	6.934580
391	5.628445
392	5.932200
393	5.555017
394	5.453569
395	5.578611
396	5.364655
397	5.787244
398	5.971958
399	7.248649
400	5.646451
401	5.470119
402	5.526535
403	5.126427
404	7.774232
405	8.735388
406	6.567473
407	7.047348
408	6.578266
409	8.729710
410	8.237833
411	6.518084
412	7.450213
413	7.012803
414	8.280662
415	6.824994
416	8.501877
417	10.251220
418	9.531601
419	7.845306
420	7.794009
421	8.684061
422	7.088826
423	8.034681
424	8.356131
425	4.049850
426	4.227681
427	4.356053
428	3.859198
429	4.010857
430	8.731241
431	7.349183
432	7.010029
433	3.745464
434	7.269724
435	6.442873
436	6.904921
437	6.599923
438	7.418664
439	5.499144
440	6.459992
441	5.207044
442	6.443731
443	6.676688
444	6.819113
445	7.326066
446	7.520299
447	7.882267
448	6.890240
449	5.864727
450	6.038870
451	6.268251
452	7.278358
453	5.752264
454	6.773112
455	7.258274
456	6.630058
457	8.228498
458	7.194390
459	4.470078
460	4.274485
461	4.494500
462	3.498641
463	4.436791
464	3.777579
465	4.937335
466	3.851141
467	5.791620
468	6.573878
469	6.604649
470	6.349622
471	6.403670
472	7.279654
473	7.814327
474	7.203557
475	6.761460
476	6.831114
477	6.155300
478	5.672048
479	6.886828
480	3.770687
481	3.671475
482	5.588007
483	5.109606
484	3.043586
485	5.769274
486	8.245737
487	4.801091
488	6.207066
489	5.098815
490	3.621823
491	3.217592
492	4.185138
493	3.192412
494	4.123859
495	3.778571
496	4.063951
497	3.756299
498	4.239833
499	3.546123
500	3.901639
501	2.989984
502	3.795087
503	3.976782
504	3.722325
505	6.257649
506	6.082131
507	7.584154
508	6.333069
509	7.345344
510	5.578550
511	6.451548
512	4.690120
513	7.091347
514	7.224412
515	5.073871
516	6.618201
517	6.126967
518	3.716956
519	5.992185
520	5.307334
521	5.129397
522	6.307107
523	5.264269
524	5.421542
525	6.199307
526	5.813158
527	5.288515
528	5.288961
529	5.214699
530	3.957397
531	4.182213
532	2.747471
533	4.152624
534	5.212111
535	5.321185
536	5.457774
537	3.841470
538	7.177562
539	5.455896
540	5.059229
541	4.555974
542	4.634587
543	4.400773
544	3.943984
545	3.931856
546	3.868906
547	6.018745
548	5.567863
549	4.957752
550	4.993775
551	5.750168
552	4.731924
553	5.587388
554	5.606968
555	6.206521
556	5.663408
557	5.737778
558	5.055472
559	5.406931
560	4.925709
561	5.666903
562	6.640489
563	6.413073
564	8.752218
565	5.935731
566	5.264295
567	6.821341
568	6.263140
569	5.073517
570	4.782490
571	6.204668
572	6.349025
573	6.629957
574	6.784009
575	2.504254
576	3.951276
577	2.080025
578	2.851876
579	2.432056
580	2.820246
581	2.388467
582	2.325202
583	2.239042
584	2.305039
585	2.396351
586	2.008856
587	2.114095
588	2.210025
589	2.830086
590	2.008408
591	6.802756
592	6.517806
593	7.604927
594	7.568937
595	5.112436
596	5.448764
597	6.207121
598	6.134826
599	5.571627
600	5.193147
601	6.410618
602	5.264534
603	6.531439
604	5.499951
605	5.461055
606	5.195695
607	7.058046
608	6.208381
609	6.296628
610	6.319291
611	6.483742
612	5.781297
613	8.088600
614	7.179072
615	8.111818
616	3.899155
617	4.211900
618	3.671091
619	6.356882
620	8.407122
621	7.308361
622	6.793204
623	7.765708
624	7.696905
625	8.264291
626	8.317848
627	7.652562
628	9.014482
629	7.383082
630	7.655815
631	7.664001
632	9.321605
633	5.184921
634	5.099147
635	7.615602
636	7.425827
637	8.921686
638	8.171860
639	7.269567
640	6.978918
641	7.617258
642	9.267858
643	8.458008
644	7.943162
645	8.167950
646	8.288220
647	7.599335
648	8.150414
649	8.715882
650	9.286194
651	9.161228
652	8.626390
653	8.608148
654	10.915836
655	9.052187
656	9.072436
657	7.267518
658	4.843987
659	6.730029
660	6.337230
661	5.973765
662	7.036447
663	8.805466
664	7.686672
665	10.121834
666	9.427174
667	9.084349
668	8.963553
669	10.210580
670	8.397463
671	8.861835
672	7.254662
673	8.795783
674	8.032217
675	9.711881
676	8.603935
677	8.846396
678	8.534554
679	8.989755
680	5.579623
681	7.823357
682	8.418040
683	7.386936
684	7.730213
685	9.029428
686	8.622535
687	8.520622
688	8.630075
689	9.279802
690	7.627228
691	9.032714
692	10.295776
693	8.861268
694	8.269397
695	7.365162
696	8.950207
697	9.112528
698	8.281516
699	7.997980
700	9.130612
701	7.747566
702	8.570199
703	8.763134
704	7.601462
705	7.778677
706	8.772832
707	6.098009
708	7.789967
709	8.955613
710	8.729112
711	8.313873
712	8.358091
713	7.875443
714	8.282633
715	7.570838
716	7.408705
717	7.117908
718	6.094333
719	7.598239
720	3.903512
721	5.629235
722	7.961375
723	7.428009
724	7.226229
725	6.388749
726	6.345832
727	8.017712
728	6.314984
729	6.415574
730	6.233266
731	7.015139
732	6.069341
733	8.514347
734	4.581824
735	7.562049
736	8.414018
737	8.280081
738	7.698258
739	7.543241
740	6.923756
741	6.717126
742	6.728016
743	7.051091
744	8.282373
745	7.290273
746	7.777983
747	6.386886
748	6.921830
749	8.127946
750	9.594920
751	5.772607
752	5.757029
753	7.509305
754	7.809335
755	6.678622
756	6.003501
757	8.407681
758	6.933707
759	7.727736
760	6.775049
761	5.714801
762	5.610455
763	7.889841
764	5.890249
765	7.631757
766	6.260615
767	6.703381
768	7.281982
769	7.156795
770	8.222238
771	5.970912
772	7.908087
773	7.507013
774	6.376409
775	7.766411
776	7.430608
777	7.308139
778	7.333047
779	8.071168
780	7.103365
781	7.459597
782	8.616786
783	7.354115
784	7.039568
785	7.510486
786	7.048617
787	7.965456
788	6.872444
789	7.395770
790	7.467301
791	6.714724
792	6.318616
793	7.204294
794	7.183823
795	7.437566
796	6.605852
797	8.425455
798	7.692523
799	7.858683
800	7.889595
801	7.684114
802	5.754286
803	4.360069
804	4.965420
805	7.302724
806	7.408164
807	7.110984
808	8.220547
809	6.546732
810	6.804018
811	6.391034
812	6.946000
813	6.385407
814	6.648378
815	7.469710
816	7.804960
817	6.866716
818	6.522493
819	6.699064
820	8.251532
821	6.723495
822	7.202287
823	7.071243
824	8.472010
825	7.537431
826	6.695557
827	7.076063
828	6.641757
829	6.839725
830	6.714387
831	7.309453
832	5.882868
833	6.681205
834	7.779240
835	7.553469
836	7.299356
837	7.542541
838	4.034975
839	3.917041
840	7.450781
841	5.805732
842	6.772534
843	7.228560
844	7.236830
845	7.278192
846	6.656014
847	6.717089
848	6.577516
849	7.230690
850	6.425185
851	6.631515
852	6.539395
853	6.800736
854	7.061524
855	8.183818
856	7.234350
857	6.365608
858	5.666474
859	8.265219
860	7.091864
861	6.937586
862	7.732288
863	6.958307
864	7.807566
865	7.484018
866	7.373425
867	7.955534
868	7.069357
869	7.372785
870	7.552499
871	8.073518
872	9.323533
873	5.241306
874	7.725493
875	8.966232
876	8.151153
877	6.483673
878	8.888937
879	7.328267
880	5.213921
881	7.607864
882	7.539160
883	6.795244
884	7.983289
885	7.656545
886	9.741398
887	8.610698
888	8.445531
889	7.533701
890	7.993881
891	8.126721
892	6.882735
893	7.446953
894	7.182511
895	7.561733
896	7.574573
897	7.287525
898	8.309566
899	7.516791
900	9.337743
901	7.566859
902	7.661522
903	7.495261
904	7.585570
905	7.443569
906	7.566319
907	8.481909
908	9.004924
909	8.194234
910	7.457850
911	7.630698
912	8.718748
913	8.456864
914	7.871214
915	8.274397
916	9.655356
917	9.051524
918	9.836427
919	8.741954
920	8.356826
921	8.789454
922	8.222633
923	8.789021
924	8.896931
925	8.519086
926	8.413570
927	8.693743
928	9.095283
929	9.016463
930	8.861927
931	8.154369
932	8.629633
933	8.801598
934	7.209191
935	8.590340
936	9.118579
937	9.202914
938	8.541414
939	8.613554
940	8.679311
941	8.540710
942	8.886071
943	8.644562
944	9.345507
945	8.818750
946	8.459631
947	8.830462
948	8.846893
949	9.337287
950	9.160511
951	7.738191
952	9.067968
953	7.626196
954	7.858317
955	8.522317
956	7.925080
957	7.543935
958	7.400574
959	8.421465
960	8.833693
961	9.085555
962	7.861942
963	9.743704
964	7.381092
965	8.284657
966	8.424352
967	8.145456
968	8.319911
969	8.477090
970	7.926220
971	8.318516
972	8.753455
973	8.655613
974	8.710507
975	8.927227
976	8.660585
977	8.131213
978	8.354016
979	8.433064
980	8.327117
981	8.328867
982	8.302874
983	7.564933
984	8.593782
985	8.406127
986	8.773767
987	8.307072
988	7.992804
989	8.067564
990	8.284360
991	8.574990
992	8.112768
993	7.987539
994	8.252447
995	8.682510
996	8.134799
997	7.653576
998	7.890216
999	9.129237
1000	7.659381
1001	6.343045
1002	8.447702
1003	8.201499
1004	8.925615
1005	8.518180
1006	9.116913
1007	8.722444
1008	8.736191
1009	7.964483
1010	8.395252
1011	7.005886
1012	8.666751
1013	8.744835
1014	9.464510
1015	8.638384
1016	8.628500
1017	8.006434
1018	8.024021
1019	8.481636
1020	7.388334
1021	7.797288
1022	8.777031
1023	8.434835
1024	7.892787
1025	9.305324
1026	7.553821
1027	7.062754
1028	8.885866
1029	8.725476
1030	7.900745
1031	7.461559
1032	7.160371
1033	9.716609
1034	8.869559
1035	7.730931
1036	8.367851
1037	6.229766
1038	8.813358
1039	7.886627
1040	8.492809
1041	8.070972
1042	6.524746
1043	6.157603
1044	6.386306
1045	7.916418
1046	8.094609
1047	6.814628
1048	6.715579
1049	7.320068
1050	7.816381
1051	7.871683
1052	6.768435
1053	7.511232
1054	8.088600
1055	7.950062
1056	7.235301
1057	7.401844
1058	8.685805
1059	8.005318
1060	6.914919
1061	7.720061
1062	8.180719
1063	9.404287
1064	8.647358
1065	8.867773
1066	8.820942
1067	8.936151
1068	8.593287
1069	9.033853
1070	8.428318
1071	7.381768
1072	7.106033
1073	7.786631
1074	8.311034
1075	8.484951
1076	7.833721
1077	8.770529
1078	8.943300
1079	8.573089
1080	8.638616
1081	7.651856
1082	8.554793
1083	4.775112
1084	4.541431
1085	4.523625
1086	4.065561
1087	6.456360
1088	4.315111
1089	4.214368
1090	4.198105
1091	4.235480
1092	6.376505
1093	7.108261
1094	6.607284
1095	8.103841
1096	7.009236
1097	7.370278
1098	8.299850
1099	7.473835
1100	7.379789
1101	8.886313
1102	6.517506
1103	6.924238
1104	7.627090
1105	8.260085
1106	8.316683
1107	8.992677
1108	5.361378
1109	7.724150
1110	7.941543
1111	8.982839
1112	4.206530
1113	4.657488
1114	4.153553
1115	4.328982
1116	4.594464
1117	4.220747
1118	5.135974
1119	4.620097
1120	4.150157
1121	8.815857
1122	8.018134
1123	8.226377
1124	8.426250
1125	8.173513
1126	7.969755
1127	6.971888
1128	7.984493
1129	8.480344
1130	7.609247
1131	4.198679
1132	5.841369
1133	6.316091
1134	7.173965
1135	8.285811
1136	7.220763
1137	7.719876
1138	6.811497
1139	7.432128
1140	7.127083
1141	5.488625
1142	5.345857
1143	5.937829
1144	3.870672
1145	5.409602
1146	5.727922
1147	4.802866
1148	5.288222
1149	9.380418
1150	9.219739
1151	8.014305
1152	6.485775
1153	7.903250
1154	6.493957
1155	7.054969
1156	7.488142
1157	8.042475
1158	8.485347
1159	7.109697
1160	6.939300
1161	7.510420
1162	7.511997
1163	7.032289
1164	7.446571
1165	8.289609
1166	6.882522
1167	7.079752
1168	7.842641
1169	7.347947
1170	8.617831
1171	7.225357
1172	6.491251
1173	7.279015
1174	7.175033
1175	8.692782
1176	8.759953
1177	8.222065
1178	6.236242
1179	7.232157
1180	7.029167
1181	6.903759
1182	6.592488
1183	5.872673
1184	6.819838
1185	6.319218
1186	6.131869
1187	7.220317
1188	7.463007
1189	7.922556
1190	7.486770
1191	7.265439
1192	7.030974
1193	7.492095
1194	7.713437
1195	9.339874
1196	7.261467
1197	6.911889
1198	4.235622
1199	4.058634
1200	3.918611
1201	3.166147
1202	3.597291
1203	3.821910
1204	2.272467
1205	3.882538
1206	3.532832
1207	3.522271
1208	3.994433
1209	3.836586
1210	3.240277
1211	6.158809
1212	3.938475
1213	3.699703
1214	3.711457
1215	3.351567
1216	3.498300
1217	3.520880
1218	3.410733
1219	3.372150
1220	3.567926
1221	4.132516
1222	6.652781
1223	6.557324
1224	6.059216
1225	6.904036
1226	6.934218
1227	6.940527
1228	6.933259
1229	6.924262
1230	6.959151
1231	6.089706
1232	7.289286
1233	6.886684
1234	7.126493
1235	7.026595
1236	7.063430
1237	7.320040
1238	7.077719
1239	7.135917
1240	7.686463
1241	6.703207
1242	6.826795
1243	7.383044
1244	3.277028
1245	6.997900
1246	6.709033
1247	7.355747
1248	7.109346
1249	6.690478
1250	6.691981
1251	7.359786
1252	6.769189
1253	7.095757
1254	6.884168
1255	7.003023
1256	6.682823
1257	7.115802
1258	7.123655
1259	7.159653
1260	7.164440
1261	6.668538
1262	7.170850
1263	7.005690
1264	6.135338
1265	6.037697
1266	4.938766
1267	6.388590
1268	5.854147
1269	6.185352
1270	7.678004
1271	6.658244
1272	6.246802
1273	6.289069
1274	7.626756
1275	5.777205
1276	7.198263
1277	6.380512
1278	6.818194
1279	7.325994
1280	7.661083
1281	6.584779
1282	7.276055
1283	6.766440
1284	6.526119
1285	6.809419
1286	7.663142
1287	6.590622
1288	6.252173
1289	6.445014
1290	7.223396
1291	6.906870
1292	6.916797
1293	7.069459
1294	6.895402
1295	7.082736
1296	6.520107
1297	6.453318
1298	6.532264
1299	7.543587
1300	6.820470
1301	6.035306
1302	6.697304
1303	6.821618
1304	8.804093
1305	8.759279
1306	9.043613
1307	8.280905
1308	9.098560
1309	9.215610
1310	9.253702
1311	9.277227
1312	9.208088
1313	7.572145
1314	8.665438
1315	8.389066
1316	8.722573
1317	8.955449
1318	7.276486
1319	8.204407
1320	8.179898
1321	8.706885
1322	9.249574
1323	8.414898
1324	8.805919
1325	9.123405
1326	8.917516
1327	7.072599
1328	7.351959
1329	8.617429
1330	9.327450
1331	8.752541
1332	9.255977
1333	5.109601
1334	5.394003
1335	3.942713
1336	4.380989
1337	4.403248
1338	3.935301
1339	5.406272
1340	5.644351
1341	6.154893
1342	7.244112
1343	9.449960
1344	7.333269
1345	8.171207
1346	7.514153
1347	7.966512
1348	8.017911
1349	7.444235
1350	9.270786
1351	9.474065
1352	9.152192
1353	7.473700
1354	8.323949
1355	9.835859
1356	8.131087
1357	8.271480
1358	8.099699
1359	10.060178
1360	8.493967
1361	9.529503
1362	8.222173
1363	8.882394
1364	8.491531
1365	7.885912
1366	7.694006
1367	8.605321
1368	5.497582
1369	7.982067
1370	5.518825
1371	5.310496
1372	5.851889
1373	4.976957
1374	5.811316
1375	6.030232
1376	5.543465
1377	5.568495
1378	5.871677
1379	5.532864
1380	5.910482
1381	7.741127
1382	9.007891
1383	5.496307
1384	7.650653
1385	8.392580
1386	7.490409
1387	8.684866
1388	9.373109
1389	7.966626
1390	7.999321
1391	9.513350
1392	8.846027
1393	8.452878
1394	8.898161
1395	9.319969
1396	9.051973
1397	8.427382
1398	8.994104
1399	4.400151
1400	4.161563
1401	9.602745
1402	8.643960
1403	8.899384
1404	8.563484
1405	9.056890
1406	8.608410
1407	8.414927
1408	9.101569
1409	8.814530
1410	9.274235
1411	8.498270
1412	8.679741
1413	9.266126
1414	8.831561
1415	8.362617
1416	9.199159
1417	9.564820
1418	9.888346
1419	9.001501
1420	9.060375
1421	9.103895
1422	8.753792
1423	8.664914
1424	9.086447
1425	9.277775
1426	8.780662
1427	8.831091
1428	8.950610
1429	9.194199
1430	8.090271
1431	8.521914
1432	8.975063
1433	8.565636
1434	8.170839
1435	8.694162
1436	9.517419
1437	8.772689
1438	8.546763
1439	8.606684
1440	8.751549
1441	9.424410
1442	8.710483
1443	8.969780
1444	8.918055
1445	8.031889
1446	7.448758
1447	7.569689
1448	9.785024
1449	8.286773
1450	7.731113
1451	7.318985
1452	7.464086
1453	7.877571
1454	7.994829
1455	8.387214
1456	7.389784
1457	7.975426
1458	7.983443
1459	7.058902
1460	6.886922
1461	8.981724
1462	8.636487
1463	8.321172
1464	9.260892
1465	8.960302
1466	8.956394
1467	8.877871
1468	10.129508
1469	9.342579
1470	8.650244
1471	8.609267
1472	9.270757
1473	8.800243
1474	8.968169
1475	8.981919
1476	8.919917
1477	8.105435
1478	8.308361
1479	8.416378
1480	8.661675
1481	8.594498
1482	9.171885
1483	8.325913
1484	8.580415
1485	9.174850
1486	7.797283
1487	8.516091
1488	7.583285
1489	7.273163
1490	6.485501
1491	7.229920
1492	7.361039
1493	7.338451
1494	8.027471
1495	7.789282
1496	8.564655
1497	7.089753
1498	7.412111
1499	7.391261
1500	7.760432
1501	7.677142
1502	9.116825
1503	7.879542
1504	8.831882
1505	7.778720
1506	8.391357
1507	9.226596
1508	9.801682
1509	7.864610
1510	6.635368
1511	7.639654
1512	9.473414
1513	8.631316
1514	8.464641
1515	6.526792
1516	6.689715
1517	7.285512
1518	7.654344
1519	7.049937
1520	7.684482
1521	8.732453
1522	5.669755
1523	5.474788
1524	7.051204
1525	7.652672
1526	5.744049
1527	5.690088
1528	5.911667
1529	5.375964
1530	5.137762
1531	5.419400
1532	5.376297
1533	5.021100
1534	5.245379
1535	5.645563
1536	5.457653
1537	5.048175
1538	5.494825
1539	5.643485
1540	5.760113
1541	4.949261
1542	5.407567
1543	5.522837
1544	5.650541
1545	6.222437
1546	5.753166
1547	5.901662
1548	5.549200
1549	6.568441
1550	7.316238
1551	9.598406
1552	8.075055
1553	7.927330
1554	9.318931
1555	9.833851
1556	8.541146
1557	8.249838
1558	7.925566
1559	8.168189
1560	6.103481
1561	8.113032
1562	7.038811
1563	4.934825
1564	4.977558
1565	6.874462
1566	6.268539
1567	6.104539
1568	7.347421
1569	5.900901
1570	5.127033
1571	5.440920
1572	6.782161
1573	5.678768
1574	5.621467
1575	6.733328
1576	3.917664
1577	3.704550
1578	5.187611
1579	7.167941
1580	6.014598
1581	6.748965
1582	5.066961
1583	5.674804
1584	5.131395
1585	7.052703
1586	5.877558
1587	6.316092
1588	7.061911
1589	6.705251
1590	5.886579
1591	6.894423
1592	7.831550
1593	6.832323
1594	6.343791
1595	6.847775
1596	8.063122
1597	6.902565
1598	6.816488
1599	5.695401
1600	5.032981
1601	7.799097
1602	3.946174
1603	7.231551
1604	4.642683
1605	5.961368
1606	7.019048
1607	6.344973
1608	6.733510
1609	6.115643
1610	7.029553
1611	7.110884
1612	6.090270
1613	7.491477
1614	6.756136
1615	5.667848
1616	3.657826
1617	4.476997
1618	5.310291
1619	5.567807
1620	6.495889
1621	7.371368
1622	7.386008
1623	6.949912
1624	8.312884
1625	5.823274
1626	7.110843
1627	6.946941
1628	5.568213
1629	5.517591
1630	7.336759
1631	7.086682
1632	5.190886
1633	5.472157
1634	5.757490
1635	6.742222
1636	8.476763
1637	4.279357
1638	6.655622
1639	4.214134
1640	3.777235
1641	4.555997
1642	6.131642
1643	3.615202
1644	2.888925
1645	5.664253
1646	5.614956
1647	5.059159
1648	3.756182
1649	5.122433
1650	5.576613
1651	4.328937
1652	4.523729
1653	3.476019
1654	4.772650
1655	6.203175
1656	4.254573
1657	6.193193
1658	6.905231
1659	7.644383
1660	7.063244
1661	6.930473
1662	5.221129
1663	5.138491
1664	5.453485
1665	4.330670
1666	6.724498
1667	4.140738
1668	4.491815
1669	8.614694
1670	6.036994
1671	4.751822
1672	3.574717
1673	4.888793
1674	7.001587
1675	6.998115
1676	6.647053
1677	6.924102
1678	5.717877
1679	6.708717
1680	6.484025
1681	6.299818
1682	5.635920
1683	8.142591
1684	6.831522
1685	8.171719
1686	6.226427
1687	3.979712
1688	5.588944
1689	6.763537
1690	6.451380
1691	7.148943
1692	7.437926
1693	6.310816
1694	7.104006
1695	7.643892
1696	7.001871
1697	7.321791
1698	8.191586
1699	6.885477
1700	6.941900
1701	8.215239
1702	7.559839
1703	7.711484
1704	6.542967
1705	7.157277
1706	7.273101
1707	6.900260
1708	7.488451
1709	8.693981
1710	7.371643
1711	7.286056
1712	5.715732
1713	6.870908
1714	8.615272
1715	7.937665
1716	6.743743
1717	8.579720
1718	7.245379
1719	7.371593
1720	7.820063
1721	8.143986
1722	7.717189
1723	6.990151
1724	8.006247
1725	7.607701
1726	8.536211
1727	8.344206
1728	7.953198
1729	7.440142
1730	7.974639
1731	8.459002
1732	8.051018
1733	7.751153
1734	7.289032
1735	7.966616
1736	7.541130
1737	8.542398
1738	7.829953
1739	8.477054
1740	6.602626
1741	7.049074
1742	6.730036
1743	7.097397
1744	7.401203
1745	7.962778
1746	7.802725
1747	7.589894
1748	9.003766
1749	9.261844
1750	8.519897
1751	8.935905
1752	8.250048
1753	8.712599
1754	9.286948
1755	7.710326
1756	6.058737
1757	6.789818
1758	8.278091
1759	6.768905
1760	7.414836
1761	6.805745
1762	6.951268
1763	7.666327
1764	6.467350
1765	7.646558
1766	8.199079
1767	7.188699
1768	7.690468
1769	7.916342
1770	6.824338
1771	8.141046
1772	7.793339
1773	8.162758
1774	8.698149
1775	9.407922
1776	9.089479
1777	9.744441
1778	9.577146
1779	9.772949
1780	9.822477
1781	9.435989
1782	9.845532
1783	9.214343
1784	10.560080
1785	9.752302
1786	8.707841
1787	9.613251
1788	9.186957
1789	10.048413
1790	9.007841
1791	9.868404
1792	9.684141
1793	9.434334
1794	9.986080
1795	8.664260
1796	8.368738
1797	8.973060
1798	8.519344
1799	7.729619
1800	7.177258
1801	6.005279
1802	6.081096
1803	6.589895
1804	6.575516
1805	8.209267
1806	4.600664
1807	7.315526
1808	6.250042
1809	5.934145
1810	6.444983
1811	7.349347
1812	7.401525
1813	6.088105
1814	5.232100
1815	7.015875
1816	6.244335
1817	6.630066
1818	7.130034
1819	5.905481
1820	7.309865
1821	6.389098
1822	7.621665
1823	5.755467
1824	6.002226
1825	5.013141
1826	6.344119
1827	7.541316
1828	6.049967
1829	6.000316
1830	5.172356
1831	5.457847
1832	5.511086
1833	6.009567
1834	6.401593
1835	6.363902
1836	5.653859
1837	6.602591
1838	6.502354
1839	5.822901
1840	5.886211
1841	6.788033
1842	3.859987
1843	3.483172
1844	3.062954
1845	4.069313
1846	3.696766
1847	3.664602
1848	3.633016
1849	3.954211
1850	4.673106
1851	3.721196
1852	6.146455
1853	5.472931
1854	6.085245
1855	5.451548
1856	6.441342
1857	4.717068
1858	5.350485
1859	5.063054
1860	6.333131
1861	5.303261
1862	6.496219
1863	5.667906
1864	6.674987
1865	6.191590
1866	7.321672
1867	6.836215
1868	5.719498
1869	6.538891
1870	5.317324
1871	6.645087
