0	1.787736
1	2.094134
2	1.944584
3	2.069520
4	3.648423
5	2.151210
6	1.793768
7	1.754592
8	1.645632
9	1.800250
10	1.681249
11	1.742126
12	1.814524
13	1.745166
14	1.784210
15	2.616525
16	2.804445
17	2.926791
18	2.960762
19	2.759183
20	2.817251
21	3.038187
22	2.411494
23	3.052641
24	3.043567
25	2.998866
26	3.165609
27	2.894910
28	2.702073
29	2.364149
30	2.815830
31	2.653809
32	2.382101
33	1.774429
34	1.774516
35	1.852297
36	1.714498
37	1.866600
38	1.902866
39	1.805211
40	1.651604
41	1.787679
42	1.821344
43	3.159303
44	2.993208
45	2.785316
46	2.889741
47	2.950677
48	2.939849
49	2.777785
50	2.560331
51	2.731373
52	2.794653
53	2.861275
54	3.024137
55	2.343203
56	3.120143
57	2.902312
58	2.602213
59	3.103448
60	2.650490
61	3.348669
62	3.095899
63	2.372782
64	2.482921
65	2.660301
66	2.395018
67	2.688010
68	3.211014
69	2.478749
70	2.371265
71	2.491686
72	3.608656
73	3.186927
74	2.754485
75	1.735107
76	1.627084
77	1.696761
78	1.766127
79	1.714437
80	1.786226
81	3.898064
82	2.661972
83	3.629544
84	1.904443
85	3.901603
86	2.880989
87	3.826865
88	3.664492
89	3.759215
90	3.238410
91	2.941854
92	3.653230
93	3.102790
94	3.324051
95	2.817995
96	3.526770
97	2.612833
98	3.393714
99	3.424105
100	2.666645
101	3.028695
102	3.061406
103	5.616948
104	3.725023
105	4.126753
106	2.552118
107	3.957247
108	4.536453
109	5.204784
110	3.731635
111	2.997766
112	4.498668
113	2.309156
114	1.920859
115	1.806487
116	2.047070
117	3.640109
118	4.939201
119	1.757328
120	1.916454
121	2.066569
122	1.805491
123	3.911253
124	3.534771
125	3.185687
126	2.943229
127	3.026897
128	3.240895
129	2.953455
130	2.378844
131	3.409472
132	2.828957
133	1.726383
134	1.772484
135	3.230124
136	2.941667
137	2.075331
138	1.847728
139	2.709613
140	3.590405
141	3.203061
142	3.205387
143	3.268854
144	3.048327
145	3.641991
146	3.169148
147	3.645860
148	3.911968
149	6.757714
150	9.358025
151	9.211917
152	8.213860
153	10.454345
154	9.686820
155	8.638436
156	4.290886
157	4.342016
158	3.894444
159	3.553097
160	4.905202
161	3.584759
162	2.707065
163	3.232506
164	3.207320
165	4.260398
166	4.008130
167	3.529887
168	2.728168
169	3.539307
170	3.176822
171	5.701728
172	6.820154
173	7.267468
174	6.828331
175	5.752860
176	7.989154
177	7.135411
178	7.609082
179	6.748283
180	6.709738
181	6.537240
182	6.178399
183	6.169149
184	6.489020
185	6.594582
186	5.763447
187	6.503513
188	6.373728
189	5.304507
190	6.771786
191	6.981898
192	3.636221
193	5.356586
194	4.082280
195	5.921638
196	6.904881
197	6.392198
198	4.638134
199	6.352417
200	7.739980
201	9.100467
202	8.012368
203	7.708566
204	9.284018
205	6.334990
206	7.017791
207	6.462857
208	7.431616
209	7.482099
210	6.260055
211	6.157597
212	5.743040
213	5.851247
214	7.217215
215	6.219822
216	6.293186
217	6.587102
218	7.157248
219	6.417938
220	8.064806
221	9.627352
222	8.529459
223	7.239619
224	7.797470
225	8.730275
226	7.778210
227	8.340220
228	8.079146
229	7.314248
230	6.102740
231	6.586030
232	8.637857
233	8.103212
234	8.282759
235	7.464189
236	8.373881
237	7.066825
238	7.733752
239	8.756684
240	7.436195
241	6.414060
242	6.903595
243	8.129318
244	6.954889
245	7.832811
246	7.298182
247	7.224776
248	8.638925
249	7.237687
250	8.125211
251	8.692647
252	7.559185
253	7.627110
254	6.391168
255	8.450438
256	6.480152
257	7.470547
258	6.746897
259	7.658989
260	6.544844
261	6.706488
262	7.102744
263	6.872773
264	7.248599
265	6.670487
266	10.780476
267	8.695666
268	11.622332
269	11.051384
270	7.750672
271	11.395523
272	10.715045
273	10.852690
274	8.341915
275	11.680320
276	11.391316
277	9.161359
278	6.392059
279	8.331194
280	5.506842
281	6.603772
282	7.289952
283	8.011557
284	11.033484
285	7.137829
286	11.544370
287	7.787380
288	9.377659
289	11.009060
290	11.521869
291	11.203596
292	11.216973
293	10.199751
294	10.655740
295	10.883039
296	9.015046
297	9.016451
298	9.736182
299	10.553191
300	7.673650
301	7.055762
302	10.364883
303	6.399383
304	6.678998
305	7.955726
306	6.895054
307	11.268549
308	10.326830
309	6.476233
310	8.187483
311	7.818351
312	6.124598
313	6.711552
314	8.541298
315	7.525693
316	8.932000
317	6.897398
318	10.970728
319	6.499001
320	6.285867
321	7.925363
322	6.310514
323	7.497014
324	10.179322
325	8.156574
326	5.591968
327	10.376706
328	8.593938
329	9.998430
330	10.258621
331	10.034168
332	9.449328
333	10.129342
334	7.928551
335	7.506936
336	8.652009
337	10.283778
338	7.444428
339	8.082656
340	6.249456
341	7.120793
342	6.737313
343	7.636780
344	7.322820
345	6.973527
346	8.297211
347	6.899165
348	7.309613
349	7.461669
350	7.217687
351	8.910276
352	7.859497
353	6.593633
354	7.549868
355	10.473074
356	9.834580
357	7.692427
358	10.060170
359	8.784515
360	9.920791
361	7.751871
362	9.229026
363	7.427557
364	7.006419
365	8.669335
366	7.763574
367	7.293670
368	7.900918
369	10.729726
370	7.372082
371	8.766602
372	9.846141
373	7.566934
374	7.486868
375	7.187665
376	10.172595
377	8.483777
378	9.911343
379	9.986120
380	10.708735
381	9.364747
382	8.748651
383	7.368487
384	9.538408
385	9.697284
386	7.148877
387	9.257391
388	6.721973
389	9.971168
390	7.243291
391	10.097213
392	10.097536
393	10.290645
394	6.860649
395	7.241587
396	7.251930
397	10.217977
398	10.142452
399	8.407168
400	7.711331
401	7.936062
402	7.016588
403	6.901044
404	9.692152
405	6.704125
406	10.827561
407	7.467330
408	7.300921
409	9.408551
410	7.346379
411	7.487063
412	7.924668
413	8.656610
414	10.055327
415	10.436894
416	8.635956
417	7.665774
418	7.473929
419	9.472260
420	5.659964
421	7.153446
422	6.774863
423	10.620706
424	10.110381
425	10.253941
426	9.871546
427	10.358123
428	10.335699
429	10.406964
430	9.423942
431	6.061839
432	6.251504
433	10.011065
434	9.944652
435	7.015625
436	6.502162
437	7.164113
438	10.135246
439	6.157596
440	6.899724
441	7.396520
442	8.529338
443	7.457137
444	7.338890
445	7.026102
446	7.861099
447	9.810698
448	6.668291
449	7.433419
450	9.418180
451	9.854353
452	7.636321
453	10.140216
454	10.204063
455	7.655678
456	10.010815
457	7.510300
458	10.486854
459	10.458996
460	10.083496
461	6.088761
462	6.909718
463	7.706530
464	6.977643
465	7.287654
466	7.220761
467	7.555719
468	7.704454
469	9.802131
470	9.524654
471	9.618737
472	10.611032
473	10.652234
474	10.822320
475	10.341567
476	10.846167
477	9.938900
478	10.232424
479	10.361012
480	9.886304
481	10.399683
482	10.211615
483	10.112858
484	9.848117
485	10.220427
486	10.152349
487	10.404691
488	9.774109
489	9.793741
490	10.554494
491	7.962078
492	10.531981
493	10.212448
494	10.413559
495	10.445527
496	9.939992
497	10.375579
498	10.707623
499	9.936015
500	10.256798
501	9.531050
502	9.855562
503	8.485280
504	9.981928
505	9.944009
506	9.810744
507	10.009181
508	9.652389
509	10.208006
510	9.694468
511	9.496980
512	10.454134
513	10.162903
514	7.221392
515	10.584919
516	10.362553
517	10.126940
518	10.308957
519	10.139629
520	9.806682
521	10.325991
522	9.952759
523	9.467254
524	10.537385
525	10.166897
526	10.766922
527	9.964683
528	10.167502
529	10.233251
530	9.699120
531	9.559962
532	10.101617
533	10.059295
534	10.589585
535	10.079222
536	10.316642
537	10.055331
538	10.366504
539	9.985934
540	10.258863
541	9.968642
542	10.088276
543	10.033011
544	10.351261
545	11.123942
546	10.603372
547	10.213309
548	10.177572
549	9.805897
550	9.945709
551	10.476962
552	9.787943
553	10.391266
554	10.020130
555	10.181458
556	10.073451
557	10.317626
558	10.440409
559	10.269977
560	10.091508
561	10.184410
562	10.160892
563	9.898297
564	10.213334
565	10.692170
566	10.091205
567	10.226875
568	10.245165
569	10.347472
570	10.044263
571	10.218218
572	10.319270
573	10.589843
574	10.054602
575	10.807899
576	9.598305
577	8.828015
578	10.495266
579	9.967492
580	10.348145
581	9.867973
582	10.445072
583	10.347680
584	10.023319
585	9.302801
586	9.242356
587	8.025763
588	10.340952
589	10.336267
590	11.250946
591	10.228631
592	10.573816
593	10.452760
594	9.776814
595	10.151439
596	10.610614
597	7.576309
598	7.987110
599	9.955270
600	7.104118
601	8.560451
602	7.514500
603	7.460300
604	9.275527
605	9.527817
606	6.474966
607	6.253551
608	7.048412
609	8.117160
610	7.016361
611	7.051368
612	7.023304
613	7.742556
614	7.401575
615	8.397202
616	10.315357
617	9.958489
618	11.052073
619	10.468797
620	8.213598
621	7.970945
622	9.916884
623	9.968122
624	10.916340
625	8.696351
626	6.869141
627	10.247349
628	9.990397
629	10.264925
630	8.025543
631	10.597004
632	6.663053
633	9.901073
634	6.539554
635	6.565309
636	9.648985
637	6.604374
638	10.100734
639	10.498177
640	6.692573
641	6.864904
642	7.268373
643	7.904235
644	11.280756
645	9.863643
646	9.949097
647	7.194149
648	9.484775
649	10.633044
650	10.518213
651	10.052942
652	7.207280
653	6.557179
654	6.304945
655	7.143544
656	7.816458
657	6.667659
658	6.864502
659	7.817236
660	9.772390
661	7.381221
662	10.819528
663	10.544010
664	10.037227
665	8.171432
666	9.965369
667	10.542422
668	7.215049
669	8.128973
670	9.063192
671	9.482801
672	10.340999
673	8.586613
674	11.000486
675	6.070827
676	7.452600
677	6.835532
678	6.670599
679	7.389272
680	7.502993
681	7.248784
682	7.468180
683	6.735109
684	6.833879
685	7.296924
686	7.467000
687	6.597898
688	7.036340
689	7.462356
690	6.783754
691	9.985157
692	7.189200
693	9.768304
694	10.191704
695	6.746477
696	9.910102
697	9.091106
698	10.542308
699	10.764207
700	10.776683
701	7.930133
702	10.367279
703	10.925905
704	10.098087
705	11.245740
706	10.175934
707	10.519224
708	10.800265
709	7.758094
710	8.030249
711	7.186635
712	8.518749
713	8.588724
714	10.515162
715	7.340027
716	10.465270
717	10.608578
718	9.474668
719	10.001491
720	8.892002
721	6.307210
722	7.783303
723	10.015952
724	10.578005
725	10.408127
726	9.532708
727	7.809237
728	9.961658
729	7.303177
730	10.215698
731	10.581554
732	7.457489
733	10.392558
734	6.878816
735	8.233630
736	6.271657
737	8.124585
738	8.540102
739	7.821980
740	9.657585
741	10.493482
742	8.192352
743	8.620306
744	10.479192
745	7.557319
746	7.267879
747	9.985963
748	9.863700
749	10.430616
750	8.112049
751	10.034407
752	7.605350
753	6.999471
754	10.571513
755	7.253227
756	7.354381
757	10.421040
758	7.214305
759	7.261479
760	10.467294
761	7.995634
762	9.377769
763	7.297026
764	7.773913
765	6.883297
766	9.013824
767	10.795075
768	10.301040
769	10.156960
770	7.615052
771	7.035717
772	10.962011
773	9.617293
774	10.283237
775	10.080903
776	7.492524
777	6.288944
778	7.367192
779	6.987511
780	7.873463
781	11.079185
782	10.364634
783	6.409902
784	10.117562
785	6.341003
786	10.186208
787	8.826700
788	9.264281
789	7.132759
790	7.007582
791	7.651886
792	6.832432
793	10.115826
794	10.694052
795	10.055371
796	9.849970
797	9.836720
798	10.333411
799	10.184799
800	11.234836
801	7.758305
802	10.653605
803	7.255162
804	6.146917
805	7.888155
806	9.741425
807	10.268617
808	6.974653
809	9.455768
810	9.867977
811	9.549376
812	7.306966
813	8.079123
814	10.430380
815	7.546814
816	6.747529
817	8.051049
818	9.827565
819	9.856383
820	10.561385
821	9.657352
822	9.945135
823	10.382914
824	10.576767
825	6.436100
826	10.782345
827	10.387233
828	7.867318
829	9.988539
830	7.526772
831	9.965969
832	8.367290
833	10.819774
834	10.454719
835	9.730413
836	10.254775
837	10.205279
838	8.492675
839	7.476911
840	10.191654
841	9.739740
842	9.951445
843	9.796192
844	6.226533
845	9.995114
846	7.275041
847	10.079691
848	9.786049
849	7.943547
850	6.708283
851	9.558067
852	10.597430
853	10.117186
854	7.048248
855	7.154177
856	10.121887
857	10.129667
858	9.433983
859	6.456885
860	10.217608
861	9.800909
862	10.480209
863	10.359590
864	6.791095
865	7.767584
866	7.301345
867	7.795201
868	9.336243
869	10.301691
870	7.091402
871	10.618180
872	9.875878
873	10.165232
874	10.309379
875	10.235182
876	10.332703
877	10.585327
878	7.845483
879	10.054613
880	9.936660
881	6.559527
882	7.462100
883	8.212709
884	7.866032
885	7.418827
886	6.645607
887	10.103846
888	9.509341
889	10.188190
890	10.625774
891	9.998002
892	10.362248
893	10.335483
894	10.055743
895	9.108522
896	10.315555
897	10.742932
898	10.673510
899	10.042890
900	10.141389
901	11.031212
902	10.247682
903	10.711512
904	10.177257
905	10.452314
906	9.777856
907	7.069135
908	6.472522
909	10.556528
910	9.933724
911	10.394796
912	7.110564
913	7.540531
914	9.912286
915	10.159715
916	7.481500
917	10.327466
918	10.411325
919	9.716111
920	10.190491
921	9.920753
922	10.177451
923	9.404730
924	10.725701
925	9.383355
926	9.974822
927	9.998561
928	10.043801
929	10.176965
930	7.390667
931	6.838617
932	10.321272
933	10.815660
934	10.600770
935	6.485566
936	10.582319
937	10.415412
938	6.931993
939	9.553792
940	7.097764
941	7.428240
942	7.742182
943	7.450140
944	7.365813
945	7.278626
946	10.350309
947	9.813962
948	10.306186
949	10.139872
950	9.372374
951	10.216966
952	9.494099
953	9.013202
954	10.613340
955	6.460595
956	10.289364
957	8.902699
958	9.972173
959	7.472382
960	6.534540
961	10.522531
962	10.320300
963	9.861209
964	8.697384
965	9.968219
966	9.067243
967	10.373865
968	9.931309
969	10.109292
970	10.054157
971	10.349765
972	10.178267
973	9.678670
974	6.478540
975	10.300567
976	9.716447
977	9.872980
978	10.636334
979	9.848636
980	6.578206
981	10.068683
982	10.727640
983	9.982798
984	10.259751
985	9.874074
986	6.443712
987	10.233089
988	10.217831
989	10.589400
990	10.300952
991	10.232004
992	7.906524
993	6.481828
994	8.133222
995	10.621868
996	11.267426
997	10.769615
998	6.208856
999	10.203074
1000	10.773788
1001	10.595862
1002	10.294047
1003	10.225799
1004	8.718815
1005	7.676016
1006	9.852245
1007	9.135759
1008	8.479281
1009	10.441825
1010	7.722062
1011	10.302913
1012	10.196704
1013	10.320524
1014	7.433041
1015	10.537866
1016	10.314854
1017	9.864450
1018	10.165672
1019	9.767799
1020	9.904812
1021	10.315857
1022	8.684987
1023	6.290549
1024	6.513571
1025	7.412835
1026	10.602344
1027	9.277833
1028	10.083695
1029	9.570610
1030	10.317935
1031	10.058161
1032	7.516402
1033	9.893058
1034	7.195122
1035	10.065178
1036	9.828657
1037	9.887072
1038	7.985989
1039	8.076530
1040	9.874740
1041	7.927831
1042	11.924103
1043	7.381233
1044	7.156471
1045	7.302312
1046	9.691846
1047	10.098976
1048	10.499081
1049	9.088859
1050	9.885430
1051	5.962048
1052	9.744830
1053	6.403200
1054	6.814127
1055	9.804315
1056	10.642998
1057	9.923385
1058	6.478282
1059	7.873501
1060	7.579591
1061	7.589729
1062	7.317849
1063	7.003499
1064	9.974252
1065	7.034408
1066	7.328794
1067	10.481361
1068	7.810713
1069	10.385790
1070	7.333453
1071	7.431610
1072	6.811007
1073	7.217102
1074	7.728347
1075	10.148365
1076	9.522057
1077	9.247170
1078	6.330148
1079	6.313259
1080	9.247306
1081	9.930631
1082	7.052901
1083	6.942339
1084	6.370475
1085	7.202914
1086	6.715818
1087	10.058634
1088	10.183096
1089	9.695321
1090	10.730765
1091	10.335479
1092	10.201273
1093	10.533080
1094	10.456387
1095	10.389887
1096	7.298859
1097	9.568985
1098	10.455882
1099	10.919558
1100	10.362642
1101	10.824459
1102	9.910368
1103	10.246447
1104	10.665071
1105	10.688725
1106	7.182963
1107	9.431438
1108	6.528544
1109	6.547879
1110	8.760074
1111	7.391440
1112	5.996215
1113	6.462916
1114	10.503445
1115	10.320742
1116	10.596643
1117	6.915584
1118	7.158905
1119	10.155324
1120	8.881605
1121	6.640850
1122	7.393820
1123	7.969511
1124	7.618931
1125	8.410881
1126	8.121078
1127	10.489786
1128	10.040166
1129	6.734706
1130	10.273829
1131	9.831008
1132	6.242559
1133	7.519893
1134	9.763541
1135	6.362462
1136	10.028400
1137	7.085698
1138	7.434243
1139	8.374113
1140	6.486038
1141	6.944887
1142	9.738391
1143	9.637214
1144	9.914636
1145	7.666451
1146	9.860298
1147	9.703156
1148	7.459497
1149	10.089097
1150	10.164671
1151	10.096143
1152	10.483454
1153	10.644966
1154	9.208779
1155	10.485391
1156	6.520660
1157	7.867644
1158	9.722932
1159	9.738441
1160	8.298489
1161	10.909694
1162	8.971766
1163	7.534919
1164	6.279379
1165	6.532145
1166	10.707366
1167	9.094097
1168	9.628260
1169	6.596167
1170	10.038313
1171	9.867422
1172	10.811705
1173	9.327793
1174	7.505614
1175	7.856684
1176	6.848199
1177	10.918694
1178	11.025218
1179	7.335597
1180	7.671872
1181	7.136368
1182	10.541664
1183	9.590107
1184	10.476781
1185	9.875350
1186	10.764763
1187	9.448277
1188	9.893783
1189	9.947664
1190	10.696021
1191	8.960462
1192	10.214770
1193	10.011833
1194	10.627238
1195	9.914623
1196	6.741635
1197	7.476965
1198	8.849689
1199	10.439722
1200	9.947373
1201	10.112890
1202	11.276143
1203	9.978209
1204	8.934638
1205	6.611507
1206	10.425168
1207	9.826697
1208	9.986942
1209	7.931766
1210	9.637814
1211	10.441560
1212	9.608821
1213	7.120918
1214	7.435688
1215	10.501640
1216	7.496416
1217	6.340177
1218	6.143947
1219	7.836351
1220	11.210860
1221	10.406940
1222	10.430861
1223	10.863935
1224	10.405370
1225	10.892723
1226	8.368927
1227	10.321174
1228	6.548023
1229	6.630521
1230	7.937871
1231	6.573692
1232	10.471769
1233	7.231654
1234	8.638711
1235	9.268950
1236	10.450138
1237	11.617380
1238	7.937964
1239	7.017269
1240	7.782371
1241	10.114887
1242	9.693448
1243	6.387819
1244	7.394766
1245	7.038437
1246	7.151708
1247	9.410169
1248	7.278107
1249	8.195947
1250	9.329231
1251	7.169114
1252	7.110902
1253	9.654716
1254	6.525615
1255	7.296006
1256	10.679751
1257	11.074271
1258	10.185683
1259	10.066621
1260	11.093980
1261	7.074485
1262	7.957706
1263	10.158987
1264	8.069561
1265	10.052865
1266	7.588086
1267	7.866878
1268	9.736993
1269	9.861936
1270	9.931596
1271	6.701348
1272	7.423104
1273	7.037463
1274	7.309007
1275	6.989202
1276	6.691856
1277	10.297974
1278	7.974981
1279	9.821671
1280	10.463159
1281	7.656691
1282	7.963093
1283	9.522970
1284	9.323266
1285	10.514090
1286	7.533514
1287	7.309542
1288	7.813136
1289	7.869594
1290	7.909945
1291	10.214431
1292	7.187967
1293	7.205283
1294	6.992042
1295	7.668035
1296	6.687576
1297	10.803084
1298	6.960137
1299	10.281431
1300	7.941846
1301	7.329542
1302	10.021484
1303	7.919102
1304	7.213243
1305	9.995613
1306	8.174312
1307	7.577112
1308	10.714271
1309	7.476523
1310	6.501119
1311	8.565100
1312	9.083039
1313	10.280141
1314	9.967538
1315	9.991100
1316	10.100501
1317	7.642865
1318	6.732030
1319	10.188070
1320	8.603458
1321	8.133440
1322	6.699918
1323	10.322920
1324	9.709260
1325	10.482017
1326	10.096978
1327	10.686631
1328	6.725933
1329	7.456123
1330	7.266654
1331	10.404140
1332	10.462601
1333	10.573419
1334	9.750722
1335	11.030773
1336	10.153715
1337	10.368673
1338	10.520064
1339	10.354033
1340	9.488457
1341	10.204174
1342	6.969171
1343	10.472250
1344	8.814998
1345	6.764116
1346	10.707498
1347	10.159230
1348	10.781522
1349	10.566391
1350	10.114244
1351	10.315205
1352	8.925836
1353	9.833841
1354	6.380415
1355	7.297273
1356	10.749377
1357	10.566031
1358	9.672799
1359	10.251266
1360	8.992788
1361	6.836028
1362	6.816112
1363	7.446833
1364	6.447360
1365	10.654475
1366	9.628377
1367	9.686038
1368	10.279188
1369	9.624729
1370	7.793166
1371	10.355938
1372	10.971404
1373	10.394808
1374	8.152309
1375	10.492613
1376	7.404875
1377	7.996162
1378	10.617275
1379	7.624781
1380	9.405771
1381	9.763575
1382	10.329437
1383	10.206222
1384	8.268210
1385	6.362663
1386	9.974610
1387	10.414287
1388	10.192421
1389	10.221564
1390	9.957413
1391	9.823742
1392	9.673938
1393	7.481143
1394	7.509337
1395	10.124756
1396	8.521914
1397	6.723254
1398	10.842863
1399	9.784412
1400	10.228102
1401	10.258204
1402	10.524545
1403	7.873912
1404	9.868505
1405	9.911773
1406	9.571512
1407	9.717103
1408	10.093062
1409	8.878629
1410	6.571114
1411	8.844615
1412	10.164827
1413	9.390347
1414	7.347819
1415	10.722766
1416	6.085112
1417	7.901195
1418	10.041712
1419	10.520205
1420	9.923312
1421	10.820467
1422	7.708091
1423	10.620029
1424	9.952471
1425	8.139791
1426	8.501187
1427	7.417580
1428	9.542632
1429	10.626200
1430	10.193267
1431	9.632550
1432	6.015345
1433	9.806447
1434	9.891694
1435	10.666673
1436	10.093046
1437	10.908324
1438	10.502481
1439	11.224107
1440	7.166159
1441	10.029685
1442	10.782516
1443	10.481534
1444	10.195357
1445	10.691913
1446	9.840348
1447	10.667488
1448	7.045525
1449	9.540345
1450	9.490949
1451	6.725339
1452	10.563416
1453	10.533241
1454	10.988602
1455	7.829591
1456	10.238150
1457	9.928319
1458	9.961033
1459	6.821498
1460	10.728101
1461	10.564533
1462	10.364964
1463	7.241920
1464	7.311949
1465	6.893841
1466	10.276358
1467	10.162742
1468	10.411024
1469	10.189471
1470	11.063194
1471	10.522059
1472	7.339090
1473	9.252405
1474	7.145203
1475	7.382362
1476	10.279667
1477	7.722747
1478	7.761984
1479	6.285486
1480	7.744779
1481	9.678238
1482	10.070678
1483	7.516581
1484	10.236445
1485	7.426643
1486	8.211571
1487	6.765823
1488	6.823979
1489	10.179721
1490	9.525079
1491	7.158311
1492	8.037127
1493	7.214665
1494	10.046324
1495	10.665098
1496	6.356072
1497	10.339691
1498	6.570584
1499	7.221841
1500	7.355338
1501	7.500540
1502	8.189184
1503	6.863997
1504	9.922681
1505	9.999588
1506	10.473271
1507	10.621577
1508	9.880499
1509	10.538592
1510	9.088061
1511	10.704200
1512	10.722573
1513	10.544925
1514	9.788988
1515	6.804572
1516	10.278464
1517	8.184587
1518	6.630620
1519	9.889358
1520	7.776291
1521	10.179636
1522	9.485519
1523	6.628453
1524	10.610439
1525	9.531531
1526	10.048337
1527	7.064740
1528	8.524557
1529	8.122253
1530	7.902589
1531	7.488861
1532	9.902677
1533	9.959113
1534	7.123820
1535	7.779175
1536	10.485614
1537	9.731231
1538	10.320803
1539	7.296965
1540	7.665281
1541	10.455874
1542	10.215997
1543	6.847429
1544	10.129804
1545	9.575569
1546	7.490624
1547	10.253726
1548	10.202379
1549	6.444571
1550	9.989879
1551	9.274399
1552	8.365845
1553	8.746696
1554	10.217821
1555	5.919365
1556	8.968968
1557	9.801885
1558	9.240688
1559	10.340301
1560	8.983634
1561	9.724510
1562	11.013201
1563	9.739790
1564	10.529640
1565	8.147552
1566	9.368388
1567	6.806246
1568	8.546957
1569	9.807859
1570	10.150926
1571	7.525589
1572	8.588975
1573	7.588023
1574	7.040069
1575	7.295723
1576	10.507428
1577	7.731374
1578	9.671427
1579	10.644905
1580	7.543426
1581	7.706370
1582	9.584681
1583	9.800903
1584	7.011905
1585	10.242758
1586	10.912855
1587	9.972214
1588	10.659895
1589	10.068563
1590	9.646429
1591	10.146603
1592	7.165557
1593	6.922894
1594	6.653878
1595	7.667294
1596	10.045516
1597	6.814647
1598	8.456311
1599	9.529251
1600	10.892131
1601	11.044101
1602	10.534655
1603	10.190992
1604	9.933242
1605	10.489376
1606	10.472724
1607	10.545072
1608	10.222982
1609	7.270529
1610	7.758595
1611	10.146280
1612	5.820156
1613	7.120939
1614	6.643831
1615	9.774104
1616	7.977129
1617	10.685041
1618	7.290736
1619	8.082309
1620	7.921531
1621	7.376033
1622	7.600188
1623	9.971840
1624	10.515082
1625	10.405388
1626	10.362167
1627	8.564603
1628	9.871382
1629	10.123560
1630	7.124161
1631	7.105059
1632	9.031687
1633	9.874971
1634	9.729185
1635	10.585629
1636	6.938081
1637	6.633924
1638	9.943932
1639	10.538670
1640	10.377657
1641	10.692142
1642	10.693413
1643	10.698720
1644	10.622441
1645	6.467909
1646	9.097959
1647	9.988363
1648	9.868995
1649	7.094828
1650	7.377838
1651	6.812670
1652	10.424090
1653	7.081730
1654	7.562034
1655	7.690736
1656	7.596324
1657	10.449959
1658	10.699225
1659	10.276386
1660	7.956010
1661	7.066719
1662	8.664511
1663	8.920323
1664	9.826294
1665	10.815980
1666	10.671184
1667	10.043510
1668	10.508191
1669	7.358949
1670	9.702867
1671	6.058134
1672	10.212722
1673	10.799555
1674	6.655313
1675	7.595565
1676	6.810472
1677	10.459406
1678	7.240615
1679	7.083743
1680	8.259721
1681	10.616998
1682	6.806950
1683	8.102555
1684	10.409707
1685	10.348361
1686	9.658831
1687	10.139627
1688	9.712458
1689	6.592312
1690	6.354059
1691	7.697638
1692	10.607969
1693	8.565750
1694	9.418606
1695	10.437689
1696	10.564976
1697	8.568862
1698	10.535187
1699	10.323517
1700	9.976099
1701	7.509072
1702	10.156048
1703	10.626461
1704	9.346540
1705	7.999107
1706	10.338978
1707	10.443569
1708	9.895420
1709	10.972195
1710	10.044501
1711	10.335092
1712	9.258730
1713	7.249523
1714	10.204576
1715	10.838723
1716	6.700955
1717	7.285865
1718	7.196975
1719	7.450396
1720	9.846832
1721	9.144921
1722	9.250566
1723	10.512659
1724	9.631854
1725	9.924889
1726	10.226303
1727	7.456735
1728	10.315374
1729	6.898296
1730	8.171230
1731	7.584991
1732	6.845479
1733	9.774429
1734	10.553658
1735	10.819487
1736	10.280067
1737	10.429521
1738	7.671675
1739	7.424073
1740	9.494394
1741	10.069323
1742	9.767979
1743	7.099464
1744	10.029201
1745	10.332907
1746	10.056886
1747	9.112688
1748	9.754537
1749	7.429358
1750	7.603177
1751	6.983739
1752	6.263442
1753	6.442997
1754	6.836878
1755	8.780238
1756	7.419407
1757	6.866250
1758	7.819878
1759	6.560893
1760	7.422975
1761	7.038443
1762	8.831477
1763	7.080889
1764	6.094176
1765	7.460972
1766	10.401411
1767	9.808283
1768	8.908081
1769	9.853407
1770	7.336901
1771	9.922910
1772	10.833805
1773	10.366994
1774	10.498256
1775	7.270336
1776	6.996756
1777	7.052871
1778	7.628650
1779	9.971455
1780	7.510406
1781	6.995148
1782	10.086288
1783	10.352275
1784	10.513329
1785	9.198938
1786	9.881052
1787	9.138897
1788	7.396616
1789	7.342350
1790	10.244929
1791	9.943205
1792	10.251180
0	2.266736
1	1.955122
2	1.910446
3	2.167417
4	2.898845
5	2.387155
6	3.716317
7	1.950845
8	1.680776
9	3.918377
10	3.834660
11	3.556980
12	1.743731
13	1.788268
14	3.542342
15	1.856261
16	2.177476
17	2.005267
18	2.210179
19	2.854561
20	3.858574
21	4.154491
22	3.315450
23	5.282093
24	4.730943
25	5.457556
26	5.598160
27	3.344980
28	3.901612
29	5.535678
30	5.145923
31	4.869715
32	4.658733
33	4.290768
34	3.738809
35	4.184283
36	3.597973
37	3.880016
38	4.813376
39	4.215031
40	4.543281
41	4.277243
42	4.185796
43	4.321596
44	4.165920
45	3.386637
46	3.711753
47	3.403220
48	3.598068
49	2.938331
50	2.102309
51	3.679035
52	3.573247
53	4.139253
54	2.817661
55	3.868037
56	5.808002
57	5.269098
58	4.615201
59	5.754701
60	6.012670
61	3.674629
62	1.925226
63	3.328272
64	2.856047
65	3.736054
66	3.489771
67	3.584549
68	2.802321
69	3.143661
70	3.668433
71	3.361486
72	3.204123
73	3.590138
74	2.745067
75	4.049618
76	3.842458
77	3.831672
78	3.605815
79	3.805905
80	3.940050
81	1.822637
82	2.949068
83	4.037943
84	3.560605
85	3.373635
86	4.456479
87	3.961638
88	3.718426
89	3.915112
90	4.130304
91	3.707857
92	3.790660
93	3.693143
94	3.934539
95	3.816989
96	3.566471
97	3.425740
98	3.754489
99	3.290227
100	3.497701
101	3.466065
102	2.825244
103	3.709407
104	3.697891
105	3.839558
106	3.740976
107	4.199975
108	3.514130
109	3.595858
110	3.491789
111	3.429721
112	3.639040
113	3.618025
114	3.531089
115	3.574757
116	3.886358
117	3.693319
118	3.869085
119	3.814013
120	4.028560
121	3.755369
122	3.863587
123	3.878288
124	3.815559
125	3.315857
126	3.598793
127	3.724218
128	3.333600
129	3.287156
130	3.319669
131	3.537061
132	3.865463
133	3.406011
134	3.478979
135	3.454172
136	3.776189
137	3.487592
138	3.837056
139	3.800289
140	3.587116
141	3.901243
142	3.907186
143	3.487535
144	3.784533
145	2.530338
146	3.589737
147	3.742633
148	3.514013
149	3.648643
150	3.650451
151	3.323222
152	3.432478
153	3.226919
154	3.590361
155	3.452680
156	3.168232
157	3.068044
158	2.938501
159	3.829164
160	3.090515
161	3.079430
162	5.884062
163	9.151034
164	6.605172
165	6.826522
166	8.196986
167	8.686432
168	6.249433
169	7.825743
170	6.763690
171	8.192422
172	7.732360
173	7.561718
174	7.343302
175	5.987637
176	6.694415
177	7.154998
178	6.886487
179	7.715704
180	8.049230
181	6.804412
182	7.603979
183	7.662304
184	8.049169
185	7.609534
186	8.589725
187	7.469372
188	7.966441
189	7.234763
190	7.923912
191	10.272547
192	8.450805
193	6.307819
194	9.246767
195	8.210274
196	8.823668
197	8.407622
198	8.072336
199	8.279100
200	8.590493
201	7.431609
202	7.285424
203	7.677354
204	8.133799
205	8.151045
206	7.121263
207	7.175242
208	7.321599
209	8.262403
210	6.715033
211	7.748065
212	8.454548
213	6.818936
214	7.062931
215	7.186474
216	8.357429
217	6.554837
218	6.179718
219	7.703888
220	9.162973
221	7.714803
222	7.867572
223	7.564615
224	7.877036
225	6.498438
226	7.847198
227	8.241051
228	6.949056
229	6.447658
230	6.773662
231	6.166799
232	6.546006
233	6.625685
234	7.859021
235	8.357516
236	9.888826
237	8.177640
238	8.970095
239	8.423336
240	8.418698
241	8.933146
242	7.451638
243	6.846122
244	6.697611
245	6.682784
246	9.851319
247	4.582902
248	4.332055
249	4.436552
250	4.242004
251	4.439978
252	4.437263
253	4.657135
254	4.239977
255	4.873716
256	4.665565
257	4.508448
258	5.218869
259	5.363404
260	4.658005
261	4.279533
262	4.843398
263	6.690866
264	8.694194
265	8.717947
266	9.435989
267	9.159223
268	10.858621
269	10.312337
270	10.106245
271	9.725245
272	8.063708
273	7.127131
274	8.417013
275	10.193243
276	9.472687
277	9.767913
278	10.140464
279	10.048681
280	10.501875
281	9.506950
282	10.100457
283	10.564518
284	11.019740
285	9.709324
286	8.965494
287	9.489010
288	9.255371
289	9.200287
290	9.798491
291	9.751621
292	8.417564
293	9.915794
294	9.805152
295	10.311009
296	9.605678
297	9.425488
298	8.960631
299	6.558615
300	9.187082
301	9.324317
302	9.862956
303	10.004923
304	9.770573
305	9.760298
306	10.401813
307	10.203794
308	9.522847
309	8.507443
310	9.328779
311	8.063511
312	7.957657
313	7.631702
314	8.319669
315	8.257990
316	10.056828
317	7.690049
318	7.790803
319	7.289753
320	7.765898
321	7.370251
322	5.929841
323	5.780260
324	7.353054
325	7.692939
326	6.999006
327	7.985617
328	7.864985
329	7.777989
330	8.110671
331	10.009056
332	10.149367
333	10.711005
334	9.871099
335	10.925057
336	10.943202
337	9.618714
338	10.976089
339	9.962053
340	10.555102
341	10.789946
342	10.019520
343	9.760973
344	10.447826
345	9.975932
346	9.674369
347	10.207218
348	10.045566
349	9.242441
350	9.747641
351	10.031301
352	10.629399
353	10.302014
354	10.313613
355	10.104485
356	9.947412
357	9.697412
358	9.777864
359	10.432197
360	10.807456
361	10.158621
362	9.890217
363	8.352736
364	10.245590
365	10.085188
366	9.537988
367	10.602807
368	8.115817
369	9.638657
370	9.608460
371	9.025967
372	8.716743
373	8.892235
374	8.517281
375	8.358516
376	8.894657
377	9.035841
378	8.329304
379	7.163336
380	6.720724
381	6.803808
382	6.652668
383	8.583009
384	8.371771
385	9.199871
386	8.679233
387	6.940850
388	9.235471
389	9.825813
390	8.713685
391	8.894122
392	9.014594
393	8.646050
394	9.392538
395	9.008740
396	4.652118
397	4.474651
398	5.254970
399	6.915122
400	8.593451
401	8.232848
402	8.235441
403	9.315406
404	8.137506
405	8.405159
406	7.836670
407	9.149704
408	9.897237
409	9.899620
410	11.208947
411	10.610797
412	10.801721
413	9.793611
414	9.412094
415	10.072323
416	8.420267
417	8.999011
418	8.298326
419	8.948509
420	8.346807
421	8.152895
422	9.209229
423	3.915839
424	4.472113
425	5.555205
426	6.250783
427	3.825246
428	1.908638
429	3.861529
430	4.560844
431	4.387071
432	4.430045
433	4.630206
434	4.154347
435	4.338214
436	4.948141
437	9.546318
438	8.283562
439	7.928568
440	8.262330
441	8.092287
442	8.071939
443	8.102407
444	8.438039
445	8.718010
446	8.347827
447	8.106578
448	8.372341
449	8.679920
450	9.129414
451	8.582185
452	8.910871
453	8.918610
454	8.735331
455	8.621449
456	9.183573
457	8.572684
458	7.707074
459	8.916866
460	10.058281
461	8.080582
462	8.557068
463	5.880579
464	4.278668
465	1.886319
466	5.700439
467	6.265077
468	6.163392
469	5.988139
470	9.935598
471	10.356345
472	9.804500
473	9.707945
474	9.240292
475	9.489900
476	8.234573
477	7.080437
478	7.058003
479	9.662970
480	9.534317
481	9.137078
482	9.839064
483	9.168583
484	7.856520
485	8.222475
486	6.475099
487	6.259009
488	7.251331
489	6.429540
490	6.401671
491	6.435861
492	6.594194
493	6.460851
494	6.512542
495	6.728231
496	6.382650
497	6.148290
498	5.935091
499	6.319313
500	6.315407
501	5.755062
502	6.372723
503	6.376817
504	6.333807
505	6.135317
506	6.119167
507	5.930776
508	6.217641
509	6.642873
510	6.324389
511	7.021283
512	6.315309
513	6.437787
514	6.451504
515	6.363340
516	6.609175
517	6.517838
518	6.981763
519	5.924264
520	6.079885
521	6.218271
522	6.477144
523	6.478619
524	6.370780
525	6.874453
526	6.904585
527	5.994749
528	7.073260
529	8.316013
530	7.403169
531	7.634253
532	7.328862
533	7.787078
534	7.615570
535	7.698782
536	7.740802
537	7.469678
538	7.951641
539	6.829422
540	8.056916
541	7.712266
542	7.127340
543	8.233701
544	7.629660
545	7.337342
546	7.200799
547	6.991581
548	6.380103
549	7.299883
550	7.187885
551	8.934370
552	8.743450
553	8.045999
554	7.135693
555	7.304924
556	9.490237
557	9.316486
558	8.493515
559	9.256333
560	8.284232
561	9.580443
562	8.981903
563	8.241074
564	8.692542
565	8.963337
566	8.006147
567	8.851378
568	8.546503
569	10.372179
570	9.718904
571	10.380955
572	8.787552
573	7.953421
574	9.516943
575	8.840063
576	7.887846
577	9.005044
578	9.586762
579	9.673227
580	9.232239
581	8.226416
582	8.432535
583	7.001657
584	5.950258
585	6.207903
586	7.791309
587	8.795233
588	8.622168
589	7.693565
590	9.203166
591	10.155601
592	8.370007
593	7.254247
594	6.271379
595	6.585112
596	6.757951
597	6.454313
598	6.059107
599	7.418654
600	7.230559
601	7.158973
602	8.481400
603	8.625646
604	8.174863
605	8.516318
606	8.239413
607	6.660955
608	7.123447
609	7.782201
610	7.650582
611	7.645665
612	7.051482
613	8.527655
614	7.162025
615	7.638103
616	7.607805
617	7.579142
618	7.500114
619	8.124401
620	7.717478
621	6.785463
622	8.046975
623	6.996434
624	7.339072
625	7.338433
626	7.462560
627	7.090875
628	7.064681
629	8.063616
630	8.112022
631	7.680586
632	6.941542
633	8.425771
634	7.533080
635	7.588076
636	6.947525
637	7.794184
638	7.414891
639	7.774471
640	7.523263
641	7.535948
642	7.139474
643	7.897304
644	7.795742
645	8.348712
646	7.401210
647	7.967152
648	8.034830
649	8.279010
650	7.801820
651	8.185811
652	6.298492
653	6.267168
654	6.255925
655	6.504959
656	6.448069
657	6.936268
658	6.893076
659	6.264870
660	6.532542
661	6.797507
662	6.444136
663	6.387809
664	6.948474
665	6.393887
666	6.404506
667	5.880562
668	6.798162
669	6.548958
670	6.611309
671	6.480346
672	7.079760
673	7.582572
674	8.209477
675	6.421469
676	7.676283
677	7.435598
678	7.121813
679	7.618221
680	7.347121
681	7.296879
682	7.786277
683	6.759128
684	7.546173
685	8.004905
686	7.153803
687	8.120104
688	7.359423
689	7.731404
690	7.716657
691	8.249612
692	6.591124
693	6.416838
694	6.606065
695	6.409009
696	6.377727
697	6.213598
698	6.166409
699	6.687624
700	6.209397
701	6.213687
702	7.358946
703	8.953463
704	8.408927
705	8.140951
706	9.297312
707	4.395885
708	3.911240
709	4.409572
710	4.804685
711	4.142681
712	4.567801
713	4.911354
714	5.498955
715	5.249057
716	5.225218
717	4.583918
718	5.699693
719	4.745387
720	4.398215
721	4.238715
722	4.220297
723	5.547486
724	5.415500
725	4.230721
726	3.896793
727	5.164437
728	6.102062
729	5.530524
730	5.875592
731	6.861511
732	6.049328
733	5.028628
734	5.654337
735	5.706586
736	5.402593
737	5.698008
738	6.898925
739	5.409797
740	5.834013
741	8.365768
742	10.073301
743	9.457319
744	10.451207
745	9.023376
746	9.963704
747	8.889438
748	10.135645
749	9.560266
750	10.346101
751	11.083709
752	10.070930
753	9.440127
754	10.830720
755	10.314692
756	10.123888
757	8.880996
758	8.467101
759	9.222981
760	9.502469
761	9.614203
762	9.083157
763	9.679839
764	7.858467
765	7.931348
766	8.325258
767	7.692544
768	8.236565
769	8.983232
770	8.706973
771	8.538929
772	8.805456
773	8.432151
774	8.525221
775	7.838099
776	8.530093
777	8.290583
778	7.943865
779	7.802192
780	9.165338
781	8.478060
782	4.400875
783	5.292093
784	3.806219
785	4.497655
786	3.865177
787	4.225092
788	4.262816
789	4.583983
790	1.763576
791	1.891163
792	2.065551
793	3.726661
794	1.775781
795	2.014869
796	4.238974
797	5.101039
798	4.846752
799	5.565294
800	4.560143
801	3.864311
802	4.155165
803	3.579428
804	2.207170
805	1.727744
806	1.962065
807	3.569874
808	4.343582
809	5.563256
810	8.990601
811	8.750897
812	8.824162
813	8.677332
814	8.312033
815	8.636139
816	8.986851
817	9.200402
818	8.150711
819	8.462494
820	9.333713
821	8.233237
822	9.402877
823	8.256768
824	8.301019
825	6.312702
826	5.992837
827	6.679667
828	7.061135
829	6.698276
830	6.431314
831	6.560729
832	7.805952
833	8.574931
834	8.816542
835	7.852221
836	7.995931
837	7.759832
838	8.337500
839	8.300636
840	7.744502
841	7.694688
842	7.528082
843	8.111710
844	8.116613
845	7.446842
846	6.846987
847	7.574795
848	7.272785
849	8.621432
850	7.597440
851	9.379221
852	6.382837
853	6.684325
854	6.303277
855	6.355368
856	6.094333
857	6.523435
858	6.797102
859	6.820939
860	6.261797
861	6.636460
862	6.692018
863	6.437717
864	6.446479
865	6.414382
866	6.217870
867	6.414504
868	8.266196
869	8.387568
870	8.507990
871	8.487609
872	10.278647
873	9.347583
874	10.060736
875	10.454516
876	9.774993
877	10.456176
878	10.349498
879	8.359480
880	9.554025
881	10.198259
882	10.091120
883	10.063896
884	10.433374
885	9.408814
886	9.934803
887	10.335005
888	9.681699
889	10.967251
890	10.353097
891	10.476493
892	10.067840
893	10.017335
894	9.635501
895	10.681938
896	10.296967
897	10.473174
898	10.112379
899	9.909556
900	9.727188
901	8.521155
902	8.724225
903	6.403202
904	8.457065
905	7.767608
906	7.980389
907	6.424842
908	6.586729
909	6.457879
910	6.770473
911	6.514016
912	6.396966
913	6.177135
914	6.591529
915	6.071269
916	6.230810
917	5.900763
918	5.686917
919	5.954292
920	6.889449
921	6.423815
922	5.737961
923	7.662679
924	8.731441
925	9.028101
926	8.461798
927	9.103153
928	8.053967
929	8.372819
930	8.731953
931	8.094133
932	8.678167
933	8.025341
934	8.736183
935	8.754136
936	9.097748
937	10.463236
938	9.047093
939	9.940729
940	9.528515
941	10.790417
942	9.925311
943	10.127394
944	10.576984
945	9.996840
946	10.014559
947	10.517438
948	10.029121
949	10.038915
950	10.650315
951	9.959162
952	9.596707
953	9.251233
954	10.315260
955	10.098660
956	8.499660
957	8.000531
958	6.827869
959	8.504292
960	8.297216
961	6.457229
962	8.265888
963	9.949411
964	9.702385
965	10.871293
966	10.250137
967	9.973711
968	10.357968
969	10.713496
970	10.189077
971	9.890823
972	9.451873
973	10.538937
974	10.027532
975	10.367106
976	9.188967
977	10.010979
978	10.420834
979	10.168797
980	10.470767
981	10.289544
982	10.009988
983	10.129071
984	8.762305
985	6.268788
986	5.739730
987	6.373288
988	6.766040
989	5.646857
990	6.133343
991	5.948664
992	3.613392
993	3.442165
994	3.124356
995	3.739425
996	3.789142
997	3.560196
998	3.586725
999	3.460795
1000	3.097676
1001	3.993207
1002	3.519474
1003	3.720013
1004	3.420264
1005	3.113873
1006	4.359943
1007	4.022251
1008	3.189875
1009	3.726070
1010	3.903703
1011	3.479153
1012	3.490588
1013	3.490760
1014	3.458107
1015	3.315930
1016	3.042384
1017	3.356502
1018	3.524912
1019	3.407713
1020	3.510777
1021	3.352940
1022	3.108245
1023	3.695162
1024	3.384923
1025	3.451754
1026	3.309909
1027	3.733711
1028	3.551536
1029	3.419753
1030	3.644023
1031	3.448826
1032	3.475283
1033	3.628416
1034	3.359613
1035	3.636454
1036	3.637444
1037	1.796163
1038	1.950744
1039	4.171834
1040	1.982436
1041	4.761776
1042	4.547524
1043	3.926704
1044	6.707944
1045	4.645147
1046	1.802721
1047	3.905700
1048	6.791684
1049	4.937224
1050	9.212395
1051	4.031190
1052	4.885181
1053	4.537202
1054	4.406632
1055	4.502866
1056	4.729788
1057	5.266451
1058	4.608807
1059	4.798135
1060	4.453224
1061	4.099770
1062	4.015333
1063	4.861943
1064	4.483658
1065	4.542259
1066	5.247493
1067	7.123777
1068	6.127210
1069	4.117220
1070	5.848204
1071	5.873387
1072	7.669147
1073	10.309462
1074	9.322387
1075	8.584066
1076	8.345561
1077	7.505259
1078	8.271912
1079	8.255017
1080	8.176968
1081	8.336258
1082	10.041962
1083	10.808852
1084	10.149881
1085	9.461105
1086	6.526178
1087	5.654990
1088	5.324237
1089	5.426850
1090	8.678192
1091	5.752295
1092	7.022542
1093	7.318667
1094	5.203085
1095	6.134573
1096	7.186001
1097	6.835012
1098	7.281574
1099	10.353440
1100	8.626363
1101	9.913940
1102	8.964627
1103	9.480196
1104	9.372188
1105	9.436291
1106	7.839604
1107	9.489689
1108	8.260006
1109	7.273865
1110	5.947486
1111	6.191802
1112	6.496752
1113	6.099271
1114	6.323123
1115	6.535732
1116	6.852182
1117	8.814022
1118	5.617871
1119	5.318952
1120	9.110751
1121	7.481215
1122	6.145975
1123	7.671042
1124	6.037499
1125	7.028747
1126	5.706523
1127	7.060842
1128	6.091706
1129	5.517326
1130	6.528569
1131	6.104310
1132	6.051389
1133	5.619201
1134	5.515107
1135	6.735732
1136	5.979808
1137	5.524681
1138	6.601918
1139	5.824585
1140	5.599553
1141	9.355329
1142	7.680372
1143	7.660725
1144	8.467148
1145	9.596381
1146	10.408665
1147	8.783143
1148	8.604383
1149	9.228902
1150	8.706067
1151	8.356225
1152	7.274234
1153	8.199646
1154	7.278626
1155	8.694218
1156	7.799013
1157	8.207623
1158	8.260037
1159	7.863286
1160	8.226847
1161	6.847869
1162	8.198105
1163	6.488706
1164	6.231003
1165	5.985030
1166	7.945821
1167	7.582855
1168	7.496259
1169	7.876960
1170	7.340872
1171	8.542059
1172	7.649269
1173	7.655908
1174	7.351585
1175	8.074474
1176	7.645294
1177	7.670168
1178	6.631721
1179	7.115461
1180	7.110870
1181	7.348809
1182	7.273500
1183	7.071204
1184	8.136616
1185	7.830025
1186	6.908262
1187	6.945666
1188	7.930626
1189	8.221984
1190	6.841192
1191	8.295843
1192	8.165416
1193	4.469910
1194	3.576451
1195	3.817199
1196	3.993494
1197	4.085561
1198	5.190000
1199	4.235763
1200	4.143103
1201	4.553437
1202	4.627344
1203	5.846581
1204	3.863819
1205	4.051789
1206	4.434963
1207	4.699170
1208	4.604747
1209	4.320950
1210	5.152983
1211	6.713948
1212	4.319538
1213	3.882036
1214	3.915175
1215	4.552691
1216	4.030509
1217	3.942568
1218	4.266699
1219	5.265454
1220	4.276220
1221	4.907254
1222	3.826605
1223	4.246198
1224	4.058860
1225	4.200986
1226	4.054269
1227	5.579297
1228	4.101378
1229	6.715043
1230	4.723907
1231	4.368363
1232	4.161261
1233	4.445007
1234	4.357261
1235	4.387665
1236	4.955281
1237	4.099439
1238	4.312621
1239	4.558838
1240	5.059979
1241	4.899183
1242	5.161986
1243	4.419749
1244	4.422341
1245	4.405931
1246	3.686652
1247	4.330705
1248	3.922295
1249	4.393359
1250	4.180191
1251	4.354434
1252	3.836561
1253	4.288893
1254	3.768965
1255	3.441133
1256	4.427979
1257	3.337799
1258	4.221766
1259	3.992869
1260	3.944921
1261	1.824143
1262	1.795160
1263	1.750114
1264	1.863169
1265	1.917420
1266	1.763434
1267	1.951974
1268	2.143945
1269	3.566932
1270	4.033510
1271	3.518039
1272	4.020225
1273	4.472115
1274	4.198917
1275	5.558111
1276	7.896297
1277	3.850065
1278	4.710308
1279	4.371830
1280	7.312769
1281	7.111519
1282	7.026927
1283	7.051568
1284	7.433553
1285	7.121755
1286	7.625490
1287	6.283764
1288	6.382209
1289	6.392972
1290	6.526629
1291	6.805983
1292	6.982872
1293	6.820213
1294	6.606678
1295	6.454440
1296	6.479390
1297	6.773618
1298	6.694251
1299	7.259291
1300	8.116273
1301	7.902588
1302	7.886281
1303	7.868601
1304	8.020923
1305	7.936800
1306	7.703935
1307	7.729456
1308	8.140012
1309	8.800807
1310	7.760541
1311	8.384086
1312	6.738857
1313	7.826041
1314	7.022835
1315	8.136228
1316	7.317144
1317	6.715580
1318	7.977093
1319	8.010200
1320	7.374124
1321	7.947217
1322	7.197391
1323	4.004322
1324	3.416314
1325	3.864776
1326	4.055737
1327	3.569229
1328	4.407368
1329	4.226086
1330	4.088496
1331	4.167793
1332	3.789156
1333	4.287015
1334	4.388315
1335	4.129189
1336	4.085510
1337	3.974279
1338	3.933776
1339	3.402366
1340	5.009521
1341	3.956639
1342	4.230247
1343	4.200702
1344	3.990928
1345	4.119939
1346	3.718131
1347	4.094581
1348	5.078868
1349	3.957473
1350	4.418156
1351	3.991165
1352	3.772187
1353	4.210190
1354	4.327365
1355	1.835729
1356	4.479923
1357	4.399704
1358	4.080061
1359	4.838379
1360	4.347379
1361	5.732032
1362	5.465949
1363	5.709965
1364	5.268149
1365	5.898830
1366	5.698991
1367	6.486054
1368	6.099196
1369	6.353652
1370	6.230907
1371	6.434680
1372	6.383411
1373	6.463380
1374	5.953394
1375	6.269171
1376	5.927623
1377	5.964654
1378	6.069648
1379	6.272870
1380	5.999117
1381	6.025578
1382	5.532679
1383	6.153934
1384	10.247415
1385	7.140119
1386	7.360306
1387	7.409006
1388	8.116372
1389	7.965394
1390	7.848352
1391	6.888341
1392	7.884303
1393	6.804390
1394	7.331060
1395	6.839839
1396	9.338891
1397	7.115055
1398	6.689528
1399	6.860877
1400	6.525811
1401	7.312181
1402	6.156566
1403	6.352969
1404	6.192947
1405	8.273930
1406	6.747658
1407	6.809684
1408	6.594399
1409	6.455270
1410	6.366247
1411	6.540076
1412	6.704371
1413	7.138586
1414	6.578822
1415	6.470031
1416	6.927655
1417	8.746583
1418	9.330153
1419	8.837318
1420	7.596433
1421	9.531716
1422	10.184659
1423	9.569246
1424	10.122900
1425	9.167078
1426	8.720583
1427	9.274239
1428	10.003454
1429	10.296515
1430	7.883946
1431	9.367845
1432	8.940873
1433	7.383589
1434	9.691144
1435	9.174062
1436	9.059117
1437	10.346657
1438	9.218765
1439	8.835530
1440	9.591058
1441	9.504365
1442	7.031650
1443	7.186264
1444	6.448474
1445	8.610608
1446	6.712115
1447	6.512979
1448	6.648851
1449	9.973184
1450	9.719909
1451	10.006452
1452	10.123440
1453	9.674321
1454	8.805282
1455	8.911772
1456	9.305039
1457	9.230238
1458	8.835249
1459	9.446321
1460	9.434992
1461	9.074345
1462	9.276299
1463	10.019357
1464	9.407436
1465	9.575883
1466	10.122899
1467	9.523917
1468	8.691412
1469	9.404591
1470	8.307257
1471	9.708254
1472	8.515365
1473	9.232723
1474	9.180576
1475	9.656641
1476	9.720421
1477	8.976398
1478	9.737032
1479	9.304849
1480	8.496069
1481	9.074387
1482	9.347021
1483	9.176939
1484	6.261797
1485	5.389656
1486	6.828667
1487	6.157337
1488	5.861475
1489	6.199114
1490	9.153383
1491	8.777956
1492	6.569886
1493	8.257082
1494	4.538457
1495	3.871654
1496	4.019851
1497	6.735799
1498	7.500335
1499	6.855502
1500	8.228329
1501	9.365286
1502	5.901339
1503	9.217867
1504	9.536468
1505	8.455117
1506	3.494482
1507	3.687006
1508	3.471800
1509	3.754143
1510	3.291291
1511	4.501466
1512	4.196201
1513	5.303630
1514	4.262733
1515	4.059384
1516	4.354928
1517	4.283528
1518	4.105910
1519	4.387688
1520	4.134382
1521	4.112043
1522	4.226145
1523	4.528014
1524	3.966232
1525	4.153696
1526	3.948911
1527	4.012991
1528	3.875836
1529	4.599250
1530	5.723724
1531	7.778737
1532	8.526177
1533	8.412456
1534	6.701495
1535	6.812212
1536	7.659095
1537	8.751897
1538	7.572524
1539	7.653483
1540	8.740392
1541	7.207956
1542	7.980464
1543	7.905799
1544	7.508131
1545	8.102221
1546	7.310498
1547	7.079940
1548	6.998744
1549	7.507588
1550	7.628525
1551	8.892255
1552	9.431775
1553	8.304550
1554	8.357153
1555	9.218423
1556	9.232821
1557	8.463683
1558	8.262109
1559	8.941197
1560	9.562494
1561	9.581926
1562	9.397159
1563	9.875595
1564	8.665471
1565	9.955215
1566	9.690336
1567	10.033607
1568	10.071033
1569	9.789483
1570	8.415284
1571	11.362113
1572	10.747184
1573	8.814155
1574	9.590897
1575	8.264040
1576	8.990541
1577	8.403797
1578	8.329094
1579	8.501941
1580	9.024915
1581	8.456839
1582	8.454478
1583	8.885686
1584	8.188199
1585	9.587800
1586	9.329785
1587	9.619123
1588	9.382440
1589	9.237317
1590	10.007051
1591	8.678643
1592	9.984988
1593	8.895593
1594	9.189474
1595	9.137754
1596	9.904927
1597	9.218265
1598	9.689473
1599	9.846673
1600	9.404942
1601	9.904531
1602	7.589637
1603	7.509854
1604	8.921955
1605	7.521011
1606	8.064175
1607	7.456783
1608	7.235863
1609	7.043089
1610	8.087604
1611	7.621817
1612	7.106293
1613	7.552945
1614	7.255300
1615	7.477915
1616	7.664006
1617	7.375615
1618	7.700941
1619	7.203722
1620	7.153999
1621	7.806998
1622	7.638314
1623	6.571430
1624	7.835285
1625	6.944157
1626	8.190056
1627	8.510030
1628	8.575482
1629	6.892038
1630	8.070649
1631	8.562224
1632	7.627190
1633	8.317677
1634	6.156250
1635	7.468627
1636	7.981818
1637	8.157329
1638	7.024755
1639	7.205298
1640	7.064333
1641	7.476137
1642	7.321242
1643	7.578667
1644	7.735343
1645	7.596231
1646	7.736084
1647	7.673904
1648	7.520943
1649	7.659701
1650	8.468902
1651	8.056867
1652	7.846713
1653	7.959427
1654	8.184848
1655	8.104696
1656	7.456145
1657	8.225875
1658	8.368903
1659	7.235994
1660	7.354222
1661	8.012815
1662	7.794819
1663	6.196983
1664	6.423792
1665	9.195699
1666	9.766326
1667	9.579775
1668	9.883011
1669	9.309463
1670	8.768918
1671	9.365480
1672	9.959045
1673	9.664916
1674	9.623108
1675	8.492228
1676	8.255193
1677	8.647595
1678	8.217238
1679	8.564985
1680	8.297650
1681	8.226220
1682	9.195902
1683	8.613244
1684	8.841494
1685	9.137101
1686	9.056495
1687	9.502185
1688	8.893532
1689	10.559157
1690	8.806214
1691	9.038618
1692	8.781544
1693	9.505268
1694	8.863724
1695	8.410335
1696	8.545415
1697	8.291906
1698	9.507860
1699	9.487828
1700	9.443866
1701	9.679984
1702	9.707596
1703	9.296657
1704	9.260036
1705	9.367592
1706	9.309941
1707	8.669977
1708	7.186160
1709	7.810468
1710	7.804415
1711	7.653694
1712	7.648875
1713	7.598771
1714	9.539151
1715	8.292557
1716	8.922051
1717	8.921288
1718	8.765534
1719	9.227601
1720	9.248357
1721	9.285263
1722	8.323769
1723	9.374454
1724	8.823757
1725	9.266553
1726	8.562115
1727	9.206337
1728	8.458300
1729	7.134845
1730	8.576113
1731	8.015572
1732	8.311457
1733	9.673184
1734	9.181709
1735	9.812614
1736	9.213958
1737	9.531809
1738	7.404931
1739	7.125960
1740	7.486482
1741	7.967749
1742	7.871499
1743	7.310582
1744	6.789323
1745	8.326283
1746	7.473494
1747	6.932482
1748	8.039117
1749	9.538522
1750	8.954781
1751	8.754669
1752	9.221504
1753	9.412951
1754	9.049932
1755	9.101788
1756	9.242152
1757	8.390649
1758	8.515670
1759	8.143271
1760	7.500832
1761	8.636231
1762	8.020978
1763	8.140211
1764	8.483232
1765	7.592562
1766	8.347609
1767	7.423381
1768	7.540425
1769	8.307737
1770	8.625521
1771	7.062617
1772	7.989725
1773	8.040714
1774	7.085478
1775	7.638103
1776	7.541917
1777	5.570718
1778	8.250800
1779	7.864484
1780	7.318967
1781	8.422317
1782	9.122773
1783	8.119119
1784	7.900082
1785	8.272956
1786	7.832911
1787	7.426859
1788	7.814979
1789	7.873558
1790	7.810481
1791	7.895371
1792	6.753414
1793	9.319342
1794	9.477014
1795	6.495376
1796	7.530192
1797	8.768705
1798	9.881264
1799	9.110114
1800	8.743742
1801	9.815769
1802	10.945599
1803	9.429118
1804	9.054929
1805	9.839070
1806	9.974262
1807	9.361441
1808	9.269924
1809	9.779028
1810	9.734111
1811	9.847569
1812	6.188481
1813	7.376842
1814	5.955603
1815	6.499276
1816	6.106571
1817	5.863489
1818	6.139740
1819	9.613331
1820	9.275359
1821	7.614322
1822	9.881140
1823	9.093502
1824	9.505219
1825	10.117797
1826	10.263965
1827	6.729464
1828	5.828938
1829	7.846688
1830	7.792239
1831	7.699681
1832	7.240726
1833	7.284413
1834	6.281258
1835	7.748192
1836	7.723530
1837	7.512882
1838	7.560744
1839	7.557763
1840	7.514109
1841	7.245786
1842	7.872416
1843	7.552241
1844	7.556937
1845	6.910442
1846	8.299449
1847	7.930125
1848	7.644820
1849	7.929909
1850	7.674074
1851	8.212447
1852	7.728009
1853	7.866392
1854	7.121041
1855	7.213410
1856	7.591275
1857	7.937116
1858	7.574682
1859	7.160910
1860	7.519986
1861	8.560879
1862	7.615372
1863	8.016028
1864	7.964327
1865	7.636872
1866	7.513464
1867	7.838760
1868	8.382586
0	1.944761
1	1.943453
2	1.925772
3	2.711199
4	2.083986
5	2.347020
6	2.064969
7	3.184981
8	3.309216
9	2.407030
10	1.886899
11	3.377881
12	2.061407
13	2.220047
14	1.707512
15	1.831339
16	2.127487
17	1.763293
18	1.946303
19	2.107273
20	1.784293
21	1.991030
22	4.056278
23	2.813361
24	1.837662
25	1.811022
26	2.434258
27	4.767441
28	4.620617
29	5.155482
30	4.743872
31	5.597123
32	5.089252
33	5.792246
34	4.963406
35	5.099841
36	5.657728
37	4.972445
38	4.125251
39	6.272654
40	5.133390
41	5.347024
42	6.082154
43	5.804946
44	6.882931
45	6.082974
46	6.689726
47	6.423268
48	6.554302
49	6.479396
50	7.640264
51	8.037725
52	8.617218
53	9.159759
54	8.769635
55	9.224783
56	8.165895
57	8.598734
58	8.026986
59	8.486065
60	9.070579
61	9.102448
62	8.161592
63	8.997828
64	8.647508
65	7.440357
66	8.581216
67	8.522192
68	8.609915
69	8.688925
70	9.304498
71	8.214364
72	6.368108
73	7.739220
74	8.206717
75	7.224148
76	7.578898
77	6.527282
78	8.850142
79	6.962434
80	7.542255
81	7.608555
82	8.821964
83	8.167315
84	8.996829
85	8.310909
86	8.051297
87	7.848639
88	7.803236
89	7.163951
90	8.503047
91	7.305649
92	6.812091
93	7.362228
94	7.283687
95	8.529683
96	8.084812
97	6.983946
98	8.188168
99	8.899247
100	8.043110
101	8.714517
102	8.596794
103	9.500494
104	10.848474
105	9.468231
106	7.578853
107	7.849268
108	9.624484
109	8.131157
110	9.451973
111	7.790134
112	9.523572
113	9.279108
114	7.290466
115	8.722507
116	8.701183
117	6.467218
118	5.691441
119	8.520594
120	7.138586
121	8.304724
122	8.620393
123	8.623096
124	9.660776
125	8.061551
126	8.260901
127	8.563609
128	8.955597
129	9.346519
130	7.716643
131	8.861754
132	10.075063
133	8.347311
134	7.255971
135	7.178400
136	4.192231
137	8.664201
138	8.856444
139	10.900791
140	9.541142
141	7.865091
142	7.016907
143	5.576317
144	6.091857
145	5.464633
146	5.537456
147	6.631598
148	5.629379
149	6.239943
150	7.212553
151	6.291534
152	7.973280
153	6.664698
154	5.670953
155	7.898714
156	7.454379
157	8.115298
158	7.345583
159	7.231142
160	5.930245
161	7.892122
162	7.945253
163	8.965176
164	7.920297
165	8.395935
166	7.348665
167	6.606648
168	7.292754
169	7.103537
170	7.730234
171	8.621006
172	8.678122
173	7.708186
174	6.818676
175	8.904371
176	7.132391
177	7.163266
178	8.276412
179	7.606269
180	6.924564
181	7.658518
182	7.724880
183	8.538467
184	6.905623
185	8.910777
186	7.395517
187	8.304517
188	7.668930
189	7.790771
190	9.932395
191	8.979255
192	8.652225
193	8.517031
194	8.236423
195	7.033456
196	8.458483
197	6.920698
198	7.478033
199	7.732802
200	8.875045
201	8.442490
202	6.937924
203	6.582586
204	6.692957
205	8.102680
206	7.813989
207	7.638335
208	7.543568
209	6.685185
210	8.174464
211	7.273573
212	7.158005
213	8.522837
214	6.795350
215	7.064658
216	8.139292
217	6.796721
218	7.370927
219	8.972326
220	7.747156
221	7.719977
222	6.841467
223	8.569053
224	8.624875
225	8.911801
226	7.971567
227	8.238185
228	7.817530
229	8.096500
230	6.507380
231	7.970778
232	6.758853
233	7.218056
234	6.455083
235	7.782602
236	7.498624
237	7.473702
238	6.535401
239	8.382913
240	8.192350
241	7.622783
242	6.746141
243	7.965762
244	5.927941
245	6.681159
246	7.445037
247	7.788807
248	7.528994
249	7.590131
250	7.471256
251	7.383590
252	6.900264
253	6.945318
254	6.852108
255	7.867455
256	7.966783
257	7.012007
258	7.331427
259	8.223680
260	7.554777
261	7.839760
262	7.532613
263	7.551062
264	8.567410
265	8.617804
266	8.769219
267	10.210799
268	6.341488
269	7.409116
270	8.164761
271	8.925442
272	7.858692
273	7.402751
274	8.027390
275	6.851135
276	7.953305
277	7.278602
278	7.107533
279	8.013405
280	7.131352
281	7.101980
282	8.544716
283	7.418013
284	5.521847
285	8.229968
286	8.769533
287	7.802640
288	8.370687
289	8.854027
290	8.727502
291	7.110975
292	7.677249
293	6.072852
294	6.238093
295	5.851786
296	6.246758
297	7.264430
298	8.385712
299	7.008817
300	7.955187
301	7.861619
302	7.443631
303	7.573911
304	8.206466
305	7.407851
306	8.010828
307	7.417532
308	9.532440
309	7.291132
310	6.329939
311	8.498777
312	4.964313
313	6.915997
314	7.784938
315	6.625904
316	7.550219
317	8.370550
318	6.356494
319	7.604572
320	6.411124
321	6.950519
322	8.629188
323	6.727734
324	7.353915
325	7.013765
326	8.341139
327	6.838107
328	7.927812
329	8.280252
330	7.689108
331	7.243765
332	8.463687
333	6.595286
334	5.939308
335	6.888293
336	6.646825
337	6.633769
338	7.392787
339	7.060342
340	7.408201
341	7.455261
342	7.514534
343	8.245678
344	7.920055
345	7.236854
346	7.412068
347	7.577887
348	6.623435
349	7.378655
350	6.610465
351	7.900267
352	7.367095
353	7.103498
354	7.128352
355	7.061226
356	7.062618
357	7.373473
358	8.471193
359	7.365289
360	7.796012
361	7.851458
362	7.598132
363	8.339812
364	8.615069
365	6.810368
366	5.026568
367	6.307916
368	8.580215
369	7.912704
370	5.304811
371	7.777795
372	9.291173
373	7.509593
374	7.210792
375	7.698240
376	7.441141
377	7.971711
378	8.334958
379	7.839731
380	8.802711
381	8.441940
382	8.964805
383	7.342700
384	6.921232
385	6.400073
386	5.152224
387	6.603833
388	6.258003
389	8.402933
390	8.088376
391	7.334180
392	6.683157
393	7.477037
394	7.299844
395	7.330956
396	7.253322
397	7.717116
398	7.549097
399	9.388765
400	7.628019
401	7.330852
402	7.614795
403	7.212045
404	9.910890
405	10.492403
406	8.302687
407	8.846019
408	8.105926
409	10.508502
410	10.077034
411	8.514747
412	8.534775
413	8.367393
414	7.516493
415	7.697070
416	10.538367
417	10.908950
418	11.089121
419	9.892879
420	9.936057
421	10.822690
422	9.111783
423	10.143815
424	9.143573
425	6.221623
426	6.342001
427	6.483217
428	5.988408
429	6.170300
430	10.193883
431	9.203363
432	8.580644
433	5.843323
434	9.382864
435	8.536469
436	8.783582
437	8.651299
438	8.870404
439	7.444665
440	7.922355
441	7.332952
442	8.359584
443	8.870706
444	8.851202
445	9.391214
446	9.468943
447	9.699757
448	8.377383
449	8.071965
450	7.949455
451	7.973484
452	8.898859
453	6.650422
454	8.709208
455	7.826907
456	8.303607
457	10.357480
458	8.558046
459	6.045880
460	6.351632
461	6.530471
462	5.571843
463	6.417603
464	5.783589
465	7.066526
466	5.820518
467	7.815328
468	8.623844
469	8.831344
470	8.492555
471	8.539732
472	9.305101
473	10.011235
474	9.429135
475	8.805306
476	8.913753
477	8.302828
478	7.226193
479	8.816807
480	5.757029
481	5.879622
482	7.331396
483	6.827452
484	5.118420
485	7.210339
486	10.246278
487	6.504995
488	7.616461
489	6.584779
490	5.234021
491	5.257887
492	6.189263
493	5.341592
494	5.976152
495	5.923193
496	6.019844
497	5.655695
498	6.049330
499	5.502964
500	5.836173
501	4.764902
502	5.862909
503	5.994195
504	5.797212
505	8.155127
506	7.596436
507	9.615635
508	8.277183
509	9.061217
510	7.382469
511	8.579785
512	6.831883
513	8.983287
514	9.007906
515	6.935118
516	8.502841
517	8.065691
518	5.814692
519	7.863509
520	7.407418
521	7.255153
522	8.349113
523	7.360883
524	7.466866
525	8.271378
526	7.748381
527	7.184948
528	7.400775
529	6.795710
530	6.007435
531	5.858275
532	4.827610
533	5.803121
534	6.950480
535	7.459423
536	7.543647
537	5.900516
538	9.359198
539	7.479398
540	7.039781
541	6.653157
542	6.712450
543	6.553130
544	6.076292
545	5.845501
546	5.869087
547	7.911773
548	7.572951
549	6.972447
550	6.711410
551	7.791131
552	6.674365
553	7.625032
554	7.600482
555	8.174069
556	7.527819
557	7.298042
558	6.980678
559	7.030505
560	6.942364
561	7.449040
562	8.676440
563	8.549211
564	10.640339
565	7.361538
566	7.214959
567	8.636400
568	8.003601
569	7.036394
570	6.921158
571	8.268285
572	8.444937
573	8.705070
574	8.764956
575	4.541429
576	5.798353
577	4.120413
578	4.554856
579	4.486111
580	4.724498
581	4.094090
582	4.176883
583	4.399856
584	4.352757
585	4.570548
586	3.996237
587	4.061108
588	4.297361
589	4.651644
590	3.910051
591	8.345747
592	8.441092
593	9.718681
594	9.270539
595	6.898079
596	6.995674
597	8.260919
598	8.144096
599	7.577240
600	7.073428
601	8.500494
602	7.277653
603	8.557709
604	7.313767
605	7.433418
606	7.189776
607	9.185262
608	7.654678
609	8.103358
610	8.074655
611	8.461165
612	7.845190
613	10.158331
614	9.357147
615	10.221034
616	5.953561
617	6.280526
618	5.872998
619	8.555164
620	10.279559
621	9.464310
622	8.889740
623	9.612062
624	9.909579
625	9.640441
626	10.167388
627	9.672379
628	10.931816
629	9.554660
630	9.099461
631	9.351712
632	10.780974
633	7.375181
634	6.872387
635	9.720381
636	9.608089
637	10.096009
638	10.335933
639	9.458167
640	8.928565
641	9.456563
642	10.196774
643	10.081632
644	9.233467
645	8.198151
646	8.793708
647	8.369057
648	8.459037
649	9.034124
650	9.339986
651	8.736688
652	8.616820
653	8.792776
654	10.297519
655	9.563082
656	9.512445
657	8.568523
658	5.949908
659	6.750889
660	6.643815
661	6.580212
662	7.229647
663	8.825895
664	8.880114
665	10.582347
666	9.873243
667	9.918447
668	10.168515
669	10.753478
670	9.289570
671	9.417101
672	8.214584
673	8.963624
674	8.863516
675	9.583656
676	8.842927
677	9.348767
678	9.257635
679	9.172860
680	6.218441
681	9.170856
682	8.602873
683	7.692549
684	8.296529
685	9.057582
686	8.946697
687	9.249049
688	8.911750
689	10.301783
690	8.882648
691	9.045724
692	9.995605
693	9.550821
694	8.644588
695	7.844698
696	9.117505
697	9.793154
698	8.423918
699	8.360464
700	8.864565
701	8.097907
702	9.291098
703	10.250976
704	9.266699
705	9.506898
706	10.480776
707	7.927825
708	9.766298
709	10.994953
710	10.782382
711	10.263674
712	9.756792
713	9.825399
714	10.385500
715	9.605003
716	9.053806
717	9.027102
718	8.121797
719	9.410958
720	5.939639
721	7.094315
722	9.548158
723	9.607266
724	9.321109
725	8.634887
726	8.404605
727	9.981009
728	8.513865
729	8.593134
730	8.358266
731	9.192050
732	8.239590
733	10.133338
734	6.523053
735	9.399644
736	10.566199
737	10.157732
738	9.862662
739	9.726354
740	8.665893
741	8.899381
742	8.698305
743	9.089114
744	10.424284
745	8.644079
746	9.624496
747	8.609559
748	9.141790
749	10.255563
750	11.486418
751	7.986514
752	7.953325
753	9.673745
754	9.536748
755	8.627565
756	8.005123
757	10.530290
758	9.122542
759	9.723497
760	8.981208
761	7.888557
762	7.697002
763	9.583497
764	7.784621
765	9.720935
766	8.284585
767	8.839968
768	9.159447
769	9.188067
770	10.398720
771	7.999901
772	9.679604
773	9.417673
774	8.254614
775	9.279464
776	9.526851
777	9.401913
778	9.182704
779	9.960290
780	9.141865
781	9.567030
782	10.448890
783	9.312970
784	9.100863
785	9.530861
786	9.278694
787	9.580819
788	8.975331
789	9.578758
790	9.399497
791	8.906071
792	8.419224
793	9.351412
794	9.282708
795	9.513372
796	8.665338
797	10.521530
798	9.718036
799	9.963393
800	9.913652
801	9.765859
802	7.953453
803	6.457973
804	6.910456
805	8.727118
806	9.348041
807	8.715149
808	9.713544
809	8.603863
810	8.788568
811	8.497537
812	8.645080
813	8.511356
814	8.541378
815	9.644405
816	9.882433
817	8.566967
818	8.625567
819	8.766009
820	10.359003
821	8.845443
822	9.323432
823	9.240958
824	10.666304
825	9.663941
826	8.791212
827	9.256150
828	8.359273
829	8.565901
830	8.075351
831	8.293529
832	7.823396
833	7.955557
834	8.407401
835	8.231148
836	8.582129
837	8.408032
838	6.212677
839	6.064404
840	8.747647
841	7.140811
842	8.257780
843	8.175881
844	8.624351
845	8.849150
846	8.689534
847	8.046774
848	7.976022
849	8.460208
850	7.712646
851	7.511078
852	7.984294
853	8.276199
854	8.016194
855	8.448716
856	7.874080
857	8.118685
858	7.791166
859	9.684205
860	7.413897
861	6.944704
862	8.977877
863	8.588650
864	9.225081
865	9.095113
866	8.838596
867	8.908250
868	7.820243
869	9.330394
870	8.652706
871	7.403893
872	7.345898
873	6.875011
874	6.560480
875	7.682331
876	8.539606
877	8.099718
878	7.037771
879	9.257518
880	6.945626
881	9.573970
882	9.490763
883	8.333985
884	7.248401
885	6.959355
886	9.128666
887	6.613605
888	6.521557
889	5.590142
890	6.500956
891	6.295753
892	5.547148
893	5.401822
894	5.011284
895	5.452264
896	6.030327
897	5.196854
898	6.308291
899	5.802428
900	7.219847
901	5.654541
902	5.888006
903	5.464742
904	5.741692
905	5.433909
906	5.512332
907	6.332172
908	6.919621
909	6.145745
910	5.517250
911	5.602887
912	6.617639
913	6.245203
914	5.717671
915	6.644613
916	8.333673
917	6.884264
918	7.677043
919	6.709798
920	6.182726
921	6.554647
922	6.073664
923	6.575789
924	7.002785
925	6.611845
926	6.545287
927	6.729795
928	6.943024
929	6.924119
930	6.786727
931	6.230591
932	6.448222
933	6.755303
934	5.560885
935	6.887037
936	6.910265
937	7.112141
938	6.510365
939	6.724146
940	6.714084
941	6.659796
942	6.913293
943	6.637339
944	7.312474
945	6.728363
946	6.594326
947	6.716159
948	6.921072
949	7.304183
950	7.239106
951	6.275730
952	7.049989
953	5.638137
954	6.190626
955	6.861583
956	5.919272
957	5.901736
958	5.729026
959	6.502553
960	6.753972
961	7.001787
962	6.270806
963	7.572031
964	5.627237
965	6.487201
966	6.718623
967	6.552379
968	6.562318
969	6.624221
970	5.812002
971	6.521520
972	7.105752
973	6.538052
974	6.878685
975	6.826133
976	6.680373
977	6.497669
978	6.882622
979	6.355909
980	6.468516
981	6.532428
982	6.907134
983	5.933666
984	7.369165
985	6.801183
986	6.733394
987	6.272698
988	5.999893
989	6.205459
990	6.307790
991	6.773489
992	6.640888
993	6.134768
994	6.258162
995	6.603792
996	7.133713
997	5.844545
998	6.397977
999	7.313088
1000	5.574776
1001	4.272328
1002	6.425268
1003	6.067485
1004	6.788178
1005	6.849450
1006	6.910733
1007	6.611060
1008	6.939572
1009	6.026119
1010	6.406320
1011	5.461463
1012	6.572859
1013	6.568419
1014	7.504304
1015	6.464702
1016	6.641882
1017	5.894624
1018	6.053514
1019	6.459498
1020	5.247190
1021	6.005839
1022	7.072320
1023	6.411972
1024	6.293298
1025	7.155340
1026	5.766992
1027	4.988840
1028	6.777824
1029	6.711551
1030	5.739042
1031	5.410987
1032	5.294610
1033	7.601091
1034	7.280619
1035	5.843919
1036	6.323186
1037	4.922652
1038	6.666999
1039	5.913044
1040	6.646410
1041	6.376345
1042	4.759603
1043	4.402668
1044	4.699372
1045	6.184844
1046	6.184949
1047	4.943501
1048	4.954321
1049	5.498663
1050	5.824596
1051	6.258922
1052	4.638978
1053	5.386250
1054	6.129308
1055	5.967854
1056	5.284826
1057	5.322444
1058	6.532081
1059	6.126026
1060	5.126509
1061	5.888008
1062	6.273906
1063	7.535603
1064	6.470254
1065	6.840103
1066	6.814248
1067	7.168605
1068	6.648827
1069	7.072276
1070	6.614733
1071	5.442654
1072	5.297792
1073	5.825366
1074	6.461957
1075	6.455113
1076	6.489661
1077	6.804709
1078	7.109521
1079	6.503786
1080	6.730928
1081	6.259368
1082	6.661238
1083	2.651810
1084	2.729872
1085	2.466738
1086	1.944453
1087	4.575564
1088	2.386061
1089	2.232175
1090	2.167696
1091	2.014967
1092	4.482655
1093	5.194496
1094	4.652248
1095	6.628434
1096	5.239103
1097	5.832889
1098	6.286365
1099	5.360402
1100	5.443988
1101	6.847488
1102	4.881290
1103	4.951455
1104	5.504697
1105	6.100073
1106	6.406108
1107	6.829241
1108	3.620689
1109	5.562023
1110	6.248207
1111	7.225461
1112	2.650074
1113	2.858130
1114	2.039657
1115	2.191870
1116	2.549055
1117	2.356713
1118	3.097566
1119	2.796673
1120	2.113125
1121	6.686210
1122	6.008374
1123	6.061180
1124	6.677843
1125	6.013083
1126	6.007304
1127	4.824440
1128	5.823522
1129	6.344455
1130	5.523644
1131	2.067293
1132	3.923749
1133	4.114171
1134	5.493357
1135	6.132038
1136	5.606550
1137	6.334943
1138	4.653642
1139	6.074236
1140	5.735301
1141	3.984243
1142	3.903459
1143	3.835037
1144	1.997524
1145	3.946253
1146	3.549731
1147	2.598175
1148	3.088866
1149	7.230053
1150	7.153530
1151	5.921175
1152	7.551835
1153	6.198846
1154	8.218449
1155	8.480026
1156	7.915534
1157	8.798800
1158	8.961662
1159	7.058741
1160	7.124160
1161	7.603401
1162	8.350625
1163	7.680560
1164	7.969080
1165	8.531758
1166	7.345836
1167	7.650484
1168	8.358572
1169	8.178686
1170	9.234398
1171	7.535799
1172	6.519786
1173	7.678218
1174	7.473557
1175	9.498178
1176	8.949474
1177	8.475858
1178	7.820040
1179	8.660612
1180	8.619628
1181	8.240472
1182	8.260902
1183	6.991485
1184	8.437491
1185	8.127619
1186	7.749949
1187	8.949490
1188	8.226722
1189	8.821441
1190	8.110851
1191	8.108829
1192	7.544748
1193	7.744476
1194	7.903093
1195	10.131869
1196	9.442279
1197	9.050934
1198	6.375470
1199	6.277691
1200	6.072117
1201	5.213290
1202	5.638271
1203	5.661784
1204	4.414635
1205	5.720986
1206	5.473088
1207	5.446006
1208	5.529792
1209	6.002815
1210	5.159507
1211	7.870338
1212	6.000749
1213	5.507285
1214	5.443925
1215	5.497245
1216	5.602295
1217	5.487159
1218	5.349998
1219	5.481297
1220	5.439750
1221	6.107084
1222	8.733777
1223	8.555941
1224	8.034406
1225	8.768515
1226	8.927205
1227	8.878593
1228	8.949295
1229	8.929870
1230	9.019123
1231	8.088568
1232	9.294545
1233	8.889709
1234	9.151029
1235	9.058753
1236	9.199075
1237	9.076505
1238	9.223635
1239	9.057178
1240	9.795401
1241	8.614172
1242	8.857885
1243	9.331518
1244	5.272980
1245	8.999310
1246	8.826550
1247	9.461871
1248	9.171267
1249	8.767873
1250	8.493407
1251	9.243477
1252	8.825483
1253	9.188094
1254	9.065111
1255	9.171272
1256	8.714025
1257	9.045946
1258	9.119993
1259	9.310645
1260	9.019970
1261	8.409822
1262	9.213597
1263	8.793647
1264	7.933279
1265	7.394009
1266	6.973572
1267	8.078979
1268	7.525127
1269	8.027135
1270	9.764616
1271	8.162315
1272	7.840523
1273	8.064124
1274	9.549581
1275	7.513401
1276	9.294699
1277	8.153111
1278	8.630335
1279	8.735818
1280	9.284987
1281	8.237412
1282	9.242299
1283	8.197691
1284	8.462621
1285	8.623831
1286	9.800615
1287	8.624496
1288	8.161426
1289	8.595609
1290	9.059612
1291	8.893204
1292	8.997235
1293	9.191650
1294	8.882956
1295	8.917768
1296	8.553842
1297	8.613771
1298	8.383101
1299	9.733273
1300	8.847715
1301	8.076147
1302	8.720676
1303	8.649835
1304	6.659230
1305	6.603589
1306	6.867273
1307	6.471427
1308	7.245559
1309	7.131682
1310	7.107306
1311	7.334285
1312	7.028662
1313	6.603377
1314	6.594141
1315	6.965379
1316	6.666895
1317	6.865165
1318	6.737443
1319	6.429501
1320	6.387302
1321	7.117009
1322	7.094406
1323	6.310950
1324	6.830973
1325	7.218296
1326	6.832440
1327	5.433829
1328	5.189565
1329	6.608305
1330	7.261606
1331	6.822563
1332	7.135518
1333	3.089029
1334	3.241190
1335	2.072629
1336	2.806453
1337	2.238281
1338	1.892801
1339	3.360268
1340	3.673607
1341	3.891350
1342	5.672715
1343	7.689420
1344	5.808520
1345	6.210326
1346	6.028872
1347	6.039720
1348	6.011024
1349	5.653285
1350	7.236726
1351	7.452286
1352	7.051484
1353	5.983076
1354	6.254432
1355	7.870216
1356	6.409749
1357	6.708419
1358	6.038494
1359	8.307981
1360	6.721911
1361	7.468208
1362	6.416682
1363	7.246083
1364	7.009856
1365	6.012894
1366	5.930895
1367	6.779591
1368	3.757701
1369	5.960111
1370	3.587046
1371	3.217157
1372	3.689416
1373	3.243995
1374	3.831933
1375	4.177366
1376	3.358469
1377	3.510714
1378	3.786962
1379	3.479009
1380	3.738167
1381	5.635502
1382	6.937207
1383	3.384109
1384	5.585464
1385	6.341592
1386	5.322606
1387	6.574421
1388	7.238912
1389	5.846974
1390	6.108819
1391	7.406682
1392	6.749414
1393	6.260376
1394	6.688325
1395	7.207590
1396	6.997686
1397	6.290728
1398	6.822512
1399	2.283292
1400	2.057629
1401	7.591349
1402	6.518891
1403	6.700466
1404	6.471395
1405	6.933843
1406	6.439515
1407	6.348181
1408	6.930612
1409	6.695242
1410	7.255832
1411	6.333344
1412	6.650488
1413	7.228445
1414	6.763666
1415	6.413876
1416	7.011814
1417	7.457412
1418	7.830969
1419	6.873145
1420	6.893715
1421	7.018627
1422	6.696037
1423	6.663283
1424	6.905280
1425	7.183018
1426	6.690561
1427	7.103871
1428	7.326993
1429	7.063551
1430	5.938627
1431	6.454045
1432	6.980673
1433	6.524792
1434	6.176842
1435	6.515288
1436	7.378304
1437	6.633975
1438	6.366741
1439	6.479368
1440	6.770973
1441	7.161745
1442	6.848496
1443	6.749505
1444	6.910651
1445	5.991877
1446	5.701134
1447	5.779488
1448	7.913082
1449	6.703321
1450	5.717507
1451	5.330743
1452	5.475159
1453	6.178270
1454	6.139822
1455	6.500477
1456	5.790249
1457	6.098929
1458	6.203562
1459	5.341733
1460	4.858952
1461	6.863971
1462	6.470011
1463	6.593163
1464	7.282153
1465	6.764126
1466	6.825283
1467	7.097533
1468	8.075524
1469	7.422956
1470	6.756546
1471	6.492063
1472	7.148302
1473	6.829123
1474	7.172355
1475	6.970430
1476	6.747417
1477	6.045740
1478	6.139584
1479	6.369278
1480	6.646059
1481	6.584623
1482	7.024699
1483	6.200546
1484	6.494489
1485	7.051088
1486	5.908557
1487	6.769852
1488	5.945973
1489	5.285538
1490	4.400476
1491	5.566554
1492	5.244531
1493	5.589015
1494	6.223938
1495	5.959432
1496	6.633031
1497	5.363811
1498	5.451797
1499	5.395166
1500	6.034178
1501	6.191851
1502	7.286623
1503	5.987304
1504	6.979472
1505	6.054625
1506	6.255754
1507	7.326023
1508	7.729172
1509	5.977466
1510	5.381626
1511	5.597456
1512	7.353673
1513	6.540403
1514	6.533072
1515	4.769014
1516	5.085382
1517	5.287426
1518	5.510005
1519	5.169226
1520	5.835298
1521	6.718885
1522	3.524059
1523	3.622679
1524	4.863753
1525	5.652381
1526	3.680611
1527	3.566804
1528	3.764373
1529	3.685241
1530	3.037071
1531	3.249320
1532	3.389542
1533	3.025970
1534	3.134581
1535	3.604121
1536	3.546574
1537	3.109695
1538	3.515028
1539	3.511270
1540	3.606396
1541	3.027241
1542	3.479828
1543	3.526813
1544	3.411334
1545	4.169055
1546	3.573807
1547	3.760758
1548	3.381868
1549	4.545615
1550	5.186618
1551	7.715846
1552	6.722574
1553	6.500610
1554	7.790514
1555	7.791808
1556	6.536734
1557	6.602555
1558	6.037282
1559	7.121082
1560	4.239339
1561	6.505531
1562	5.233333
1563	3.384761
1564	2.948305
1565	4.797188
1566	4.184663
1567	4.067986
1568	5.771256
1569	3.748029
1570	3.777643
1571	4.025423
1572	5.023635
1573	3.770382
1574	6.766454
1575	8.454660
1576	5.610607
1577	5.481248
1578	5.034890
1579	6.518535
1580	5.304015
1581	8.211947
1582	5.021520
1583	5.686556
1584	4.800685
1585	7.443359
1586	5.711557
1587	6.348211
1588	5.860647
1589	6.589831
1590	3.884095
1591	5.438187
1592	6.068982
1593	6.171728
1594	5.086797
1595	5.078633
1596	6.511384
1597	4.882061
1598	7.014717
1599	7.547379
1600	4.340699
1601	7.246815
1602	6.028317
1603	5.715121
1604	2.951373
1605	7.159067
1606	5.968291
1607	4.602616
1608	5.123719
1609	4.187385
1610	4.960623
1611	5.162927
1612	3.929456
1613	5.351505
1614	4.822994
1615	7.348705
1616	5.873485
1617	6.118639
1618	6.955342
1619	6.829218
1620	7.082721
1621	9.188766
1622	5.203005
1623	5.115422
1624	6.496290
1625	3.937204
1626	5.386005
1627	4.779479
1628	4.178842
1629	3.451287
1630	5.441936
1631	5.909472
1632	6.212938
1633	6.992191
1634	6.977957
1635	4.713651
1636	6.362387
1637	6.356740
1638	6.516971
1639	6.199675
1640	5.734807
1641	5.505612
1642	6.299339
1643	5.086478
1644	4.853794
1645	7.091926
1646	6.555801
1647	7.050292
1648	5.890635
1649	3.486018
1650	7.326038
1651	6.395945
1652	6.036733
1653	5.639323
1654	6.170132
1655	7.618697
1656	6.269441
1657	8.145882
1658	8.756427
1659	9.281561
1660	9.042413
1661	9.094483
1662	6.950858
1663	6.756966
1664	7.135059
1665	6.107942
1666	8.902053
1667	6.289396
1668	6.538000
1669	10.297431
1670	8.188239
1671	6.610188
1672	5.650708
1673	6.910528
1674	9.183013
1675	9.114763
1676	8.820578
1677	9.078155
1678	7.616753
1679	8.741566
1680	8.379181
1681	8.456881
1682	7.793496
1683	10.243841
1684	8.962263
1685	10.104701
1686	8.209075
1687	6.023497
1688	7.740187
1689	8.807526
1690	8.577959
1691	9.308674
1692	9.521796
1693	8.413453
1694	9.246733
1695	9.359193
1696	9.171553
1697	9.447334
1698	10.213393
1699	9.015065
1700	9.101893
1701	10.364889
1702	9.669811
1703	9.908786
1704	8.722042
1705	9.368875
1706	9.429306
1707	8.965467
1708	9.652197
1709	10.764521
1710	9.493608
1711	8.658210
1712	7.379559
1713	7.332842
1714	10.491050
1715	9.457516
1716	8.991354
1717	10.466489
1718	9.476213
1719	8.490618
1720	9.863360
1721	10.242584
1722	9.304713
1723	9.121873
1724	10.085796
1725	9.665808
1726	10.001606
1727	9.533215
1728	9.732554
1729	9.186442
1730	9.896188
1731	10.318270
1732	9.940734
1733	9.732840
1734	9.186351
1735	9.659451
1736	9.705785
1737	10.521303
1738	9.926653
1739	10.564594
1740	8.664438
1741	8.832067
1742	7.966712
1743	9.235635
1744	9.135548
1745	8.579236
1746	9.788877
1747	9.269526
1748	7.137151
1749	7.535535
1750	6.681244
1751	7.735863
1752	6.944429
1753	6.559915
1754	7.169560
1755	6.938343
1756	8.116812
1757	8.779672
1758	10.040761
1759	8.772604
1760	9.521392
1761	8.817222
1762	9.153640
1763	9.705880
1764	8.645527
1765	9.739248
1766	9.704695
1767	9.317554
1768	9.870235
1769	9.542017
1770	9.011934
1771	8.664213
1772	8.719100
1773	10.146313
1774	10.616313
1775	7.383642
1776	7.177040
1777	7.963230
1778	8.309598
1779	8.029774
1780	7.631937
1781	7.325989
1782	7.708966
1783	7.747007
1784	8.919746
1785	7.570871
1786	7.921731
1787	8.382123
1788	7.194499
1789	8.290392
1790	7.008360
1791	7.660843
1792	7.933978
1793	7.742303
1794	8.240936
1795	6.962391
1796	7.103049
1797	6.867445
1798	6.353430
1799	6.542582
1800	6.086258
1801	8.036950
1802	8.016641
1803	8.508319
1804	7.635475
1805	6.546400
1806	6.652683
1807	9.076447
1808	7.630899
1809	7.291870
1810	8.639873
1811	9.441970
1812	9.264668
1813	8.004935
1814	6.896360
1815	8.839218
1816	8.072577
1817	8.467847
1818	9.091892
1819	7.664795
1820	9.403495
1821	8.367418
1822	9.700092
1823	7.760187
1824	7.632406
1825	6.885468
1826	7.985075
1827	8.634615
1828	7.572969
1829	7.972321
1830	6.607591
1831	7.205649
1832	7.401952
1833	7.747993
1834	8.159956
1835	8.381444
1836	7.492038
1837	8.621055
1838	8.412949
1839	7.583942
1840	7.744157
1841	8.813384
1842	5.994573
1843	5.524401
1844	5.236342
1845	6.168507
1846	5.560701
1847	5.678485
1848	5.781832
1849	6.002676
1850	6.724597
1851	5.811961
1852	8.138492
1853	7.473933
1854	7.526551
1855	7.580927
1856	8.320414
1857	6.616086
1858	7.015560
1859	6.972707
1860	8.392506
1861	7.126493
1862	8.558722
1863	7.716897
1864	8.733354
1865	8.134032
1866	9.228035
1867	8.409482
1868	7.684649
1869	8.380669
1870	7.237799
1871	7.905205
