0	6.062039
1	7.210070
2	6.474401
3	6.270191
4	6.117941
5	5.476366
6	5.993545
7	5.942644
8	5.374931
9	5.506242
10	6.468140
11	6.156671
12	6.612481
13	6.060540
14	7.244045
15	5.873791
16	5.859402
17	5.909526
18	6.813031
19	5.533615
20	6.224814
21	6.494195
22	5.980744
23	5.374439
24	7.456313
25	6.106268
26	6.387909
27	7.033505
28	6.651493
29	6.091256
30	6.552685
31	6.155918
32	6.401283
33	5.245046
34	6.561664
35	6.728179
36	6.844225
37	6.534913
38	6.522393
39	6.459452
40	6.334169
41	5.783500
42	6.593439
43	7.000101
44	6.026583
45	5.844808
46	7.058478
47	6.280077
48	5.638210
49	6.094281
50	6.449247
51	5.640080
52	5.897278
53	6.864095
54	6.438120
55	6.067118
56	7.589392
57	8.006922
58	7.848069
59	6.139985
60	6.723406
61	6.584936
62	6.230811
63	6.532969
64	4.728532
65	5.235377
66	6.163766
67	5.679515
68	5.263773
69	6.369890
70	5.966774
71	5.966447
72	6.180848
73	6.628228
74	5.927135
75	6.776680
76	6.088225
77	6.305656
78	6.212134
79	4.887105
80	6.762114
81	7.254626
82	6.558726
83	5.457736
84	7.045949
85	9.462248
86	7.933341
87	7.794954
88	5.916578
89	6.864765
90	6.473469
91	5.201769
92	5.648338
93	5.780875
94	5.291738
95	5.184294
96	4.841581
97	5.120409
98	3.080745
99	5.633478
100	7.810319
101	8.463459
102	9.220446
103	6.889361
104	9.535224
105	7.988757
106	7.468441
107	6.601683
108	10.824162
109	9.307328
110	9.347925
111	8.107405
112	8.977784
113	6.577759
114	4.827225
115	5.538817
116	3.605675
117	4.597651
118	3.767932
119	4.767485
120	5.641719
121	4.078296
122	5.193631
123	4.754397
124	5.363524
125	6.340110
126	5.876937
127	10.427923
128	9.023232
129	6.872422
130	6.415901
131	9.090968
132	10.102305
133	8.984955
134	6.786384
135	5.824707
136	5.174186
137	4.403464
138	4.645181
139	4.920945
140	4.228108
141	4.315206
142	6.218851
143	7.952485
144	5.910762
145	8.524588
146	8.732933
147	5.174843
148	6.208663
149	5.777474
150	4.877981
151	5.239676
152	8.203712
153	7.135130
154	5.572881
155	5.344846
156	6.008837
157	5.671033
158	7.101358
159	5.241480
160	5.170386
161	7.591218
162	7.239654
163	9.669337
164	8.523573
165	9.760017
166	9.681616
167	9.157851
168	5.258222
169	7.774530
170	8.579546
171	12.542449
172	10.689252
173	11.353000
174	10.867175
175	15.022665
176	14.097218
177	10.811794
178	12.355622
179	12.540910
180	11.583303
181	9.555072
182	7.923044
183	8.148237
184	8.411306
185	6.934456
186	11.986535
187	9.991804
188	11.852971
189	13.114711
190	6.544326
191	5.665907
192	7.088929
193	8.101864
194	7.801084
195	5.525314
196	5.448164
197	4.868520
198	5.277746
199	4.826820
200	3.501343
201	3.549113
202	5.656997
203	3.355398
204	3.670654
205	5.286915
206	7.641420
207	5.092633
208	4.576602
209	4.769184
210	9.510026
211	9.452917
212	7.592983
213	8.719662
214	6.780700
215	9.309777
216	8.450664
217	9.870021
218	7.464717
219	8.157924
220	6.112872
221	9.545345
222	9.564384
223	7.695377
224	8.151778
225	8.424913
226	8.230776
227	11.479506
228	18.106844
229	12.180400
230	12.483050
231	14.698795
232	14.545245
233	10.575678
234	17.235558
235	14.426042
236	13.278449
237	9.512326
238	13.670219
239	7.881225
240	8.927488
241	11.979803
242	10.412310
243	10.602899
244	9.084497
245	9.340772
246	9.938970
247	9.866881
248	10.261718
249	10.150072
250	14.385984
251	11.409682
252	11.840612
253	11.226260
254	14.377959
255	11.907636
256	13.764234
257	16.423388
258	13.104437
259	15.736134
260	16.647606
261	21.053057
262	16.478771
263	15.574047
264	14.302426
265	10.435795
266	10.307764
267	16.649494
268	18.393373
269	17.943615
270	17.980278
271	19.809183
272	17.770981
273	20.129299
274	18.672291
275	17.042496
276	17.989956
277	18.429609
278	16.815512
279	17.601059
280	16.026323
281	14.927805
282	15.173558
283	16.735619
284	16.889736
285	17.242470
286	18.063831
287	19.562965
288	20.627678
289	18.110731
290	17.746166
291	14.865577
292	16.453806
293	13.628122
294	11.555823
295	13.270679
296	12.789348
297	8.671759
298	8.832805
299	8.109875
300	6.271720
301	8.807552
302	8.879943
303	9.268654
304	8.495910
305	8.453765
306	6.582569
307	8.154767
308	8.776999
309	7.913438
310	8.702172
311	15.363717
312	11.793062
313	13.734953
314	11.312086
315	11.975341
316	15.781245
317	10.439320
318	14.053823
319	12.246293
320	13.500253
321	14.569221
322	13.054152
323	9.134128
324	14.820141
325	11.194583
326	12.517499
327	12.253952
328	9.271793
329	9.363379
330	9.660583
331	9.305556
332	10.419242
333	8.944438
334	8.962421
335	8.775431
336	8.577287
337	9.493904
338	9.203626
339	8.529702
340	8.863308
341	8.559959
342	8.240504
343	9.054440
344	7.832907
345	13.773427
346	15.485392
347	15.234349
348	14.186532
349	17.630985
350	15.551130
351	21.867718
352	16.591410
353	17.299749
354	13.330105
355	14.282530
356	18.457270
357	16.741783
358	15.671033
359	13.346289
360	7.605267
361	8.707112
362	4.358946
363	4.960707
364	6.537300
365	7.298619
366	6.451674
367	4.390956
368	5.044335
369	8.718192
370	9.514655
371	7.353301
372	4.824583
373	8.320871
374	8.427537
375	9.682364
376	7.049319
377	7.527741
378	8.361970
379	5.960655
380	8.406104
381	8.766007
382	12.993056
383	17.474695
384	17.307899
385	16.884228
386	15.348431
387	16.045691
388	16.255993
389	15.383213
390	11.939101
391	11.814240
392	12.087055
393	15.118748
394	11.334247
395	10.621531
396	8.738512
397	9.885854
398	12.471892
399	13.002396
400	12.288631
401	10.420969
402	10.590079
403	12.922233
404	14.709208
405	14.799102
406	14.065322
407	16.347408
408	15.064947
409	15.606187
410	15.620232
411	14.442528
412	14.367150
413	15.078482
414	16.080654
415	14.470688
416	15.709325
417	14.689451
418	15.070336
419	16.439857
420	15.637281
421	15.108136
422	16.562578
423	17.978512
424	16.651585
425	18.141548
426	15.571681
427	16.782810
428	16.979792
429	16.562380
430	16.912300
431	17.400545
432	14.122787
433	15.327178
434	15.298116
435	14.154083
436	15.914989
437	15.782195
438	14.018091
439	16.255692
440	15.332765
441	15.324265
442	14.849280
443	14.373525
444	13.333881
445	8.795334
446	12.307833
447	12.777800
448	14.577741
449	12.217195
450	12.508389
451	10.297092
452	10.137011
453	11.866567
454	11.242126
455	10.142433
456	12.896130
457	12.720444
458	13.232936
459	11.789819
460	12.144615
461	11.586138
462	12.988627
463	13.155205
464	12.998851
465	11.217186
466	10.835729
467	10.538718
468	10.675556
469	11.080204
470	9.936992
471	10.815530
472	11.982299
473	10.897858
474	10.944557
475	11.105900
476	10.815136
477	11.366174
478	11.642039
479	10.202374
480	10.519507
481	10.880158
482	11.821680
483	11.561418
484	12.089537
485	11.073044
486	10.646552
487	11.636992
488	10.461228
489	10.978220
490	12.363722
491	10.050135
492	12.397960
493	11.269942
494	10.878558
495	11.553825
496	12.160980
497	11.219791
498	11.754929
499	9.528809
500	10.761128
501	10.364608
502	10.297445
503	9.130730
504	9.406520
505	10.322921
506	11.002655
507	10.161899
508	10.253400
509	10.523312
510	9.833399
511	8.605243
512	10.872475
513	9.912068
514	10.522080
515	11.183578
516	10.645313
517	11.035315
518	11.097974
519	10.010754
520	10.176917
521	11.059243
522	11.444478
523	10.264547
524	10.930593
525	11.206323
526	11.370314
527	10.862914
528	10.816229
529	10.919016
530	10.192413
531	11.177611
532	10.581270
533	10.797898
534	11.190536
535	11.193202
536	10.620707
537	11.454885
538	11.188807
539	10.950592
540	11.183063
541	11.068709
542	11.357338
543	9.853689
544	10.381469
545	11.229786
546	11.592661
547	10.952356
548	11.094818
549	10.512498
550	11.007915
551	10.646375
552	10.124412
553	11.220794
554	10.447594
555	11.184417
556	10.851736
557	10.939845
558	11.025579
559	11.324749
560	11.160874
561	11.197080
562	11.866376
563	9.967437
564	10.408741
565	10.038711
566	10.275818
567	10.624636
568	11.021848
569	10.670843
570	9.361897
571	10.947235
572	10.938015
573	11.311983
574	10.052532
575	9.535450
576	8.355076
577	8.612346
578	8.488256
579	9.638965
580	8.691979
581	8.714568
582	9.963892
583	10.120595
584	10.490934
585	7.870312
586	7.779159
587	9.921214
588	9.380396
589	9.027637
590	8.634216
591	8.408686
592	9.008946
593	8.834733
594	10.681523
595	10.508464
596	8.139791
597	9.408554
598	11.554501
599	8.384683
600	8.495470
601	7.475915
602	8.825610
603	9.714865
604	10.424450
605	7.882727
606	10.436683
607	9.579092
608	8.727046
609	9.370619
610	10.095366
611	10.317776
612	8.815438
613	9.593173
614	10.670659
615	12.723163
616	15.089119
617	12.244499
618	12.470118
619	14.211437
620	13.642013
621	14.474640
622	14.975264
623	12.237069
624	11.218138
625	14.058250
626	13.414831
627	12.565771
628	9.944365
629	14.386925
630	11.987862
631	10.022745
632	11.297531
633	14.003533
634	13.183805
635	12.132861
636	10.642871
637	14.565302
638	14.454488
639	13.434264
640	12.665979
641	13.233596
642	11.213328
643	13.980954
644	16.058355
645	12.977424
646	15.301814
647	12.504097
648	11.284786
649	8.297726
650	8.144433
651	8.282368
652	7.291714
653	8.145367
654	8.083699
655	7.103366
656	9.075332
657	7.538137
658	9.982812
659	8.922645
660	9.246178
661	10.114193
662	8.363850
663	10.038297
664	9.290113
665	11.802359
666	9.310279
667	8.523902
668	8.822091
669	9.860106
670	9.729939
671	10.812629
672	8.842206
673	9.165071
674	7.921068
675	9.817657
676	10.393136
677	9.877316
678	11.310636
679	9.867291
680	9.794594
681	10.303386
682	8.988942
683	9.075169
684	8.922475
685	9.188090
686	9.395238
687	9.093740
688	8.456800
689	10.218465
690	13.025549
691	9.888988
692	13.554463
693	14.476511
694	10.156063
695	12.808008
696	14.095429
697	12.540857
698	13.653166
699	13.343571
700	20.769226
701	19.824492
702	20.063004
703	19.152718
704	20.752016
705	20.294527
706	22.081831
707	21.179157
708	22.259966
709	20.696783
710	19.500849
711	20.177616
712	20.118036
713	22.344854
714	22.005718
715	22.714849
716	23.549234
717	20.946083
718	21.534893
719	21.344135
720	22.235411
721	19.932777
722	20.170734
723	21.122559
724	21.366997
725	21.241400
726	22.279516
727	20.251431
728	20.433475
729	20.781351
730	20.188488
731	19.721100
732	21.252283
733	19.480444
734	21.448359
735	23.808870
736	24.275074
737	22.863237
738	17.008383
739	21.539888
740	17.827002
741	16.906055
742	19.172846
743	21.187691
744	19.276529
745	19.849554
746	20.392054
747	19.882202
748	19.167040
749	19.454605
750	22.146488
751	22.237879
752	20.759716
753	21.290216
754	18.926298
755	18.361315
756	18.618305
757	18.654789
758	19.893740
759	19.474588
760	19.272612
761	19.472401
762	19.490887
763	19.918255
764	19.453672
765	19.078739
766	19.676943
767	18.814898
768	20.243803
769	20.348690
770	22.962400
771	21.280678
772	19.717941
773	23.201008
774	24.757042
775	21.692858
776	24.244648
777	24.749491
778	22.036875
779	25.442801
780	21.878988
781	19.925005
782	22.833677
783	21.284845
784	20.916391
785	25.185246
786	20.481865
787	26.503555
788	20.027796
789	21.218744
790	21.780533
791	20.025129
792	23.628614
793	22.149054
794	21.359844
795	22.255560
796	18.158379
797	20.406477
798	20.094383
799	17.483717
800	16.334051
801	21.861649
802	21.578344
803	22.516937
804	21.965284
805	22.339554
806	22.599201
807	23.005232
808	24.056402
809	21.829405
810	21.710936
811	23.018162
812	21.652739
813	23.319658
814	26.474237
815	25.003866
816	21.986876
817	22.448898
818	24.898224
819	21.414768
820	23.984503
821	23.571697
822	22.105820
823	24.957373
824	25.810415
825	24.392012
826	22.498207
827	21.198965
828	23.534012
829	20.848577
830	20.444826
831	21.772577
832	21.439999
833	21.784374
834	19.047091
835	20.695772
836	19.729345
837	25.944614
838	21.362623
839	25.443567
840	20.893425
841	29.247095
842	24.497404
843	23.082293
844	21.932964
845	22.085201
846	24.962296
847	24.088100
848	21.520311
849	26.414862
850	25.402889
851	20.564734
852	18.341673
853	22.472960
854	24.246458
855	24.691261
856	25.326273
857	25.096554
858	23.102285
859	20.284765
860	25.104746
861	25.826082
862	21.542448
863	19.480316
864	20.980284
865	20.449284
866	22.894787
867	26.247826
868	25.490595
869	23.443314
870	25.848928
871	19.999132
872	22.326925
873	22.445011
874	22.072594
875	18.338116
876	23.561682
877	23.287462
878	22.920015
879	23.253807
880	20.614714
881	23.020359
882	20.660851
883	19.090324
884	18.403891
885	18.945517
886	23.117048
887	22.271166
888	22.903765
889	25.923323
890	20.666901
891	21.936382
892	23.668789
893	18.164492
894	18.841511
895	19.147772
896	21.220802
897	21.517368
898	21.936279
899	19.883720
900	22.229624
901	20.560585
902	24.823168
903	20.175894
904	20.457678
905	27.503729
906	20.756849
907	23.586643
908	20.498260
909	26.445265
910	23.081308
911	24.689548
912	18.653698
913	24.410316
914	27.722374
915	25.559599
916	24.538675
917	25.261070
918	25.252188
919	25.754585
920	20.157602
921	21.708424
922	18.703096
923	21.276258
924	23.105246
925	22.599773
926	24.547981
927	21.279238
928	23.638050
929	28.107468
930	22.469860
931	27.487909
932	24.078543
933	21.878544
934	24.960102
935	26.431810
936	21.738039
937	24.033588
938	23.826696
939	22.863075
940	25.918100
941	29.301224
942	26.784050
943	23.820257
944	24.814432
945	23.826571
946	24.783421
947	21.481937
948	26.792501
949	22.244228
950	20.517466
951	22.595640
952	24.524830
953	24.006004
954	23.252085
955	23.886595
956	27.051249
957	23.908964
958	22.264996
959	22.347647
960	20.571390
961	22.840189
962	25.093681
963	28.275547
964	24.253654
965	19.791199
966	21.878603
967	22.629402
968	24.108332
969	20.549086
970	23.473938
971	26.356150
972	21.953627
973	20.395668
974	21.028040
975	23.611336
976	25.361601
977	19.328638
978	21.255180
979	24.752825
980	23.481371
981	22.995781
982	21.818333
983	24.552816
984	23.821938
985	21.973095
986	24.012476
987	21.504951
988	22.154301
989	19.529997
990	27.129997
991	25.355330
992	26.717535
993	23.167934
994	21.886808
995	21.184309
996	21.354944
997	22.687090
998	24.268013
999	25.255787
1000	24.315445
1001	26.190346
1002	21.995781
1003	23.095907
1004	22.191614
1005	24.452286
1006	24.895987
1007	20.603195
1008	23.594460
1009	17.383184
1010	19.380676
1011	16.678297
1012	13.703814
1013	14.174240
1014	11.888435
1015	12.801255
1016	16.866144
1017	20.678738
1018	23.692059
1019	26.821878
1020	23.621735
1021	19.717941
1022	20.264250
1023	21.791143
1024	22.544424
1025	27.486340
1026	26.811468
1027	26.201777
1028	26.156185
1029	28.824163
1030	28.053356
1031	28.629219
1032	27.624605
1033	29.210220
1034	26.831512
1035	27.444672
1036	27.927792
1037	27.381994
1038	27.239645
1039	25.765186
1040	26.903486
1041	27.338207
1042	26.992735
1043	26.313694
1044	26.227638
1045	27.979904
1046	27.503056
1047	29.110128
1048	30.081831
1049	28.276136
1050	29.588871
1051	28.392878
1052	28.011391
1053	28.364281
1054	28.121296
1055	28.123621
1056	26.285076
1057	29.584768
1058	31.302637
1059	31.309513
1060	30.070953
1061	30.311417
1062	30.056120
1063	30.185928
1064	30.082535
1065	29.722937
1066	27.596659
1067	29.529882
1068	30.549000
1069	29.130180
1070	28.366688
1071	29.046299
1072	28.965059
1073	29.835571
1074	28.936892
1075	29.647856
1076	29.679783
1077	30.817947
1078	28.358181
1079	27.816957
1080	28.837564
1081	30.728973
1082	30.610678
1083	29.999969
1084	29.647491
1085	30.075485
1086	30.268827
1087	29.480467
1088	30.148319
1089	27.102585
1090	29.320749
1091	29.859022
1092	29.378450
1093	29.109945
1094	29.686962
1095	29.090828
1096	30.091951
1097	30.479187
1098	29.390724
1099	29.775272
1100	29.128832
1101	29.028381
1102	28.318827
1103	28.407974
1104	29.026386
1105	28.835676
1106	29.585812
1107	30.083979
1108	29.264982
1109	29.349422
1110	28.331440
1111	28.328253
1112	30.845535
1113	26.071867
1114	28.344200
1115	28.888988
1116	28.387257
1117	28.777792
1118	28.707117
1119	29.891104
1120	29.631588
1121	29.727972
1122	29.851135
1123	29.667496
1124	28.894030
1125	29.095310
1126	29.173458
1127	29.972044
1128	29.335749
1129	29.563881
1130	30.106979
1131	28.638430
1132	28.705339
1133	29.671909
1134	30.157202
1135	29.998455
1136	30.269672
1137	28.717632
1138	29.937342
1139	29.517601
1140	30.887245
1141	30.075029
1142	29.314188
1143	28.436638
1144	29.470303
1145	28.841139
1146	29.674360
1147	29.544621
1148	28.860559
1149	30.999920
1150	29.723492
1151	30.618551
1152	29.490627
1153	30.952555
1154	30.560135
1155	29.351316
1156	29.831692
1157	29.443027
1158	29.836540
1159	30.331358
1160	30.007296
1161	29.345703
1162	29.066492
1163	28.457188
1164	28.320042
1165	30.456404
1166	30.153133
1167	31.698772
1168	30.660673
1169	31.216640
1170	30.023350
1171	30.378157
1172	30.178913
1173	31.579964
1174	30.611439
1175	29.632183
1176	29.849951
1177	29.075750
1178	29.510027
1179	29.479383
1180	29.891315
1181	29.467823
1182	29.559183
1183	29.863829
1184	30.856541
1185	30.202333
1186	29.018867
1187	29.440754
1188	28.787312
1189	30.419514
1190	29.889633
1191	30.634678
1192	27.938837
1193	30.427877
1194	29.867764
1195	29.016819
1196	28.470320
1197	30.364946
1198	29.681875
1199	29.269354
1200	30.053030
1201	29.518793
1202	28.375753
1203	29.264202
1204	32.404083
1205	31.899607
1206	27.791080
1207	30.794355
1208	30.692135
1209	30.794769
1210	30.789888
1211	31.257622
1212	32.066723
1213	31.109032
1214	32.211147
1215	31.334578
1216	30.416067
1217	30.120443
1218	31.520439
1219	31.060669
1220	29.932249
1221	31.610350
1222	29.721624
1223	29.775486
1224	30.449825
1225	31.021418
1226	30.845289
1227	30.050339
1228	30.710281
1229	28.638052
1230	30.112410
1231	28.079082
1232	29.870588
1233	28.844376
1234	30.731504
1235	30.325239
1236	30.182838
1237	31.563217
1238	28.594921
1239	28.774389
1240	29.129686
1241	28.982122
1242	30.895338
1243	30.429001
1244	30.210827
1245	29.552662
1246	29.824713
1247	29.296682
1248	29.837782
1249	29.088455
1250	28.931194
1251	29.334339
1252	29.673346
1253	30.224255
1254	29.020224
1255	29.527018
1256	28.994162
1257	28.390982
1258	28.889509
1259	30.020674
1260	29.038286
1261	28.724281
1262	29.132484
1263	30.210112
1264	29.574471
1265	30.077211
1266	29.573620
1267	30.225052
1268	28.597750
1269	29.562260
1270	29.590393
1271	30.780640
1272	32.393562
1273	31.190023
1274	30.248955
1275	29.561901
1276	30.003199
1277	31.233200
1278	31.552261
1279	31.717896
1280	31.297714
1281	29.769009
1282	31.387911
1283	31.192173
1284	32.084118
1285	31.072899
1286	31.934187
1287	31.929174
1288	31.148451
1289	30.762724
1290	30.295841
1291	30.302670
1292	29.307316
1293	30.708139
1294	31.883825
1295	32.441448
1296	33.079025
1297	33.511662
1298	31.119097
1299	31.696701
1300	32.493298
1301	30.492617
1302	31.680176
1303	31.015688
1304	29.808262
1305	30.907934
1306	32.368176
1307	31.479479
1308	30.801603
1309	30.423887
1310	31.450979
1311	29.725208
1312	30.144478
1313	31.319971
1314	31.247490
1315	29.703323
1316	29.557293
1317	29.737394
1318	30.618950
1319	29.649158
1320	31.241550
1321	28.959057
1322	29.665457
1323	28.563387
1324	29.412899
1325	30.470421
1326	28.237457
1327	29.009163
1328	29.623833
1329	28.313869
1330	28.825649
1331	28.953590
1332	30.108532
1333	28.874739
1334	29.557030
1335	27.843769
1336	30.152325
1337	30.343452
1338	29.159931
1339	29.293482
1340	29.754372
1341	27.644878
1342	28.984533
1343	28.267584
1344	29.756699
1345	29.591537
1346	26.836891
1347	29.152498
1348	28.653149
1349	29.112015
1350	29.460964
1351	29.604240
1352	31.171459
1353	33.546162
1354	32.694172
1355	33.583019
1356	33.895958
1357	32.291302
1358	32.978096
1359	33.508842
1360	32.707184
1361	33.042454
1362	33.555351
1363	35.127453
1364	34.177113
1365	32.377796
1366	31.752552
1367	31.839163
1368	33.031582
1369	32.562565
1370	33.886593
1371	32.140347
1372	32.632332
1373	31.914286
1374	33.701862
1375	32.641895
1376	33.339928
1377	32.914253
1378	31.625330
1379	32.554131
1380	33.120583
1381	33.266880
1382	33.409958
1383	33.476360
1384	34.283531
1385	32.333031
1386	32.142117
1387	33.655197
1388	31.861576
1389	32.974236
1390	32.495663
1391	31.240574
1392	33.308132
1393	33.006344
1394	32.598045
1395	32.920399
1396	33.324451
1397	31.532932
1398	32.687016
1399	32.147125
1400	33.405685
1401	32.537762
1402	33.337158
1403	33.681576
1404	32.889275
1405	33.049675
1406	32.250702
1407	33.334099
1408	32.599228
1409	32.348598
1410	32.404827
1411	32.795036
1412	33.818405
1413	32.950451
1414	32.397392
1415	34.733189
1416	34.021076
1417	31.573862
1418	31.346979
1419	33.193272
1420	32.771442
1421	32.524166
1422	32.689148
1423	32.808796
1424	31.521622
1425	33.974560
1426	33.849331
1427	32.469734
1428	34.006271
1429	32.141346
1430	33.135326
1431	30.385361
1432	33.500603
1433	33.259487
1434	32.602123
1435	32.518307
1436	32.014439
1437	32.074284
1438	33.788151
1439	34.851849
1440	32.995518
1441	35.815041
1442	32.492260
1443	33.327808
1444	32.273781
1445	33.889492
1446	32.965092
1447	32.752785
1448	32.379112
1449	33.615494
1450	33.377468
1451	30.755819
1452	32.568279
1453	31.896563
1454	32.507996
1455	32.647327
1456	33.013081
1457	32.851788
1458	33.433033
1459	30.669022
1460	29.571306
1461	29.048853
1462	27.228230
1463	30.185991
1464	29.898573
1465	32.496910
1466	30.792877
1467	30.844055
1468	31.193607
1469	29.689415
1470	31.993580
1471	29.590979
1472	30.241079
1473	30.518854
1474	31.816420
1475	31.998053
1476	30.928722
1477	31.384890
1478	31.541649
1479	31.549160
1480	31.117271
1481	31.074471
1482	29.873358
1483	30.218569
1484	32.954014
1485	33.049179
1486	31.802353
1487	30.740644
1488	32.658123
1489	30.222500
1490	31.774578
1491	33.023243
1492	32.724632
1493	32.920605
1494	32.862053
1495	32.384045
1496	31.166931
1497	33.314590
1498	32.985218
1499	32.187489
1500	32.667244
1501	33.437500
1502	33.028126
1503	33.639874
1504	33.191353
1505	33.524136
1506	33.147442
1507	33.780857
1508	32.486477
1509	32.448986
1510	32.861320
1511	33.503853
1512	32.961311
1513	34.605217
1514	33.707600
1515	33.117214
1516	33.790455
1517	33.144894
1518	32.709145
1519	33.309807
1520	32.739925
1521	32.994934
1522	32.537380
1523	33.400028
1524	30.780998
1525	30.850185
1526	32.802059
1527	30.508821
1528	30.987167
1529	31.780491
1530	30.519825
1531	27.223448
1532	24.042631
1533	24.096691
1534	25.208815
1535	25.653545
1536	23.955444
1537	24.839319
1538	26.357481
1539	24.129332
1540	24.756924
1541	24.343405
1542	24.286520
1543	23.770346
1544	24.802681
1545	25.328222
1546	23.367550
1547	22.871889
1548	24.441507
1549	22.287579
1550	24.821873
1551	24.984480
1552	25.495176
1553	27.266363
1554	28.640564
1555	24.220797
1556	25.323389
1557	23.716637
1558	22.836834
1559	23.148319
1560	22.737164
1561	25.968412
1562	24.998699
1563	24.694395
1564	24.184210
1565	25.771538
1566	27.542927
1567	24.956919
1568	25.811531
1569	24.289801
1570	24.997776
1571	24.115536
1572	23.411121
1573	24.809694
1574	24.967430
1575	26.480810
1576	25.294641
1577	26.901476
1578	23.928215
1579	25.387125
1580	23.674944
1581	24.821646
1582	28.211737
1583	23.723194
1584	24.486132
1585	25.324236
1586	25.217932
1587	24.913027
1588	26.517076
1589	23.814451
1590	25.057938
1591	25.179424
1592	23.138676
1593	24.344553
1594	23.637417
1595	25.185778
1596	25.260841
1597	24.498409
1598	24.473351
1599	24.793056
1600	26.510126
1601	24.091713
1602	26.772417
1603	24.060883
1604	24.845446
1605	26.115004
1606	27.570440
1607	27.987844
1608	27.928555
1609	30.427805
1610	26.747494
1611	29.704298
1612	28.374773
1613	27.107185
1614	26.191956
1615	26.277826
1616	27.239189
1617	28.317019
1618	26.915400
1619	27.700146
1620	27.652382
1621	26.424097
1622	26.323307
1623	27.160980
1624	27.118029
1625	26.799719
1626	26.586950
1627	26.792105
1628	26.105137
1629	24.606348
1630	25.543705
1631	25.786915
1632	25.204273
1633	25.944073
1634	26.259878
1635	25.887960
1636	25.744545
1637	25.475452
1638	25.322006
1639	26.367926
1640	26.207878
1641	25.715992
1642	26.382849
1643	25.594790
1644	26.211014
1645	25.289709
1646	24.804831
1647	26.098324
1648	25.982101
1649	24.944574
1650	27.726717
1651	27.187584
1652	26.058996
1653	25.456305
1654	23.971546
1655	26.286278
1656	24.604795
1657	23.487328
1658	24.914207
1659	26.798998
1660	23.831825
1661	26.396198
1662	25.090416
1663	25.253809
1664	24.791199
1665	25.566179
1666	25.054939
1667	25.496929
1668	26.320152
1669	26.669594
1670	24.548365
1671	24.966139
1672	24.677053
1673	25.510202
1674	26.204201
1675	27.187216
1676	29.723848
1677	26.713186
1678	27.790344
1679	28.206772
1680	26.296192
1681	24.348480
1682	24.549994
1683	24.621271
1684	25.789492
1685	29.795572
1686	31.098980
1687	29.508919
1688	24.863209
1689	26.255865
1690	28.003859
1691	27.973398
1692	27.991137
1693	27.440296
1694	27.678226
1695	26.572983
1696	26.132193
1697	26.252127
1698	28.974724
1699	27.168592
1700	28.844324
1701	28.702185
1702	29.135029
1703	31.220535
1704	29.957052
1705	27.915010
1706	26.394970
1707	26.555578
1708	24.987667
1709	23.969868
1710	26.886091
1711	28.476490
1712	24.921772
1713	24.973608
1714	24.958652
1715	26.389420
1716	25.787979
1717	29.093195
1718	25.503084
1719	32.608597
1720	30.313438
1721	25.090614
1722	33.226955
1723	29.845203
1724	28.232994
1725	26.667351
1726	26.916418
1727	26.667019
1728	28.522194
1729	27.060747
1730	29.138031
1731	28.112309
1732	29.860081
1733	30.383085
1734	29.816429
1735	26.986588
1736	27.933886
1737	27.722042
1738	27.968632
1739	28.378592
1740	27.713133
1741	27.077749
1742	27.322060
1743	26.459681
1744	27.041857
1745	27.299740
1746	26.664619
1747	26.458044
1748	25.197271
1749	26.606747
1750	25.213737
1751	26.003624
1752	22.807001
1753	21.963505
1754	22.667742
1755	24.316641
1756	24.334892
1757	22.967014
1758	25.214664
1759	23.256432
1760	23.731165
1761	26.292709
1762	25.338324
1763	25.396984
1764	26.522047
1765	27.197229
1766	25.404863
1767	28.566545
1768	24.103460
1769	26.458220
1770	26.135296
1771	24.434071
1772	24.155796
1773	24.426800
1774	22.882057
1775	23.649668
1776	24.123116
1777	23.484091
1778	24.173975
1779	22.775854
1780	24.206884
1781	23.514753
1782	23.400951
1783	23.758636
1784	22.836571
1785	24.261049
1786	25.897556
1787	24.507212
1788	23.547398
1789	23.343163
1790	24.178066
1791	26.902887
1792	25.477173
0	6.191591
1	8.351322
2	10.258529
3	9.076375
4	7.518351
5	8.131010
6	10.024551
7	7.223440
8	6.742611
9	8.173042
10	8.375160
11	8.541107
12	7.995437
13	8.362595
14	8.161139
15	8.409333
16	9.783174
17	8.535852
18	8.541258
19	9.125328
20	8.714796
21	8.819196
22	10.615874
23	10.209461
24	10.948886
25	11.853327
26	12.083432
27	11.408972
28	12.983909
29	10.919930
30	11.701605
31	11.790137
32	10.647352
33	12.234333
34	11.546607
35	10.573349
36	11.442679
37	12.277565
38	13.196005
39	11.414314
40	10.991650
41	11.448748
42	10.929250
43	8.527248
44	11.239217
45	12.350733
46	11.813025
47	10.823330
48	13.369743
49	11.933486
50	11.000560
51	11.543344
52	10.247663
53	10.429214
54	10.391675
55	10.112902
56	10.736391
57	8.787634
58	5.245464
59	4.693463
60	5.930717
61	4.564932
62	5.449010
63	6.007337
64	3.975375
65	4.858014
66	5.364373
67	4.325655
68	4.815276
69	4.011060
70	3.950392
71	5.245961
72	4.531458
73	4.516313
74	5.180935
75	4.715444
76	5.740080
77	7.543070
78	8.176142
79	6.419665
80	4.548528
81	6.029503
82	6.447222
83	5.738196
84	7.884319
85	6.711371
86	6.098433
87	5.148843
88	4.818766
89	5.520371
90	6.104137
91	6.143271
92	5.792244
93	7.156909
94	6.912524
95	7.834467
96	9.004679
97	6.384590
98	8.437545
99	8.475140
100	7.480761
101	7.622373
102	9.408001
103	7.260145
104	7.008809
105	6.673604
106	7.181754
107	7.210277
108	6.905664
109	7.965715
110	7.263836
111	8.461946
112	7.130569
113	7.076229
114	7.401764
115	5.980586
116	5.447064
117	6.610876
118	9.749147
119	8.878801
120	7.229479
121	7.224384
122	5.733917
123	7.541364
124	7.308985
125	6.536592
126	6.793209
127	5.939610
128	8.288629
129	7.342623
130	10.080262
131	8.927338
132	7.027298
133	7.681184
134	8.712044
135	7.549768
136	7.347634
137	6.784708
138	6.726450
139	7.185689
140	7.146858
141	6.542364
142	7.401952
143	6.899871
144	8.421669
145	7.814687
146	7.086066
147	7.217045
148	6.968867
149	8.486729
150	8.427649
151	6.802539
152	7.044892
153	8.559728
154	7.445932
155	8.048635
156	8.442547
157	8.737482
158	6.983080
159	6.010432
160	5.969596
161	6.518198
162	7.131845
163	7.065616
164	7.345208
165	8.719800
166	7.078060
167	7.018562
168	7.730691
169	8.702302
170	8.906297
171	7.514372
172	8.535150
173	6.997121
174	7.240274
175	8.367496
176	7.261905
177	7.542267
178	7.948321
179	7.337227
180	7.389669
181	8.519865
182	8.088671
183	8.577538
184	7.857791
185	8.722550
186	7.301184
187	10.293792
188	7.451980
189	8.209686
190	9.408779
191	7.344228
192	7.003213
193	7.195260
194	6.934520
195	6.216703
196	7.458990
197	6.729599
198	7.061198
199	7.984768
200	7.628961
201	8.831623
202	7.209412
203	6.501494
204	7.248580
205	5.749417
206	5.104290
207	5.921715
208	5.579481
209	6.200839
210	7.194011
211	6.450490
212	5.675527
213	6.857551
214	7.252067
215	7.157837
216	7.114965
217	6.573553
218	7.304278
219	6.139771
220	5.493778
221	6.781325
222	8.999071
223	9.006665
224	8.576839
225	7.835770
226	6.722358
227	7.853508
228	6.706877
229	7.553635
230	6.454968
231	8.634489
232	9.081174
233	7.471231
234	7.676360
235	6.680187
236	7.615510
237	7.994936
238	7.689565
239	6.413025
240	6.972181
241	7.767375
242	8.476350
243	6.688303
244	8.331602
245	8.406171
246	8.397298
247	7.327081
248	8.327754
249	7.598065
250	7.486962
251	8.424161
252	8.101142
253	7.259435
254	8.392653
255	8.475548
256	7.946551
257	7.581026
258	6.845984
259	6.728358
260	6.783642
261	6.523642
262	7.114450
263	7.729632
264	7.401661
265	6.142149
266	6.231172
267	7.921168
268	9.904312
269	7.968319
270	6.721673
271	7.446193
272	5.577966
273	4.832609
274	4.801271
275	5.467266
276	4.958841
277	5.579149
278	4.366348
279	5.149504
280	4.205663
281	5.076012
282	4.747304
283	7.645874
284	8.325544
285	6.673746
286	7.097514
287	7.164052
288	6.281546
289	6.381898
290	8.655964
291	9.139064
292	10.285840
293	11.134775
294	5.846734
295	5.065275
296	5.645422
297	5.122158
298	5.563434
299	6.661096
300	4.249847
301	5.905777
302	5.431795
303	6.844749
304	5.834433
305	7.138108
306	4.933730
307	6.214925
308	5.663400
309	6.651639
310	5.707618
311	5.163003
312	3.679498
313	4.230769
314	4.487872
315	6.764068
316	6.108372
317	5.432468
318	7.011348
319	7.287544
320	3.944629
321	5.045731
322	5.514573
323	4.078603
324	6.597560
325	8.696070
326	7.801557
327	5.772557
328	5.280076
329	5.424169
330	5.000060
331	4.943896
332	4.395691
333	5.533181
334	5.417839
335	4.918627
336	5.547873
337	5.055236
338	6.292965
339	4.429505
340	6.481437
341	6.549052
342	4.833776
343	5.608974
344	5.199010
345	5.189393
346	6.239752
347	5.421540
348	5.045493
349	5.219273
350	5.446265
351	5.267761
352	4.373063
353	4.424261
354	6.118873
355	6.592699
356	5.397686
357	4.957953
358	4.189522
359	4.338849
360	6.333097
361	5.044899
362	5.918352
363	4.769434
364	5.363301
365	6.091026
366	5.265975
367	4.526378
368	4.759475
369	5.307674
370	5.689131
371	5.073589
372	5.167253
373	6.519157
374	4.550637
375	4.394109
376	6.011364
377	5.133528
378	5.160352
379	4.392622
380	6.064000
381	5.518930
382	4.600204
383	4.413230
384	4.944351
385	5.224386
386	4.551275
387	5.745798
388	5.882287
389	5.215189
390	4.633185
391	4.669914
392	5.893199
393	5.474944
394	4.470582
395	4.995247
396	3.950012
397	5.077204
398	4.531293
399	6.023298
400	6.615475
401	5.482780
402	5.351375
403	4.679755
404	4.987056
405	6.387191
406	7.088663
407	5.612352
408	4.977057
409	5.180125
410	6.207529
411	4.533796
412	4.629060
413	4.814960
414	4.569616
415	4.137741
416	4.962480
417	5.127677
418	5.090572
419	5.251946
420	4.939493
421	5.245664
422	4.985619
423	4.917103
424	5.144532
425	4.124197
426	5.208926
427	6.441963
428	6.527442
429	5.057362
430	4.958629
431	4.835681
432	4.378961
433	4.092688
434	5.390371
435	4.651892
436	5.243291
437	4.755355
438	4.978333
439	4.105958
440	5.089627
441	5.548287
442	5.571122
443	4.370641
444	4.285861
445	5.277320
446	5.490455
447	4.693529
448	4.107372
449	5.164736
450	4.801967
451	4.815693
452	4.325887
453	5.697666
454	4.493841
455	4.725136
456	4.649773
457	4.540638
458	4.189643
459	4.377739
460	5.609724
461	5.150349
462	5.069841
463	5.004937
464	4.937348
465	5.087297
466	4.122889
467	4.484975
468	4.250706
469	4.875337
470	3.935950
471	7.087234
472	6.186154
473	6.552602
474	6.758786
475	5.954066
476	6.939661
477	7.054255
478	6.725057
479	3.702890
480	3.932506
481	6.054725
482	5.125943
483	4.629093
484	4.599565
485	4.263062
486	5.274031
487	4.394429
488	5.970745
489	4.396123
490	6.121897
491	5.779811
492	7.463659
493	7.608870
494	7.083762
495	5.855895
496	5.022518
497	6.917631
498	6.197855
499	6.965995
500	6.540411
501	6.639760
502	7.849242
503	7.303725
504	7.743300
505	7.625489
506	7.477125
507	5.733968
508	6.339866
509	5.080689
510	4.854025
511	7.825726
512	6.821248
513	7.145250
514	5.696032
515	5.317305
516	6.678021
517	5.612077
518	6.063580
519	4.583220
520	6.708345
521	7.018610
522	7.328218
523	6.806330
524	5.452853
525	5.579696
526	6.103069
527	7.354382
528	5.453732
529	5.660135
530	5.299160
531	4.720646
532	4.823132
533	5.616485
534	5.571544
535	4.610803
536	5.132572
537	5.355259
538	4.994858
539	5.837971
540	4.282102
541	6.835042
542	5.586653
543	4.889836
544	4.820851
545	6.104842
546	5.578298
547	6.260679
548	5.553791
549	4.475590
550	5.375323
551	5.669674
552	5.913222
553	5.106115
554	5.669321
555	6.198501
556	4.526081
557	4.632763
558	5.845460
559	5.021962
560	5.366955
561	6.231340
562	6.202225
563	4.653096
564	6.076190
565	4.796634
566	4.156585
567	4.451191
568	4.813159
569	4.573948
570	5.704192
571	6.262036
572	4.420192
573	6.506105
574	6.867088
575	4.844388
576	5.030049
577	5.357359
578	4.969547
579	5.851410
580	5.082105
581	5.066814
582	4.588616
583	4.940830
584	5.942171
585	4.944087
586	4.802770
587	4.715814
588	5.320878
589	5.719220
590	5.797774
591	4.284743
592	4.997639
593	5.576818
594	5.249561
595	5.053929
596	6.952888
597	5.750826
598	5.599741
599	6.270805
600	6.921604
601	7.183794
602	6.223111
603	5.275244
604	5.328583
605	5.700228
606	5.447541
607	6.176751
608	6.126986
609	5.509727
610	5.750278
611	7.144186
612	7.529482
613	6.211191
614	5.491912
615	5.176978
616	5.216368
617	6.529940
618	5.540180
619	4.658809
620	4.551198
621	4.936182
622	6.243166
623	5.153739
624	5.169915
625	5.154115
626	5.719810
627	6.403309
628	5.870809
629	6.296392
630	6.950044
631	6.230264
632	7.104062
633	7.067495
634	5.922997
635	6.610643
636	5.895702
637	6.657221
638	7.529894
639	6.535610
640	4.623095
641	5.240008
642	5.066635
643	5.680326
644	5.785991
645	5.624357
646	6.247968
647	6.374057
648	7.325661
649	6.882231
650	5.700457
651	6.359819
652	6.735116
653	6.047288
654	6.534378
655	3.521264
656	6.292670
657	4.659840
658	6.918447
659	5.779767
660	6.061047
661	6.160820
662	5.898321
663	6.349189
664	6.453758
665	6.573318
666	6.909967
667	6.852700
668	6.141551
669	4.735050
670	5.827683
671	5.466024
672	5.666331
673	5.400285
674	5.265795
675	5.019901
676	6.132087
677	7.053305
678	5.507976
679	5.176301
680	6.717634
681	6.658597
682	6.883080
683	6.173532
684	6.953259
685	5.428535
686	4.991803
687	6.600038
688	7.288964
689	6.203942
690	6.314562
691	7.487783
692	7.365229
693	7.180382
694	7.049724
695	4.967937
696	5.478449
697	4.837054
698	5.252713
699	4.195248
700	5.723522
701	7.295093
702	6.417048
703	4.113648
704	5.339344
705	4.568424
706	4.186717
707	4.446594
708	4.872135
709	5.033071
710	4.941478
711	6.344694
712	5.513921
713	5.933704
714	6.087783
715	7.236028
716	6.797036
717	4.327517
718	5.747426
719	4.577391
720	5.320545
721	4.213158
722	4.825143
723	4.948546
724	6.217411
725	4.729450
726	6.045453
727	4.695807
728	4.946090
729	5.402601
730	6.197636
731	5.729625
732	6.152219
733	5.963824
734	4.794528
735	5.392040
736	7.821541
737	5.661810
738	4.657188
739	5.325486
740	5.960085
741	4.893935
742	6.408908
743	4.734818
744	6.692900
745	4.695647
746	6.988863
747	4.789937
748	5.499172
749	4.958962
750	5.957759
751	4.900337
752	4.865028
753	5.369022
754	6.370698
755	5.421457
756	6.983617
757	5.351009
758	6.317358
759	6.687973
760	6.102787
761	6.396463
762	5.768380
763	4.550220
764	6.702962
765	6.452333
766	5.416133
767	6.124537
768	5.905302
769	7.064476
770	6.881642
771	5.654644
772	6.162086
773	7.051205
774	6.420825
775	5.703797
776	6.146945
777	6.461406
778	5.993846
779	4.987995
780	5.993355
781	5.442554
782	6.192794
783	5.374086
784	4.189821
785	5.595568
786	5.936030
787	6.060803
788	5.374105
789	4.902344
790	7.202229
791	7.581768
792	7.114891
793	6.032934
794	6.847729
795	6.708711
796	5.132739
797	6.074010
798	6.629238
799	6.924009
800	4.877345
801	6.449574
802	5.612325
803	5.351121
804	6.298461
805	6.599439
806	5.851991
807	7.149820
808	6.042400
809	5.497631
810	5.797354
811	6.173023
812	5.187836
813	5.816097
814	5.857465
815	4.931377
816	7.619094
817	6.621021
818	5.207206
819	6.278766
820	5.693251
821	6.894738
822	5.140448
823	5.736532
824	6.854669
825	5.152019
826	7.259235
827	5.172708
828	5.391104
829	5.615986
830	6.991631
831	6.825702
832	7.644011
833	7.140522
834	7.363625
835	5.114069
836	6.466111
837	5.580851
838	5.235924
839	5.487267
840	6.209267
841	5.745050
842	5.176765
843	7.058938
844	7.061840
845	8.269178
846	3.889203
847	4.568917
848	6.152747
849	4.469027
850	7.020752
851	6.448416
852	8.079464
853	6.542811
854	7.258933
855	6.910079
856	6.643358
857	6.072759
858	6.780037
859	6.044724
860	4.889040
861	4.075647
862	6.819172
863	6.395201
864	7.040605
865	6.984026
866	7.056077
867	5.080311
868	5.648017
869	4.791930
870	3.735050
871	4.937023
872	4.660484
873	5.764382
874	5.583457
875	6.197710
876	4.799397
877	4.619416
878	6.440195
879	4.364790
880	5.241927
881	5.340749
882	6.266977
883	5.565277
884	5.298539
885	6.605710
886	5.690484
887	5.773768
888	4.447527
889	6.652886
890	6.726815
891	6.308407
892	6.313501
893	4.824791
894	5.141809
895	6.410389
896	6.412308
897	6.466259
898	6.197137
899	6.214853
900	7.164102
901	6.304648
902	4.788289
903	4.702308
904	7.153390
905	6.775021
906	5.865187
907	6.279777
908	7.386393
909	4.599195
910	6.215449
911	6.604521
912	6.469814
913	5.669780
914	7.466538
915	6.969476
916	5.876283
917	6.946718
918	5.476759
919	4.418268
920	5.592459
921	5.229580
922	6.667708
923	4.279778
924	5.224462
925	4.426161
926	4.842210
927	4.221007
928	4.249282
929	5.078002
930	5.417906
931	4.624598
932	5.033736
933	5.959664
934	4.111168
935	6.293917
936	6.139552
937	8.802306
938	4.537840
939	5.001050
940	5.259515
941	7.345277
942	5.182355
943	5.510209
944	4.939525
945	5.478376
946	5.647310
947	5.203854
948	5.777838
949	6.104277
950	6.200264
951	4.198059
952	6.211755
953	5.790095
954	7.037684
955	6.506557
956	6.799258
957	5.381859
958	6.507572
959	4.736730
960	5.952856
961	5.335109
962	6.060833
963	5.664681
964	6.280837
965	6.464929
966	5.879957
967	5.957768
968	5.884922
969	5.633694
970	4.175044
971	4.384757
972	5.085116
973	4.928802
974	4.908085
975	4.910285
976	4.541596
977	5.549820
978	5.783978
979	5.830094
980	4.813507
981	5.968963
982	6.674055
983	5.918362
984	5.193383
985	4.383344
986	5.137558
987	5.550171
988	5.195933
989	6.438401
990	7.886406
991	8.129483
992	7.587009
993	7.606576
994	7.851350
995	7.236919
996	7.306716
997	8.297837
998	7.573090
999	6.200363
1000	7.535376
1001	8.529173
1002	7.457855
1003	7.448845
1004	7.412885
1005	5.671940
1006	8.012947
1007	6.250192
1008	6.963203
1009	5.618620
1010	7.108150
1011	6.023764
1012	6.238477
1013	7.549801
1014	4.852515
1015	4.977761
1016	5.992778
1017	7.661740
1018	6.491425
1019	7.072030
1020	7.513753
1021	6.558143
1022	6.704879
1023	6.717991
1024	7.682421
1025	7.715238
1026	6.183218
1027	6.816672
1028	5.742099
1029	5.792221
1030	4.463474
1031	5.921707
1032	7.755682
1033	7.333826
1034	6.922290
1035	7.554509
1036	8.146358
1037	7.807810
1038	8.422916
1039	7.192538
1040	7.420701
1041	6.399859
1042	6.360551
1043	5.997674
1044	7.306559
1045	4.549351
1046	3.897603
1047	5.419318
1048	8.136639
1049	6.543898
1050	5.265682
1051	5.837217
1052	4.968923
1053	4.618333
1054	5.605471
1055	6.144120
1056	4.873941
1057	4.386035
1058	4.469821
1059	4.546735
1060	4.247293
1061	4.191741
1062	4.770680
1063	5.821907
1064	5.140972
1065	5.656802
1066	7.234272
1067	5.637357
1068	5.842722
1069	4.280314
1070	4.563541
1071	5.249466
1072	6.721116
1073	6.465369
1074	6.041572
1075	4.734406
1076	7.864285
1077	6.732688
1078	4.957801
1079	5.692355
1080	4.646901
1081	4.426319
1082	5.307316
1083	5.535132
1084	4.668586
1085	5.946738
1086	6.257611
1087	7.505783
1088	5.964973
1089	5.313992
1090	5.391039
1091	5.132455
1092	6.902208
1093	4.759843
1094	5.750687
1095	4.730106
1096	6.212777
1097	5.335813
1098	5.404721
1099	5.498318
1100	5.194209
1101	4.899366
1102	6.238210
1103	6.174948
1104	4.837914
1105	4.269204
1106	4.767820
1107	4.287786
1108	4.868450
1109	4.754196
1110	4.182034
1111	5.381803
1112	4.552848
1113	4.427133
1114	10.208126
1115	10.310098
1116	11.214798
1117	10.720676
1118	8.441623
1119	10.315917
1120	8.252979
1121	11.923244
1122	8.605616
1123	8.536652
1124	10.017279
1125	9.533068
1126	10.720680
1127	9.013692
1128	10.026052
1129	9.795061
1130	10.743634
1131	9.926248
1132	10.695769
1133	10.147581
1134	10.928282
1135	9.895041
1136	11.572096
1137	9.838987
1138	9.019169
1139	7.983993
1140	6.871994
1141	7.200595
1142	6.750866
1143	6.910747
1144	7.799596
1145	4.539891
1146	4.257147
1147	4.145854
1148	3.470691
1149	9.254436
1150	10.219080
1151	13.261471
1152	13.687022
1153	14.453793
1154	14.388062
1155	12.770332
1156	13.607883
1157	12.798594
1158	15.373102
1159	13.730789
1160	14.900129
1161	13.482169
1162	13.382356
1163	13.520427
1164	14.711832
1165	14.148384
1166	12.043754
1167	13.046938
1168	13.225185
1169	14.399412
1170	12.828169
1171	11.467220
1172	9.033999
1173	9.530143
1174	9.745786
1175	11.260982
1176	11.585221
1177	11.917873
1178	10.677014
1179	11.189553
1180	11.251039
1181	9.823375
1182	10.215660
1183	10.281715
1184	12.163123
1185	9.065820
1186	11.247663
1187	11.314667
1188	9.816359
1189	10.513615
1190	8.677264
1191	9.261388
1192	9.538334
1193	10.678355
1194	6.798360
1195	4.854142
1196	4.673692
1197	5.321288
1198	4.919369
1199	6.124681
1200	5.097146
1201	6.022656
1202	5.571471
1203	5.632850
1204	5.953839
1205	6.064891
1206	5.336900
1207	6.609100
1208	5.783434
1209	6.611005
1210	5.517626
1211	4.898878
1212	5.287353
1213	5.626882
1214	4.343155
1215	7.652894
1216	7.256776
1217	6.305069
1218	6.957155
1219	6.023795
1220	6.907836
1221	5.390037
1222	6.399757
1223	5.717289
1224	5.265977
1225	6.770038
1226	5.514944
1227	5.656589
1228	5.725888
1229	6.077220
1230	6.269443
1231	5.999709
1232	7.598593
1233	8.669354
1234	7.656926
1235	8.112514
1236	7.680325
1237	7.341587
1238	7.276772
1239	7.797858
1240	5.692039
1241	4.941236
1242	6.531592
1243	5.529647
1244	5.781358
1245	5.778400
1246	7.140378
1247	7.196179
1248	7.367107
1249	6.496356
1250	5.429262
1251	6.543095
1252	6.580085
1253	6.077005
1254	6.175942
1255	4.633584
1256	6.842529
1257	5.905810
1258	5.874198
1259	5.772865
1260	6.045767
1261	6.740633
1262	8.532277
1263	5.759420
1264	6.830952
1265	7.615109
1266	6.738620
1267	7.087975
1268	6.487488
1269	7.922947
1270	6.688020
1271	7.056437
1272	7.077662
1273	6.267982
1274	6.407667
1275	6.918453
1276	6.014183
1277	5.662694
1278	6.608124
1279	5.183368
1280	6.080592
1281	4.671163
1282	4.836258
1283	5.242395
1284	5.071199
1285	5.598589
1286	4.668844
1287	5.102323
1288	6.438277
1289	5.700482
1290	6.017349
1291	4.882008
1292	5.140836
1293	4.479677
1294	4.891585
1295	5.790735
1296	6.657876
1297	5.964118
1298	4.614066
1299	6.187220
1300	5.947142
1301	5.361577
1302	5.963110
1303	4.875058
1304	5.397380
1305	4.937712
1306	6.433109
1307	5.103813
1308	4.937023
1309	4.947595
1310	5.196633
1311	5.208465
1312	5.727077
1313	4.916350
1314	4.915485
1315	4.933933
1316	4.400511
1317	5.539278
1318	4.533751
1319	3.806810
1320	5.357808
1321	7.288217
1322	5.903847
1323	5.451660
1324	4.989460
1325	4.939951
1326	4.697840
1327	5.709239
1328	4.622640
1329	6.424127
1330	5.653964
1331	5.120489
1332	5.143724
1333	5.292051
1334	5.108013
1335	5.347373
1336	5.257510
1337	4.910133
1338	4.708131
1339	4.677030
1340	4.695923
1341	4.876074
1342	5.118808
1343	4.384038
1344	4.695913
1345	4.635149
1346	4.889437
1347	5.357938
1348	5.033617
1349	5.036775
1350	4.615637
1351	5.119776
1352	5.554313
1353	6.844597
1354	6.067734
1355	5.836892
1356	4.971286
1357	4.401238
1358	4.556635
1359	4.779476
1360	5.068978
1361	4.388086
1362	5.579184
1363	5.290690
1364	4.896151
1365	5.180752
1366	5.687399
1367	4.607255
1368	5.293996
1369	6.745436
1370	5.774826
1371	4.766151
1372	4.867217
1373	4.730646
1374	6.380555
1375	6.450938
1376	5.943374
1377	5.430737
1378	4.850949
1379	4.797896
1380	6.480085
1381	5.522110
1382	5.703516
1383	5.912783
1384	7.041205
1385	6.568484
1386	4.953494
1387	4.258802
1388	5.640373
1389	5.143044
1390	5.385193
1391	4.896743
1392	5.549233
1393	4.740147
1394	6.005090
1395	3.804168
1396	4.699543
1397	4.881001
1398	5.322827
1399	5.709836
1400	4.867135
1401	4.441543
1402	5.622865
1403	5.029165
1404	4.301547
1405	4.987035
1406	4.760136
1407	5.985004
1408	4.673607
1409	6.141742
1410	5.182374
1411	5.648837
1412	4.511086
1413	4.180120
1414	4.493763
1415	5.298865
1416	6.864322
1417	4.075315
1418	4.435858
1419	4.924956
1420	4.645149
1421	4.812879
1422	4.726987
1423	4.934836
1424	4.548472
1425	6.260543
1426	4.535439
1427	4.895907
1428	4.685403
1429	5.738205
1430	4.177475
1431	5.150426
1432	5.361586
1433	4.660269
1434	6.087481
1435	5.058436
1436	4.692146
1437	4.673844
1438	4.631482
1439	4.940103
1440	5.525534
1441	4.528409
1442	4.999538
1443	4.736495
1444	4.870986
1445	5.812572
1446	5.520019
1447	4.986764
1448	4.362214
1449	4.994217
1450	5.868508
1451	5.687429
1452	7.013238
1453	5.476979
1454	5.303552
1455	5.343834
1456	5.946205
1457	5.016303
1458	4.823400
1459	5.603517
1460	4.559696
1461	4.983943
1462	5.882398
1463	5.233794
1464	4.437353
1465	4.984547
1466	5.590868
1467	4.816751
1468	4.922561
1469	5.324096
1470	4.586241
1471	4.584589
1472	4.135540
1473	5.330723
1474	5.142547
1475	5.044689
1476	4.506484
1477	6.436622
1478	5.221266
1479	6.054693
1480	5.228919
1481	5.262129
1482	4.953887
1483	6.805077
1484	4.813004
1485	4.253151
1486	4.934420
1487	5.101773
1488	4.866805
1489	5.066420
1490	4.070736
1491	6.470709
1492	5.117481
1493	5.253426
1494	4.060897
1495	5.125358
1496	3.804143
1497	4.707409
1498	5.262500
1499	3.654833
1500	4.847630
1501	4.885212
1502	4.832670
1503	6.314664
1504	4.804102
1505	5.078081
1506	4.917681
1507	4.986641
1508	5.923429
1509	6.382545
1510	5.478549
1511	4.475735
1512	5.331727
1513	5.068728
1514	3.750787
1515	5.456602
1516	3.413810
1517	5.143482
1518	5.232103
1519	6.705915
1520	6.543409
1521	6.622280
1522	7.604617
1523	6.188683
1524	5.450918
1525	4.512084
1526	6.223641
1527	6.710238
1528	6.443525
1529	5.416032
1530	5.917912
1531	5.645425
1532	7.343874
1533	5.849377
1534	5.758516
1535	6.586798
1536	6.381685
1537	6.647413
1538	5.649693
1539	6.286021
1540	5.335562
1541	4.280012
1542	5.177200
1543	4.745197
1544	3.932391
1545	5.345362
1546	5.148563
1547	4.976676
1548	4.081385
1549	4.718813
1550	6.308289
1551	6.641724
1552	4.772316
1553	6.608586
1554	5.983159
1555	6.803493
1556	7.038026
1557	7.389966
1558	7.788973
1559	7.185082
1560	5.279262
1561	6.334737
1562	5.290313
1563	6.978064
1564	4.494284
1565	5.381050
1566	4.983582
1567	4.256219
1568	5.405422
1569	5.097382
1570	5.139688
1571	5.305298
1572	4.165285
1573	6.710186
1574	4.722139
1575	4.097343
1576	6.622673
1577	4.402329
1578	5.588025
1579	4.131984
1580	5.142577
1581	4.490223
1582	6.156955
1583	5.848128
1584	4.747008
1585	4.822127
1586	5.110097
1587	4.242052
1588	5.531799
1589	5.031710
1590	5.863183
1591	5.564253
1592	5.419851
1593	5.917881
1594	5.498518
1595	7.176609
1596	5.964091
1597	5.576897
1598	7.250613
1599	7.149447
1600	6.860038
1601	5.311092
1602	5.338951
1603	5.956964
1604	6.314250
1605	6.379302
1606	6.580472
1607	5.902035
1608	4.227550
1609	5.086080
1610	7.045395
1611	5.168113
1612	5.079813
1613	5.444815
1614	4.765806
1615	4.887505
1616	5.292599
1617	4.663882
1618	4.660569
1619	6.247760
1620	4.143441
1621	5.289762
1622	5.968190
1623	6.420670
1624	5.738808
1625	4.492772
1626	6.401766
1627	6.380769
1628	6.147154
1629	6.541345
1630	6.638014
1631	5.880844
1632	5.816365
1633	7.363266
1634	6.749534
1635	5.291010
1636	6.185825
1637	6.356896
1638	6.643831
1639	6.257683
1640	6.245176
1641	6.638943
1642	5.708886
1643	7.782480
1644	5.733296
1645	6.041406
1646	7.818777
1647	6.411263
1648	7.334147
1649	6.654097
1650	6.121388
1651	6.703022
1652	6.683307
1653	5.537003
1654	6.558882
1655	6.504975
1656	6.555534
1657	6.258409
1658	6.410380
1659	7.442372
1660	6.572221
1661	7.334595
1662	5.364895
1663	4.789384
1664	6.105187
1665	5.298094
1666	6.694931
1667	6.222315
1668	6.255686
1669	6.011896
1670	4.257724
1671	5.236115
1672	4.507781
1673	4.870668
1674	6.807783
1675	7.161035
1676	4.391275
1677	4.370116
1678	4.746503
1679	4.513190
1680	4.959980
1681	4.862457
1682	5.146075
1683	4.118957
1684	4.156371
1685	5.048338
1686	4.882160
1687	5.733412
1688	7.427329
1689	7.568465
1690	6.990742
1691	8.176016
1692	6.517307
1693	6.921025
1694	6.135969
1695	6.069714
1696	6.779248
1697	10.122144
1698	4.721705
1699	7.012674
1700	6.070107
1701	4.499376
1702	3.978367
1703	7.347474
1704	6.975485
1705	5.923077
1706	6.331012
1707	5.775161
1708	6.485028
1709	6.218369
1710	6.296429
1711	4.482288
1712	7.062318
1713	5.691756
1714	5.129737
1715	6.030197
1716	5.724909
1717	4.699877
1718	6.945443
1719	5.035891
1720	6.294523
1721	5.675229
1722	7.133648
1723	5.144058
1724	6.192873
1725	6.330558
1726	6.095334
1727	5.844400
1728	7.704522
1729	6.595557
1730	6.416993
1731	6.462239
1732	6.525113
1733	7.519633
1734	6.633205
1735	6.292664
1736	6.291134
1737	5.857259
1738	6.483957
1739	6.601862
1740	5.311631
1741	6.895723
1742	5.852605
1743	5.351354
1744	5.036873
1745	6.234749
1746	7.391060
1747	6.451745
1748	5.167639
1749	6.391401
1750	5.365455
1751	5.838544
1752	6.354926
1753	5.146466
1754	6.033533
1755	5.889972
1756	6.682693
1757	5.228356
1758	6.483439
1759	6.053679
1760	5.685817
1761	6.855420
1762	5.060310
1763	5.271715
1764	5.621690
1765	5.604481
1766	5.632176
1767	6.185879
1768	4.781987
1769	6.072015
1770	5.370587
1771	6.072183
1772	5.445100
1773	6.351213
1774	6.012438
1775	6.685192
1776	5.358040
1777	7.136997
1778	11.205870
1779	9.334291
1780	8.817696
1781	10.579750
1782	9.872211
1783	7.505205
1784	6.263945
1785	8.019557
1786	7.372659
1787	7.404289
1788	8.263861
1789	7.485647
1790	6.581709
1791	5.933648
1792	5.996174
1793	5.974352
1794	6.177525
1795	6.431284
1796	5.422565
1797	7.239157
1798	5.834494
1799	6.010564
1800	6.452821
1801	7.134200
1802	6.997156
1803	6.540437
1804	5.604943
1805	4.958326
1806	4.337511
1807	5.047216
1808	7.109563
1809	5.979639
1810	9.487440
1811	8.651343
1812	8.230516
1813	9.006653
1814	7.067248
1815	8.257535
1816	9.922101
1817	9.459992
1818	9.349125
1819	8.708402
1820	9.480138
1821	9.018502
1822	9.733801
1823	10.616313
1824	5.831671
1825	7.934283
1826	5.002891
1827	4.444985
1828	5.639645
1829	6.956477
1830	5.830661
1831	5.181556
1832	4.582434
1833	4.675759
1834	4.299316
1835	3.740616
1836	4.814189
1837	4.856698
1838	4.423697
1839	4.297164
1840	4.852982
1841	5.757653
1842	5.273006
1843	4.824581
1844	5.934012
1845	7.192282
1846	6.254190
1847	4.727726
1848	5.433608
1849	3.754143
1850	4.652417
1851	4.688091
1852	6.382836
1853	5.996340
1854	5.675463
1855	4.070297
1856	4.534275
1857	4.622302
1858	3.606383
1859	5.216801
1860	5.257176
1861	4.412232
1862	4.430486
1863	5.186346
1864	5.247065
1865	4.143829
1866	5.364792
1867	4.894259
1868	3.976945
0	6.330853
1	8.633367
2	10.036947
3	9.060540
4	9.555442
5	10.098104
6	9.876061
7	9.983038
8	11.187205
9	10.501152
10	8.664248
11	9.941403
12	10.220467
13	9.909430
14	9.061179
15	8.490653
16	9.054613
17	8.208734
18	11.242635
19	9.423719
20	10.758965
21	9.895887
22	10.585296
23	10.767796
24	11.251248
25	9.061159
26	11.016902
27	10.955939
28	10.546284
29	9.803417
30	11.124523
31	10.504501
32	9.856805
33	7.150774
34	11.051285
35	10.734143
36	8.931634
37	6.091133
38	9.122745
39	12.311219
40	10.810037
41	11.782447
42	11.812529
43	9.120575
44	7.968652
45	6.984885
46	8.389201
47	7.183877
48	7.782346
49	7.242559
50	7.252758
51	7.813540
52	5.549244
53	6.359584
54	6.097973
55	7.315723
56	8.264338
57	4.797448
58	4.612776
59	4.724343
60	6.518005
61	9.001806
62	7.508700
63	6.805211
64	7.266327
65	7.764025
66	10.104049
67	9.415025
68	10.578302
69	11.379219
70	11.123984
71	11.540800
72	12.969460
73	12.526076
74	17.515213
75	10.320957
76	7.826753
77	10.191844
78	14.357718
79	16.811886
80	14.123949
81	14.436360
82	12.215090
83	15.953348
84	14.346084
85	13.254747
86	17.100790
87	15.359820
88	14.326109
89	12.571561
90	13.245692
91	11.065846
92	14.211843
93	15.143503
94	10.998259
95	15.204981
96	18.316858
97	16.047770
98	17.306662
99	16.859640
100	16.770475
101	18.396355
102	18.362312
103	15.477703
104	19.158613
105	12.735378
106	13.095594
107	11.506563
108	19.215302
109	18.339285
110	16.905451
111	16.794989
112	14.286858
113	12.879847
114	17.168362
115	15.023600
116	14.400462
117	15.197779
118	14.940525
119	15.791896
120	18.185822
121	17.640434
122	14.710850
123	17.437637
124	10.620216
125	15.638685
126	16.310263
127	15.480663
128	16.728695
129	16.502733
130	17.309906
131	17.081057
132	16.491512
133	16.829367
134	17.018095
135	18.263346
136	14.185112
137	17.656073
138	15.946841
139	16.938816
140	16.342148
141	15.177794
142	15.867356
143	15.284550
144	15.210135
145	15.229411
146	15.746078
147	14.409101
148	16.899897
149	18.405226
150	18.244579
151	17.178434
152	20.277292
153	20.914400
154	19.837088
155	17.009895
156	17.705801
157	18.231453
158	17.121567
159	17.511080
160	16.957020
161	16.532875
162	14.848267
163	15.998992
164	15.946708
165	16.699997
166	17.756208
167	17.273397
168	17.508881
169	17.330362
170	17.714066
171	15.827237
172	16.599121
173	15.949020
174	15.542153
175	16.897408
176	16.784708
177	18.101357
178	15.591234
179	15.545352
180	15.902876
181	16.099030
182	16.403351
183	16.516764
184	16.439764
185	18.314491
186	16.569777
187	15.183643
188	16.142221
189	16.965027
190	16.492966
191	17.607603
192	16.255598
193	17.502062
194	16.277058
195	14.792006
196	15.146808
197	13.446518
198	13.473689
199	12.459551
200	13.414286
201	15.988934
202	16.368633
203	13.188574
204	14.439952
205	12.762271
206	12.518779
207	13.874258
208	14.802627
209	14.874524
210	14.890418
211	14.447523
212	15.197250
213	15.720372
214	15.261196
215	13.715969
216	15.569495
217	14.063468
218	15.416048
219	14.397704
220	13.559128
221	15.285554
222	13.817354
223	14.066084
224	14.828578
225	16.163458
226	16.555088
227	17.073702
228	17.479448
229	16.498669
230	16.144003
231	17.325880
232	16.191122
233	16.045317
234	17.069687
235	16.079874
236	15.991884
237	16.619349
238	15.357829
239	15.552588
240	16.198553
241	14.877348
242	14.885411
243	16.281206
244	13.898002
245	14.099611
246	15.668518
247	17.019878
248	17.185335
249	16.636377
250	16.779572
251	16.622139
252	16.561575
253	18.293779
254	16.631025
255	16.225924
256	15.610107
257	15.460314
258	16.747263
259	16.184744
260	16.447527
261	16.969408
262	17.032969
263	15.541409
264	17.076004
265	15.469561
266	17.476408
267	15.547140
268	16.727545
269	18.588421
270	15.816848
271	16.624056
272	16.807863
273	17.125847
274	16.130846
275	15.154758
276	14.645724
277	15.116689
278	16.606388
279	17.444168
280	16.773457
281	15.556262
282	16.243900
283	15.660490
284	16.041599
285	16.490261
286	15.711280
287	17.160303
288	15.577295
289	16.299313
290	16.899374
291	17.823336
292	16.415241
293	15.291250
294	16.419638
295	16.249187
296	16.390741
297	15.912802
298	17.447670
299	16.753998
300	16.178955
301	16.172611
302	15.447993
303	15.126685
304	15.742433
305	17.105377
306	15.748373
307	16.608078
308	16.586592
309	15.869126
310	15.181114
311	15.853083
312	15.735097
313	15.259114
314	15.636386
315	15.497627
316	15.583076
317	18.031382
318	15.552715
319	17.509752
320	17.054987
321	15.798697
322	15.307086
323	15.816759
324	15.249228
325	15.660347
326	17.630365
327	18.204823
328	15.407297
329	15.997197
330	15.817093
331	15.186685
332	15.321801
333	15.253564
334	16.111017
335	15.811240
336	15.787346
337	16.144522
338	15.863452
339	14.689837
340	15.480174
341	15.582252
342	17.195940
343	15.202825
344	15.094042
345	15.404110
346	15.930777
347	15.500350
348	17.231464
349	15.329272
350	17.143538
351	15.858382
352	15.238735
353	16.169304
354	16.435776
355	15.570085
356	16.015249
357	16.213270
358	16.504318
359	17.768314
360	17.486149
361	16.091677
362	16.000929
363	15.886141
364	15.296375
365	16.392063
366	15.685618
367	15.771255
368	15.709275
369	16.387321
370	15.983860
371	15.670153
372	15.929982
373	15.503679
374	15.588502
375	15.830982
376	15.719714
377	15.880674
378	15.895598
379	16.345619
380	16.365793
381	15.947243
382	15.202214
383	15.326889
384	17.860081
385	16.203117
386	16.556492
387	16.449789
388	15.717186
389	16.012009
390	15.402899
391	16.265268
392	18.478495
393	17.990610
394	16.389011
395	17.525053
396	16.101896
397	17.959450
398	17.493275
399	18.530897
400	17.451160
401	16.452314
402	16.340168
403	15.985832
404	18.168806
405	17.913361
406	16.458157
407	16.066910
408	17.057278
409	15.950412
410	16.375536
411	16.725193
412	18.204079
413	15.525504
414	16.046507
415	17.624178
416	16.356777
417	16.122292
418	16.296019
419	16.176741
420	16.487362
421	16.248718
422	15.707652
423	15.653272
424	16.315176
425	16.348242
426	16.127621
427	16.338804
428	16.097654
429	15.689482
430	16.289181
431	15.874560
432	15.939404
433	15.819036
434	15.768722
435	15.177580
436	15.335567
437	14.730070
438	16.917685
439	15.740864
440	15.845055
441	16.591539
442	16.081152
443	18.446388
444	17.839254
445	17.091461
446	16.362476
447	18.795584
448	16.939436
449	16.695164
450	16.911373
451	16.655884
452	17.882294
453	16.013002
454	16.086771
455	18.131786
456	17.993618
457	16.627665
458	16.346928
459	17.388403
460	15.261427
461	16.856899
462	16.007874
463	15.564079
464	16.543041
465	16.198975
466	16.340445
467	15.503414
468	17.543482
469	15.802325
470	15.631216
471	17.999254
472	15.652851
473	16.032808
474	15.942200
475	16.670176
476	16.414450
477	15.835309
478	17.704140
479	16.095592
480	16.326576
481	16.822485
482	16.308260
483	18.265577
484	17.471752
485	17.697399
486	17.809734
487	17.693190
488	18.583036
489	16.317308
490	16.537062
491	15.646833
492	16.265354
493	16.233425
494	17.119650
495	16.952154
496	17.577227
497	16.522213
498	16.671230
499	16.190968
500	16.549059
501	15.898015
502	15.963214
503	17.104490
504	16.833586
505	18.908142
506	17.841606
507	18.153254
508	16.788343
509	17.873833
510	16.157682
511	17.963608
512	16.234537
513	17.943317
514	17.421621
515	17.802454
516	16.201456
517	18.201370
518	16.400576
519	16.882099
520	17.545794
521	17.946976
522	19.274797
523	17.021841
524	17.651047
525	17.384798
526	17.657507
527	16.463539
528	18.327553
529	16.584908
530	17.625814
531	16.181068
532	15.373253
533	16.165852
534	17.495815
535	17.401493
536	17.999788
537	15.652646
538	16.058220
539	16.676661
540	17.641403
541	18.823233
542	17.861921
543	17.921711
544	16.953846
545	16.095232
546	18.217489
547	18.112995
548	17.364004
549	18.013531
550	17.666227
551	17.977720
552	17.811888
553	17.965578
554	18.525915
555	18.164291
556	18.082127
557	17.878281
558	18.964930
559	15.418159
560	16.637625
561	15.910482
562	16.081133
563	15.908247
564	15.776148
565	18.399837
566	16.465435
567	17.921808
568	18.763416
569	17.688721
570	17.390385
571	17.861042
572	17.686453
573	17.861462
574	15.618031
575	15.921665
576	16.617256
577	16.840971
578	16.736780
579	17.648659
580	15.580999
581	16.752552
582	15.795154
583	16.733057
584	16.577827
585	15.579819
586	16.468071
587	17.375423
588	15.347038
589	15.573578
590	17.364090
591	15.950384
592	17.805969
593	17.003416
594	17.826471
595	17.233635
596	16.468901
597	16.885128
598	19.983896
599	17.645800
600	18.497021
601	18.397982
602	18.339926
603	18.753220
604	15.540042
605	16.554071
606	17.836143
607	16.078981
608	18.130224
609	18.047106
610	17.293636
611	15.751574
612	16.327507
613	16.363741
614	15.982088
615	17.426020
616	15.773067
617	16.277611
618	16.304861
619	17.255928
620	15.367010
621	15.391318
622	17.197056
623	16.454098
624	15.841130
625	15.034972
626	16.329210
627	15.643892
628	17.926674
629	15.982091
630	16.442696
631	16.077253
632	18.526669
633	18.835522
634	16.267965
635	18.366541
636	17.244808
637	16.661913
638	16.722540
639	16.275446
640	18.710306
641	16.253345
642	16.573967
643	15.780024
644	16.674019
645	16.014296
646	16.190290
647	16.348232
648	15.701191
649	16.231937
650	16.737329
651	16.385180
652	16.348124
653	15.721104
654	16.672029
655	16.202871
656	15.944405
657	18.714542
658	16.773220
659	16.563179
660	16.752012
661	17.813057
662	16.498682
663	16.650148
664	18.665922
665	17.972397
666	18.227594
667	17.051256
668	17.574234
669	16.629366
670	16.739992
671	15.809844
672	18.056067
673	15.967118
674	15.942752
675	16.198502
676	16.615999
677	15.744631
678	16.209755
679	16.154581
680	16.409885
681	15.846205
682	16.160379
683	15.933040
684	15.647626
685	15.919230
686	15.760523
687	16.258217
688	17.030842
689	15.852445
690	16.071518
691	16.447577
692	16.319414
693	16.611578
694	15.923215
695	15.834913
696	16.156137
697	16.534029
698	16.701765
699	16.201971
700	16.253609
701	16.556702
702	15.907578
703	17.503815
704	16.309439
705	17.624702
706	18.084366
707	19.245275
708	17.035707
709	17.403818
710	16.235086
711	16.866093
712	15.935719
713	16.609604
714	16.046576
715	17.650229
716	16.355276
717	16.096661
718	17.381313
719	17.872297
720	16.649460
721	16.622553
722	16.424158
723	16.558834
724	17.211454
725	16.053017
726	17.601755
727	15.739537
728	15.544022
729	15.332822
730	16.658295
731	15.937019
732	17.394527
733	16.941208
734	15.878646
735	16.459124
736	16.051435
737	16.166355
738	16.196840
739	16.464369
740	15.445979
741	15.627648
742	16.155424
743	18.588099
744	16.081488
745	16.206036
746	16.589048
747	16.425070
748	17.673155
749	19.008678
750	18.356129
751	18.951384
752	18.107204
753	17.460997
754	17.713959
755	17.921791
756	16.426275
757	18.254019
758	16.354124
759	16.145769
760	15.643213
761	17.407532
762	16.426680
763	16.347395
764	16.236691
765	16.697701
766	16.501307
767	18.265718
768	16.591629
769	18.234840
770	18.394428
771	17.937840
772	16.100889
773	17.099421
774	16.366982
775	15.706703
776	15.771828
777	16.552029
778	16.630888
779	16.798153
780	16.422621
781	16.533089
782	16.195669
783	16.396542
784	16.183641
785	15.748138
786	16.387419
787	16.086964
788	15.706245
789	16.631170
790	17.235161
791	18.650711
792	18.501081
793	15.608420
794	17.985640
795	16.088711
796	15.488432
797	15.616653
798	16.888233
799	16.511723
800	15.815645
801	15.533653
802	15.923521
803	16.142885
804	15.610246
805	15.834722
806	16.060350
807	15.508625
808	17.124495
809	17.301189
810	16.520126
811	16.552994
812	16.469156
813	17.716057
814	17.515621
815	16.288982
816	15.867198
817	16.682512
818	16.871275
819	16.249285
820	15.706088
821	15.908615
822	17.054707
823	17.712881
824	17.803589
825	16.789061
826	15.556701
827	16.349756
828	15.908455
829	15.951385
830	16.242794
831	16.120335
832	15.909865
833	15.397614
834	16.040854
835	15.377634
836	16.252787
837	16.519987
838	18.468271
839	15.824327
840	16.376644
841	16.252499
842	15.915963
843	16.226906
844	16.225786
845	16.209511
846	16.168346
847	15.787727
848	15.407924
849	16.092932
850	16.320190
851	16.266436
852	16.141233
853	16.034058
854	16.597717
855	16.133186
856	17.646624
857	17.423307
858	15.928676
859	16.509710
860	15.806455
861	15.799384
862	16.216223
863	16.828110
864	15.915976
865	16.465172
866	15.945295
867	16.070358
868	16.836645
869	16.949953
870	16.638630
871	15.896165
872	15.992407
873	17.089695
874	15.772956
875	16.670094
876	16.291273
877	16.164488
878	15.967197
879	16.537296
880	16.392464
881	16.581659
882	16.815689
883	16.480806
884	16.658733
885	16.165771
886	16.089666
887	17.796221
888	18.327515
889	18.247185
890	18.255871
891	15.692065
892	18.715805
893	17.514841
894	19.179554
895	17.758154
896	17.864071
897	16.275585
898	15.855501
899	15.664426
900	15.688481
901	16.179155
902	18.142733
903	17.595022
904	17.256676
905	18.064531
906	16.322405
907	15.746398
908	17.822014
909	17.794878
910	16.506298
911	16.384068
912	16.876982
913	15.883066
914	15.740144
915	18.130667
916	16.171663
917	16.069855
918	15.933317
919	16.550787
920	16.867563
921	18.432583
922	17.790493
923	16.084969
924	15.895595
925	17.317799
926	17.795450
927	17.535479
928	16.072552
929	16.359892
930	17.574842
931	15.733153
932	15.931794
933	15.245214
934	16.124783
935	15.312016
936	16.520502
937	16.249458
938	16.191885
939	15.341730
940	16.037041
941	15.656482
942	15.817422
943	15.791897
944	17.222179
945	17.452602
946	15.480957
947	15.878983
948	16.286516
949	16.236042
950	16.691395
951	17.180849
952	16.141998
953	16.332560
954	16.077637
955	17.921793
956	17.566282
957	17.710638
958	17.035292
959	17.273151
960	16.026756
961	17.774654
962	17.823446
963	18.361166
964	18.333302
965	16.054720
966	16.592159
967	17.625486
968	15.494602
969	15.432046
970	15.045159
971	15.686546
972	15.879599
973	16.090219
974	15.612543
975	14.829346
976	17.324221
977	17.182148
978	17.883945
979	16.933092
980	18.020176
981	16.217308
982	15.032350
983	17.203087
984	15.240884
985	15.641445
986	15.879423
987	15.704459
988	17.854052
989	16.358862
990	16.427691
991	16.086199
992	16.085182
993	15.804453
994	16.043859
995	16.255653
996	17.855921
997	15.820141
998	15.171360
999	15.672837
1000	16.383541
1001	18.002869
1002	16.486223
1003	17.156210
1004	16.409056
1005	15.908696
1006	15.994713
1007	16.607697
1008	16.082174
1009	16.928333
1010	16.476030
1011	17.958199
1012	18.671768
1013	15.787290
1014	16.061691
1015	16.008951
1016	15.219296
1017	17.510847
1018	15.886414
1019	16.400497
1020	16.899281
1021	17.791861
1022	16.419617
1023	17.928217
1024	15.272678
1025	18.177139
1026	16.458267
1027	18.305883
1028	17.068159
1029	17.072365
1030	17.630857
1031	16.311253
1032	16.214350
1033	16.260906
1034	15.999464
1035	16.903624
1036	17.393225
1037	16.084959
1038	18.331711
1039	17.376684
1040	17.304928
1041	15.992464
1042	15.168395
1043	15.620260
1044	16.030321
1045	17.525707
1046	17.477316
1047	16.393148
1048	17.766832
1049	15.832136
1050	17.152500
1051	18.009272
1052	18.522131
1053	17.196287
1054	17.525730
1055	15.807628
1056	17.291084
1057	16.681973
1058	17.178661
1059	18.493252
1060	16.110405
1061	17.139721
1062	15.761162
1063	16.190441
1064	16.114153
1065	15.556620
1066	16.791225
1067	15.726401
1068	15.537529
1069	18.413805
1070	16.150064
1071	16.828911
1072	17.311108
1073	18.030750
1074	17.605961
1075	16.893572
1076	16.524391
1077	15.326621
1078	16.070910
1079	16.560318
1080	16.306499
1081	18.787294
1082	17.420721
1083	15.881140
1084	16.358931
1085	15.410452
1086	17.727177
1087	17.290651
1088	15.596572
1089	16.146471
1090	17.674410
1091	15.809038
1092	15.756429
1093	16.769129
1094	15.659575
1095	18.140453
1096	17.410154
1097	18.074272
1098	17.669991
1099	16.630173
1100	16.550215
1101	16.414692
1102	17.528381
1103	18.660360
1104	17.186928
1105	16.823690
1106	16.197264
1107	16.716545
1108	16.537580
1109	17.828968
1110	18.325449
1111	18.641346
1112	16.265070
1113	15.803198
1114	16.463690
1115	16.621489
1116	15.641002
1117	15.858640
1118	14.656157
1119	16.085945
1120	15.702865
1121	15.639444
1122	17.290873
1123	15.499427
1124	15.679139
1125	15.848577
1126	15.174670
1127	15.759103
1128	15.921866
1129	17.758741
1130	17.172655
1131	15.761771
1132	15.810102
1133	16.132128
1134	16.223309
1135	15.462163
1136	16.658340
1137	16.532187
1138	15.447495
1139	17.103113
1140	17.084991
1141	15.348565
1142	15.442630
1143	16.021284
1144	16.838688
1145	16.976398
1146	16.351744
1147	15.727156
1148	15.391559
1149	15.873909
1150	16.838543
1151	15.613059
1152	16.256310
1153	15.081304
1154	15.670868
1155	15.768651
1156	15.444183
1157	15.683538
1158	15.956002
1159	15.746944
1160	15.524673
1161	15.953088
1162	16.348303
1163	15.199531
1164	15.082103
1165	15.770514
1166	15.435773
1167	14.957713
1168	15.165880
1169	14.832940
1170	15.373943
1171	14.949916
1172	15.784034
1173	15.389743
1174	16.121063
1175	15.893361
1176	16.596081
1177	15.914062
1178	14.879428
1179	15.473122
1180	15.188375
1181	16.936474
1182	15.107086
1183	15.411190
1184	15.269691
1185	14.416009
1186	16.765934
1187	16.995192
1188	18.054220
1189	18.120131
1190	14.132286
1191	15.305386
1192	15.638018
1193	17.198507
1194	15.176617
1195	15.552011
1196	15.547110
1197	15.187123
1198	16.850527
1199	15.629239
1200	16.125883
1201	16.316927
1202	15.727837
1203	16.207420
1204	17.297756
1205	15.351879
1206	17.501095
1207	16.842638
1208	17.158098
1209	15.757962
1210	16.628662
1211	16.806696
1212	15.479075
1213	16.704277
1214	16.055212
1215	16.352449
1216	16.887936
1217	17.855240
1218	16.380074
1219	16.349684
1220	16.126402
1221	16.355141
1222	17.593855
1223	14.971535
1224	16.049431
1225	15.629371
1226	15.836648
1227	16.006861
1228	16.254950
1229	15.216547
1230	19.230349
1231	14.691233
1232	15.664275
1233	15.903792
1234	16.290585
1235	15.321565
1236	16.175083
1237	16.694012
1238	15.899143
1239	16.133160
1240	16.682817
1241	15.323618
1242	15.972195
1243	16.179226
1244	17.032963
1245	15.828485
1246	15.716673
1247	17.021631
1248	16.083073
1249	16.182615
1250	15.650361
1251	15.251146
1252	16.357250
1253	15.009922
1254	15.276246
1255	15.973439
1256	15.352119
1257	15.676222
1258	16.370466
1259	15.506527
1260	15.808152
1261	16.063263
1262	15.435249
1263	15.342298
1264	16.428789
1265	18.060049
1266	17.886385
1267	17.043957
1268	16.410025
1269	16.568718
1270	15.870245
1271	18.245560
1272	16.798597
1273	17.138554
1274	17.106565
1275	17.423302
1276	17.086723
1277	16.382084
1278	15.131745
1279	17.172140
1280	18.030260
1281	17.608986
1282	17.594511
1283	15.500438
1284	15.517061
1285	15.360631
1286	15.972963
1287	17.606586
1288	16.416683
1289	16.416239
1290	16.624092
1291	15.554707
1292	18.111834
1293	16.023439
1294	16.144201
1295	16.206152
1296	16.321852
1297	15.658788
1298	15.747533
1299	16.148529
1300	15.851337
1301	16.247480
1302	16.620453
1303	16.377390
1304	16.412722
1305	18.514297
1306	15.994143
1307	15.295556
1308	15.817768
1309	15.490339
1310	15.594223
1311	16.392616
1312	16.894688
1313	15.065121
1314	16.457073
1315	15.400449
1316	16.226822
1317	16.102139
1318	14.671128
1319	15.196035
1320	15.723799
1321	15.476077
1322	15.354142
1323	16.075537
1324	15.533176
1325	15.314053
1326	15.375164
1327	16.360582
1328	15.108285
1329	15.959005
1330	15.827386
1331	15.359329
1332	15.874996
1333	17.224485
1334	18.757318
1335	17.114967
1336	17.577454
1337	17.511820
1338	16.806578
1339	16.800871
1340	16.227406
1341	18.658134
1342	16.415642
1343	16.542173
1344	17.591391
1345	17.741636
1346	17.072737
1347	18.404682
1348	18.167114
1349	17.498247
1350	16.623793
1351	17.953579
1352	16.747742
1353	16.828278
1354	18.028393
1355	17.564037
1356	16.165659
1357	16.578445
1358	17.256668
1359	17.614330
1360	14.742625
1361	17.561380
1362	17.214071
1363	17.252928
1364	17.331831
1365	16.851582
1366	16.590088
1367	18.422499
1368	17.418488
1369	17.748857
1370	15.712740
1371	16.211361
1372	15.747083
1373	17.366121
1374	18.404570
1375	17.295101
1376	17.925602
1377	15.260581
1378	15.194184
1379	15.163873
1380	17.299843
1381	16.059919
1382	16.788036
1383	16.428196
1384	16.231764
1385	18.975452
1386	19.236050
1387	18.815390
1388	17.646111
1389	18.092566
1390	16.785652
1391	17.724014
1392	15.744949
1393	15.691622
1394	15.751499
1395	16.870010
1396	16.246128
1397	15.712575
1398	16.577917
1399	16.945005
1400	16.983599
1401	16.555601
1402	18.123634
1403	16.565502
1404	16.256691
1405	15.132442
1406	15.770340
1407	16.962656
1408	18.260736
1409	19.614388
1410	16.453224
1411	16.437260
1412	16.778761
1413	16.130281
1414	16.373671
1415	16.080879
1416	16.821701
1417	17.343384
1418	17.210497
1419	17.053411
1420	16.467085
1421	16.134829
1422	16.802471
1423	16.147806
1424	16.561007
1425	16.386011
1426	16.507374
1427	16.109516
1428	17.376156
1429	16.237823
1430	16.737890
1431	15.967983
1432	14.903420
1433	14.936281
1434	15.115817
1435	15.749658
1436	15.725174
1437	16.252939
1438	16.557974
1439	15.721368
1440	15.572223
1441	15.168957
1442	16.155996
1443	15.798940
1444	15.198220
1445	18.462736
1446	18.006992
1447	16.412849
1448	17.689276
1449	17.626869
1450	17.648354
1451	17.226828
1452	18.576139
1453	16.456530
1454	18.452686
1455	16.998409
1456	15.307395
1457	15.671314
1458	16.925831
1459	17.423498
1460	18.119780
1461	16.142590
1462	15.980784
1463	15.586932
1464	17.058949
1465	16.108473
1466	16.364523
1467	16.204451
1468	16.057009
1469	16.960369
1470	15.446458
1471	15.885860
1472	15.836330
1473	15.307783
1474	16.179724
1475	15.874997
1476	16.097139
1477	15.430007
1478	15.867292
1479	15.068727
1480	16.212185
1481	16.271269
1482	16.305529
1483	16.116993
1484	15.861091
1485	17.172134
1486	17.859156
1487	17.627323
1488	16.155190
1489	15.584969
1490	16.700104
1491	17.545324
1492	15.501106
1493	16.229288
1494	15.151587
1495	17.116354
1496	17.798328
1497	18.795881
1498	17.217449
1499	16.338264
1500	15.662556
1501	16.282982
1502	17.514963
1503	17.842840
1504	19.087624
1505	15.992688
1506	15.864747
1507	18.801416
1508	18.801796
1509	16.454636
1510	17.041210
1511	17.149240
1512	16.499111
1513	18.254538
1514	17.436720
1515	16.665945
1516	17.400127
1517	17.244577
1518	17.778740
1519	15.669153
1520	18.281042
1521	16.418831
1522	16.444868
1523	15.942817
1524	17.715874
1525	17.268719
1526	18.153076
1527	17.474957
1528	16.019157
1529	16.800972
1530	16.131710
1531	17.721405
1532	17.283083
1533	17.169191
1534	16.646696
1535	17.417179
1536	15.840554
1537	16.031700
1538	16.087740
1539	18.307907
1540	17.020985
1541	16.542372
1542	15.511539
1543	16.962051
1544	15.672885
1545	15.800128
1546	16.256739
1547	16.159328
1548	15.742973
1549	15.812467
1550	17.089701
1551	17.524240
1552	16.522425
1553	16.916943
1554	17.597002
1555	16.204117
1556	17.459888
1557	15.860581
1558	16.319130
1559	17.440208
1560	16.026451
1561	17.474356
1562	18.063297
1563	18.226744
1564	17.133135
1565	18.431147
1566	17.906616
1567	17.086126
1568	18.257460
1569	18.141636
1570	17.505447
1571	16.940619
1572	17.896793
1573	18.083887
1574	18.689907
1575	17.816847
1576	18.026293
1577	17.488497
1578	18.075666
1579	17.936539
1580	17.943859
1581	18.417454
1582	19.428551
1583	19.459623
1584	18.886763
1585	17.280474
1586	19.196285
1587	19.043333
1588	16.583576
1589	18.271511
1590	17.891926
1591	17.080416
1592	17.645880
1593	17.973503
1594	16.928501
1595	17.963753
1596	18.554165
1597	17.346741
1598	18.794750
1599	18.702696
1600	19.329393
1601	18.349575
1602	18.316753
1603	17.991184
1604	18.418127
1605	17.999508
1606	19.348946
1607	18.588018
1608	18.303129
1609	18.311825
1610	19.668411
1611	17.928247
1612	18.533648
1613	17.569990
1614	18.548450
1615	18.940731
1616	18.262394
1617	18.878828
1618	18.245817
1619	18.328840
1620	18.025284
1621	17.670845
1622	17.868773
1623	17.532318
1624	17.831261
1625	18.287859
1626	18.023752
1627	19.085482
1628	18.417006
1629	18.454058
1630	18.846445
1631	17.845968
1632	18.117905
1633	17.327070
1634	18.364777
1635	18.328453
1636	17.982592
1637	18.872915
1638	18.070543
1639	17.993494
1640	18.407772
1641	18.307274
1642	17.921907
1643	18.508717
1644	18.041334
1645	18.516588
1646	16.725315
1647	18.157209
1648	17.878162
1649	19.111256
1650	19.187445
1651	18.702114
1652	17.993889
1653	17.900698
1654	18.957083
1655	18.605495
1656	18.053484
1657	17.491053
1658	16.389280
1659	19.355076
1660	17.457809
1661	16.573933
1662	18.975374
1663	17.264431
1664	16.148228
1665	16.880861
1666	17.903814
1667	18.052572
1668	17.275656
1669	18.329739
1670	18.147635
1671	16.477694
1672	17.042160
1673	17.932802
1674	17.749678
1675	16.766716
1676	16.503439
1677	17.828884
1678	18.314259
1679	17.141918
1680	18.368916
1681	18.150642
1682	17.711391
1683	16.549570
1684	17.177849
1685	17.353323
1686	17.838850
1687	16.947546
1688	16.016548
1689	16.670916
1690	17.041412
1691	16.705893
1692	16.622709
1693	15.721663
1694	15.412143
1695	15.010042
1696	15.755116
1697	16.089888
1698	15.617766
1699	16.083389
1700	16.109690
1701	16.118107
1702	16.021727
1703	15.482576
1704	17.453621
1705	15.419021
1706	15.400015
1707	16.003344
1708	15.659468
1709	15.998966
1710	15.591528
1711	15.560377
1712	16.235317
1713	16.526302
1714	16.291304
1715	17.553970
1716	16.219620
1717	16.970007
1718	15.601069
1719	16.156717
1720	15.435120
1721	16.647024
1722	15.433918
1723	15.547207
1724	15.935663
1725	15.863824
1726	15.817779
1727	16.021669
1728	15.761280
1729	15.635808
1730	16.556330
1731	15.994257
1732	15.740233
1733	15.113818
1734	15.944155
1735	17.707130
1736	16.045969
1737	16.178263
1738	16.271757
1739	18.189848
1740	16.708815
1741	16.998791
1742	15.470452
1743	16.277020
1744	15.770497
1745	16.406185
1746	17.124744
1747	16.650768
1748	16.551285
1749	17.475811
1750	15.201980
1751	16.657518
1752	15.798752
1753	17.860971
1754	15.119592
1755	17.255348
1756	16.102959
1757	16.208670
1758	16.141962
1759	16.718723
1760	16.600563
1761	16.275360
1762	15.837053
1763	15.715170
1764	15.699573
1765	16.898384
1766	16.090471
1767	15.840983
1768	15.941196
1769	15.619435
1770	14.934772
1771	16.051411
1772	16.299664
1773	16.686462
1774	16.854372
1775	15.855404
1776	15.288092
1777	15.931191
1778	16.458422
1779	15.363058
1780	15.854761
1781	15.164367
1782	15.524828
1783	15.389643
1784	15.689111
1785	15.548949
1786	15.894760
1787	16.138214
1788	16.341425
1789	16.504705
1790	16.557940
1791	16.549700
1792	15.934802
1793	16.390627
1794	16.379623
1795	16.278986
1796	16.833317
1797	17.002308
1798	16.257690
1799	16.220045
1800	16.523783
1801	18.093325
1802	18.217459
1803	18.436907
1804	16.941456
1805	16.645178
1806	17.303694
1807	18.887922
1808	17.345724
1809	15.232903
1810	16.271145
1811	16.258453
1812	15.177503
1813	17.370018
1814	18.176458
1815	18.844082
1816	17.509764
1817	17.477140
1818	18.428637
1819	17.447300
1820	16.691753
1821	17.198841
1822	19.572573
1823	18.497169
1824	16.955338
1825	19.103636
1826	19.345350
1827	17.459593
1828	18.964287
1829	17.542772
1830	18.552443
1831	16.767786
1832	16.263475
1833	16.487894
1834	18.845478
1835	17.273235
1836	16.490629
1837	17.040581
1838	17.268599
1839	15.735326
1840	17.195566
1841	17.794352
1842	17.858173
1843	15.714824
1844	15.755294
1845	16.125650
1846	16.150358
1847	17.273649
1848	16.213209
1849	19.479717
1850	18.942726
1851	18.433825
1852	18.390665
1853	16.116199
1854	16.965305
1855	16.203199
1856	15.709614
1857	16.206217
1858	16.253378
1859	17.877766
1860	16.565559
1861	17.421165
1862	16.067417
1863	18.217592
1864	17.855318
1865	16.489794
1866	16.876160
1867	18.694916
1868	18.048670
1869	17.633110
1870	17.885475
1871	15.561461
