0	3.210204
1	4.679412
2	3.656679
3	3.223138
4	3.717526
5	3.496626
6	3.993570
7	4.275804
8	3.753677
9	4.443095
10	5.863799
11	3.715953
12	4.514698
13	3.467375
14	5.867699
15	4.832484
16	4.491449
17	4.884190
18	4.257745
19	4.772454
20	4.745071
21	6.097426
22	4.498678
23	3.893956
24	4.539185
25	4.419660
26	4.917093
27	4.217893
28	4.774884
29	3.163212
30	3.556864
31	3.501554
32	3.963875
33	4.267013
34	4.217699
35	3.752187
36	3.390488
37	4.267748
38	3.769470
39	2.979363
40	3.568486
41	4.076937
42	3.114562
43	3.786477
44	4.096169
45	3.568054
46	3.753665
47	4.088141
48	4.155119
49	5.752053
50	3.976431
51	4.383115
52	3.827308
53	4.086440
54	3.103305
55	5.290094
56	5.471032
57	4.304812
58	5.103743
59	3.294267
60	3.099451
61	3.765447
62	3.574662
63	2.919249
64	3.484984
65	4.403874
66	3.384036
67	3.782077
68	3.869379
69	3.608907
70	3.643435
71	3.999014
72	4.272856
73	3.941889
74	3.931019
75	5.284950
76	3.464764
77	3.414716
78	3.841510
79	3.745586
80	4.705337
81	5.023016
82	3.329354
83	5.213136
84	4.652376
85	5.483010
86	4.315887
87	5.054821
88	4.089426
89	4.450269
90	4.540011
91	3.865669
92	4.792923
93	3.893752
94	6.010540
95	4.518816
96	4.377854
97	4.911588
98	6.554836
99	8.319020
100	7.723561
101	12.420390
102	13.974333
103	12.161961
104	13.239585
105	9.553963
106	6.146168
107	6.829416
108	7.627796
109	7.791502
110	8.678516
111	8.008446
112	8.571009
113	7.203201
114	6.776741
115	5.696753
116	6.691144
117	5.941262
118	7.768404
119	6.889165
120	8.548715
121	7.517133
122	8.487097
123	7.252675
124	8.697309
125	4.972665
126	6.639623
127	5.648123
128	3.683491
129	4.563015
130	4.441103
131	4.201167
132	6.707995
133	5.811893
134	5.458159
135	5.611070
136	5.507577
137	6.271976
138	7.973486
139	8.478992
140	6.993968
141	6.212769
142	5.423080
143	4.280246
144	5.373053
145	9.416564
146	8.256234
147	5.534925
148	8.843360
149	5.391299
150	6.517247
151	5.058360
152	8.124075
153	7.113889
154	6.420950
155	6.069267
156	7.587839
157	7.613685
158	6.374747
159	5.807417
160	5.914803
161	7.734261
162	10.288365
163	11.048888
164	8.691456
165	8.122321
166	7.114219
167	9.887129
168	7.450026
169	8.588627
170	12.734637
171	15.435495
172	9.931470
173	8.169915
174	10.213652
175	12.104830
176	10.758681
177	9.145379
178	13.689276
179	15.525574
180	14.853563
181	11.438640
182	12.076416
183	10.671596
184	11.419671
185	11.518080
186	13.609726
187	14.036451
188	14.478140
189	13.291069
190	10.723662
191	9.945558
192	10.735952
193	11.753074
194	12.910792
195	10.085081
196	6.343336
197	3.798881
198	9.791152
199	4.157824
200	7.107932
201	8.679895
202	3.803431
203	5.781141
204	5.571148
205	5.196094
206	5.120778
207	5.389989
208	8.756094
209	10.486968
210	14.837053
211	14.509758
212	13.246662
213	14.299028
214	12.419703
215	14.546512
216	14.228405
217	14.468034
218	12.845275
219	12.714602
220	10.212134
221	12.215172
222	12.089716
223	11.550928
224	11.118263
225	11.166250
226	11.359357
227	13.376597
228	17.361444
229	13.875168
230	13.736005
231	16.761883
232	15.577579
233	12.906338
234	15.673823
235	15.412719
236	13.638157
237	10.499952
238	15.436038
239	11.421704
240	13.225487
241	13.525942
242	12.801488
243	12.858940
244	12.714852
245	12.196548
246	14.251141
247	13.201278
248	14.567664
249	13.337293
250	16.944033
251	13.710779
252	14.861024
253	14.699994
254	16.077457
255	16.022064
256	15.077329
257	16.614254
258	14.486453
259	14.515583
260	15.512904
261	18.730019
262	16.358387
263	17.154505
264	18.000969
265	14.232731
266	14.256860
267	17.621059
268	19.560627
269	18.437643
270	19.095139
271	19.482536
272	19.382402
273	20.234579
274	19.611856
275	18.137499
276	19.074366
277	18.756979
278	17.898123
279	17.789940
280	17.265392
281	15.709746
282	16.705717
283	17.184790
284	17.221590
285	18.099308
286	19.217766
287	19.500422
288	19.642836
289	18.691477
290	18.629015
291	16.590704
292	16.514997
293	12.824828
294	13.453962
295	14.908096
296	14.345668
297	12.286450
298	12.110825
299	10.268596
300	10.359584
301	11.386209
302	11.906351
303	12.955306
304	11.707536
305	11.508280
306	11.489358
307	11.574493
308	12.171335
309	10.279501
310	11.707493
311	17.144266
312	13.326054
313	15.295940
314	14.086838
315	14.377046
316	16.137424
317	11.315874
318	14.835191
319	14.111395
320	14.659779
321	14.578805
322	15.168549
323	12.431807
324	15.452539
325	12.968416
326	15.055006
327	15.490319
328	14.458045
329	14.285678
330	14.504272
331	14.469767
332	15.209446
333	13.640977
334	13.010124
335	13.310020
336	12.379720
337	13.890192
338	13.114841
339	13.253687
340	13.194489
341	12.776407
342	12.855185
343	14.098094
344	12.886313
345	17.605618
346	18.950335
347	19.359352
348	18.939405
349	21.015827
350	17.641714
351	23.562592
352	19.575335
353	20.565258
354	16.652214
355	16.485428
356	19.830091
357	18.716780
358	18.111860
359	17.013374
360	12.853188
361	13.210119
362	9.601942
363	10.096598
364	10.960539
365	12.262342
366	11.857800
367	10.270914
368	10.078221
369	12.761898
370	12.450082
371	12.067027
372	10.099193
373	12.591584
374	11.921145
375	13.487229
376	10.962179
377	11.828827
378	12.816483
379	9.102006
380	11.944354
381	10.694016
382	17.118422
383	18.907831
384	17.655172
385	19.765459
386	15.854280
387	16.596840
388	17.100811
389	16.909845
390	15.817882
391	17.341469
392	16.833906
393	17.911150
394	16.439823
395	15.253301
396	12.676567
397	13.097513
398	14.405016
399	13.966349
400	14.553166
401	15.330046
402	15.499127
403	15.362420
404	15.877196
405	14.891452
406	14.887406
407	16.948818
408	15.148843
409	17.125572
410	16.978825
411	16.828936
412	15.212510
413	16.618353
414	16.218710
415	14.950721
416	15.550666
417	16.605677
418	13.121139
419	13.959859
420	12.326545
421	12.861465
422	15.652671
423	16.203516
424	14.458929
425	20.364719
426	12.540836
427	15.412766
428	18.805119
429	16.617079
430	15.780046
431	16.083921
432	12.601529
433	14.630550
434	12.851960
435	11.801144
436	14.594453
437	14.953429
438	14.060121
439	16.913219
440	14.794089
441	13.862808
442	14.631168
443	15.068531
444	13.866573
445	10.210788
446	12.470951
447	11.734143
448	12.635118
449	11.147458
450	13.072396
451	13.896497
452	12.872116
453	13.346913
454	11.559004
455	12.182493
456	15.171230
457	14.514509
458	11.589072
459	11.091641
460	9.996305
461	9.509027
462	10.248373
463	10.506808
464	11.260148
465	7.166205
466	6.289467
467	4.956623
468	5.098480
469	5.804077
470	5.329447
471	6.094738
472	6.718995
473	5.538781
474	6.393230
475	6.259226
476	6.064957
477	7.074822
478	7.297404
479	6.876025
480	7.183018
481	7.355704
482	8.277132
483	7.587264
484	6.934988
485	5.971607
486	6.026790
487	7.281050
488	6.461185
489	6.249361
490	7.127370
491	7.105780
492	7.325005
493	7.233159
494	6.387012
495	6.645877
496	7.198597
497	7.236257
498	6.975457
499	6.182039
500	5.796489
501	5.139377
502	5.757117
503	5.091072
504	5.084201
505	5.118700
506	6.022118
507	5.019034
508	5.515306
509	5.821976
510	5.779593
511	4.524068
512	6.466344
513	7.588162
514	5.657995
515	6.685935
516	6.031336
517	6.275334
518	6.113273
519	4.819128
520	4.796476
521	5.983696
522	6.417624
523	5.676812
524	6.435635
525	6.383376
526	7.128669
527	5.816183
528	6.476010
529	5.763801
530	5.275500
531	6.245590
532	5.949234
533	7.399905
534	7.377682
535	6.734842
536	6.604982
537	6.457190
538	6.903977
539	6.484358
540	6.349284
541	6.449760
542	6.683122
543	5.707801
544	6.123072
545	6.590569
546	7.409245
547	6.618466
548	6.281743
549	6.128662
550	6.602492
551	6.159457
552	5.497373
553	6.176617
554	5.054147
555	5.750391
556	5.934610
557	6.756731
558	6.436187
559	7.244674
560	6.316116
561	6.360212
562	6.896687
563	5.237184
564	5.399954
565	5.888862
566	5.968015
567	5.661899
568	6.640309
569	6.720194
570	4.116346
571	6.138802
572	5.867980
573	6.724507
574	5.426039
575	7.775247
576	7.952119
577	7.593029
578	6.507904
579	6.251592
580	8.322008
581	9.257418
582	7.102456
583	11.105206
584	8.316470
585	10.040407
586	8.239041
587	9.191482
588	9.448537
589	7.171220
590	8.236054
591	8.056949
592	7.378291
593	8.696631
594	8.866047
595	9.094976
596	6.454224
597	8.662314
598	10.090513
599	8.576118
600	7.930813
601	7.250235
602	9.442080
603	8.101788
604	9.947759
605	9.410601
606	8.778575
607	7.811133
608	8.043018
609	8.878227
610	9.143267
611	7.786682
612	9.254951
613	6.985658
614	8.664246
615	8.784406
616	10.825899
617	10.550464
618	8.629379
619	9.616378
620	9.816188
621	10.276878
622	10.274561
623	9.421201
624	9.146179
625	9.240156
626	10.577055
627	10.048835
628	8.375429
629	10.742732
630	8.495663
631	6.931721
632	9.369128
633	11.525948
634	10.896811
635	10.248679
636	10.887837
637	12.065085
638	12.294424
639	10.764606
640	10.031453
641	10.326186
642	10.528536
643	10.140440
644	11.202078
645	10.714915
646	11.685104
647	9.505856
648	9.115932
649	8.978336
650	7.699847
651	7.357651
652	8.507467
653	9.012736
654	8.611533
655	7.774485
656	9.230536
657	7.712757
658	8.509036
659	8.525759
660	7.040864
661	8.078917
662	10.103193
663	8.155133
664	7.852599
665	7.818243
666	8.511578
667	8.736114
668	8.868969
669	8.995893
670	8.675636
671	8.868536
672	7.886098
673	8.883934
674	6.265255
675	7.572184
676	7.271806
677	8.295624
678	8.517104
679	8.278776
680	8.548695
681	9.109164
682	8.535938
683	8.287491
684	8.459317
685	8.584457
686	8.438210
687	8.898472
688	8.313219
689	8.629326
690	8.680094
691	9.206029
692	9.831182
693	9.655925
694	7.055387
695	10.250123
696	9.887214
697	10.954985
698	10.621648
699	10.197620
700	16.411964
701	16.788208
702	16.955273
703	18.789633
704	20.117828
705	19.440699
706	21.824783
707	21.488262
708	24.205132
709	21.575930
710	21.469252
711	21.687201
712	18.652323
713	23.710302
714	25.131157
715	25.159967
716	25.329439
717	23.690691
718	23.483269
719	23.323568
720	23.331457
721	21.014599
722	21.214705
723	21.884108
724	22.453665
725	22.842342
726	24.395725
727	18.210102
728	19.323792
729	17.916258
730	17.758133
731	18.876160
732	20.715975
733	14.353011
734	18.885832
735	19.666389
736	20.194624
737	17.046616
738	12.762103
739	15.782578
740	12.480234
741	15.225011
742	15.080415
743	23.099243
744	16.292469
745	20.705137
746	22.067490
747	22.850857
748	18.227070
749	18.768461
750	21.110653
751	22.494141
752	20.615383
753	20.806519
754	18.632080
755	21.522312
756	21.456182
757	22.503675
758	23.388025
759	23.354980
760	22.820642
761	22.309332
762	22.929857
763	21.182734
764	21.620821
765	21.363647
766	21.252224
767	20.208855
768	21.479292
769	21.382999
770	27.171598
771	24.526226
772	22.203653
773	24.232733
774	27.903246
775	24.005329
776	25.531244
777	23.069857
778	24.742193
779	23.143093
780	23.324499
781	21.145939
782	19.868984
783	20.550682
784	20.475845
785	21.600170
786	21.743748
787	23.351110
788	21.875603
789	21.694695
790	21.541327
791	20.595650
792	21.695005
793	22.289064
794	21.926842
795	21.881763
796	19.248739
797	20.340042
798	20.029467
799	19.731094
800	17.186411
801	21.732010
802	22.623602
803	22.682682
804	23.356318
805	21.359268
806	21.050867
807	22.237078
808	24.857527
809	21.144995
810	19.869743
811	22.866596
812	21.663860
813	22.744085
814	24.012791
815	23.454285
816	21.255915
817	21.291521
818	23.358477
819	21.630304
820	24.344421
821	25.094854
822	20.372196
823	24.688728
824	23.896873
825	23.773073
826	22.476650
827	20.825245
828	23.933870
829	21.615204
830	19.988976
831	22.322222
832	21.131472
833	20.717581
834	18.026182
835	20.769428
836	19.031679
837	24.815609
838	21.835030
839	24.965824
840	23.532022
841	26.195436
842	24.699757
843	24.724634
844	20.947880
845	22.093994
846	26.575392
847	23.433287
848	22.456661
849	23.820576
850	23.760908
851	19.991692
852	19.373968
853	19.559912
854	22.849930
855	23.163670
856	20.739595
857	21.575399
858	21.245140
859	20.469536
860	23.928829
861	23.483330
862	21.701191
863	21.083694
864	21.827051
865	20.240547
866	21.477556
867	23.576239
868	23.233391
869	20.462246
870	24.909525
871	19.999956
872	22.884024
873	21.867691
874	21.065342
875	21.362520
876	20.969881
877	21.610849
878	21.928518
879	21.728159
880	20.730364
881	22.780706
882	19.785820
883	19.728128
884	20.233418
885	19.231272
886	21.167223
887	21.878759
888	22.929184
889	24.195488
890	22.329138
891	22.447838
892	23.163759
893	19.085461
894	19.197212
895	18.441088
896	19.979555
897	21.963259
898	19.999790
899	18.159721
900	21.992039
901	20.427612
902	25.352188
903	21.213530
904	22.158501
905	24.659138
906	23.018877
907	23.700590
908	22.564692
909	27.247667
910	23.568073
911	23.929457
912	21.169380
913	20.102961
914	22.084925
915	21.408932
916	20.007442
917	22.322601
918	20.896898
919	21.625174
920	21.290173
921	22.312902
922	20.999870
923	22.263262
924	26.401669
925	23.888338
926	25.192822
927	21.960297
928	22.958212
929	26.387819
930	21.418804
931	26.016731
932	23.941330
933	22.221235
934	24.049078
935	25.146908
936	22.796993
937	24.059219
938	21.995230
939	20.881321
940	26.673836
941	26.487616
942	23.811729
943	23.319338
944	24.001856
945	24.154182
946	23.313963
947	22.343166
948	25.430573
949	23.262934
950	22.123026
951	24.067793
952	24.200020
953	24.029291
954	25.151339
955	25.281824
956	26.989838
957	22.438467
958	23.985729
959	23.368395
960	21.253237
961	22.374054
962	23.971058
963	25.256350
964	24.476925
965	22.499813
966	23.164001
967	22.867716
968	23.073277
969	22.762011
970	24.734528
971	23.996405
972	22.772001
973	23.307543
974	22.239578
975	23.929131
976	24.521248
977	22.423695
978	22.946346
979	24.732239
980	22.137987
981	24.044725
982	22.525797
983	24.969477
984	23.379333
985	25.246704
986	25.951496
987	21.133972
988	24.251478
989	20.673588
990	28.949173
991	24.615528
992	26.396582
993	24.424351
994	20.507612
995	21.791744
996	21.332424
997	22.185312
998	24.980806
999	22.257147
1000	20.527081
1001	26.289593
1002	23.618170
1003	24.640610
1004	23.870234
1005	24.365065
1006	25.511597
1007	22.226421
1008	23.631123
1009	20.135548
1010	20.625935
1011	18.740244
1012	18.128063
1013	19.277617
1014	17.162615
1015	16.455072
1016	20.055292
1017	19.132734
1018	20.266470
1019	22.052523
1020	20.209505
1021	19.497271
1022	19.289698
1023	21.285639
1024	22.014380
1025	23.167322
1026	21.101189
1027	20.962116
1028	20.736969
1029	23.284550
1030	22.484804
1031	23.282810
1032	23.643555
1033	24.586823
1034	22.090454
1035	22.517008
1036	22.155083
1037	21.887558
1038	22.152761
1039	20.852846
1040	21.696259
1041	21.600828
1042	21.618061
1043	20.870157
1044	20.776966
1045	22.296314
1046	21.660572
1047	23.235571
1048	24.307619
1049	23.823225
1050	24.354212
1051	22.646152
1052	22.558878
1053	22.613443
1054	22.617790
1055	22.317429
1056	21.696520
1057	24.438318
1058	25.720005
1059	25.668785
1060	24.332861
1061	24.531767
1062	25.001060
1063	24.387640
1064	24.147982
1065	23.837364
1066	22.051802
1067	23.864426
1068	24.924858
1069	23.464964
1070	22.567394
1071	23.147522
1072	23.248280
1073	24.081348
1074	23.430925
1075	24.045311
1076	24.386829
1077	25.248886
1078	22.951742
1079	22.033482
1080	23.840117
1081	25.068808
1082	24.954620
1083	24.727848
1084	24.239662
1085	24.473392
1086	24.627142
1087	24.251005
1088	24.940243
1089	21.966356
1090	24.803074
1091	25.010134
1092	24.473904
1093	24.436121
1094	24.916971
1095	23.909767
1096	25.216236
1097	26.032106
1098	24.607178
1099	24.375015
1100	25.298689
1101	23.708031
1102	23.493567
1103	24.176537
1104	23.772446
1105	23.510010
1106	24.743767
1107	25.318836
1108	24.207722
1109	23.625463
1110	23.649719
1111	23.523102
1112	25.733290
1113	20.637102
1114	23.261755
1115	23.390005
1116	22.793501
1117	23.127254
1118	23.614830
1119	24.629925
1120	24.539768
1121	24.986252
1122	25.289764
1123	25.745543
1124	25.185986
1125	24.409225
1126	24.275517
1127	25.032663
1128	23.922859
1129	24.625257
1130	24.920658
1131	23.593697
1132	23.203224
1133	24.423830
1134	24.808157
1135	25.107170
1136	25.573835
1137	23.521887
1138	25.339138
1139	24.408911
1140	25.636116
1141	25.238352
1142	24.012911
1143	23.372561
1144	24.103975
1145	23.633308
1146	24.506561
1147	24.416168
1148	23.966257
1149	26.095263
1150	24.551760
1151	25.481987
1152	24.424849
1153	26.106077
1154	25.291965
1155	24.241304
1156	24.704119
1157	24.399111
1158	25.012081
1159	25.438232
1160	25.051748
1161	24.806173
1162	24.308411
1163	23.713306
1164	23.626186
1165	25.546745
1166	25.153482
1167	27.234222
1168	25.626471
1169	25.897814
1170	24.643898
1171	25.397465
1172	26.197962
1173	26.295412
1174	25.392488
1175	24.566544
1176	25.635971
1177	24.452946
1178	24.424797
1179	24.408354
1180	24.679623
1181	24.288935
1182	25.177507
1183	24.605713
1184	25.853224
1185	25.448885
1186	24.348253
1187	24.955647
1188	24.105469
1189	26.161188
1190	25.226841
1191	25.542780
1192	23.340082
1193	25.262774
1194	24.918571
1195	24.037172
1196	23.294033
1197	25.724934
1198	24.871830
1199	24.356459
1200	24.945978
1201	24.756327
1202	23.999071
1203	25.670059
1204	28.597565
1205	27.522488
1206	22.736181
1207	25.467239
1208	25.746307
1209	25.636181
1210	25.329264
1211	26.448088
1212	28.558821
1213	26.665674
1214	28.530426
1215	26.068083
1216	25.410885
1217	25.575661
1218	26.411266
1219	26.563492
1220	25.220348
1221	26.999851
1222	24.502995
1223	25.057657
1224	26.333157
1225	26.227448
1226	25.471540
1227	25.415955
1228	26.322472
1229	24.054382
1230	24.925533
1231	23.377001
1232	25.537256
1233	24.437172
1234	26.348076
1235	25.142574
1236	25.128576
1237	26.801468
1238	24.634861
1239	24.495438
1240	24.640781
1241	24.091658
1242	26.361967
1243	25.836229
1244	26.042065
1245	25.083162
1246	25.268768
1247	24.468567
1248	26.491816
1249	24.678093
1250	24.837967
1251	25.545155
1252	25.420643
1253	26.597807
1254	25.201519
1255	25.306377
1256	24.776762
1257	24.162273
1258	24.373158
1259	26.026285
1260	24.810171
1261	25.464239
1262	24.732430
1263	25.519379
1264	24.979321
1265	25.653761
1266	24.451181
1267	26.250019
1268	23.802505
1269	24.688229
1270	24.671349
1271	25.463276
1272	27.449051
1273	26.540627
1274	25.209919
1275	24.369673
1276	25.006849
1277	26.850451
1278	26.455286
1279	26.905039
1280	27.268757
1281	25.295074
1282	26.809303
1283	26.525930
1284	28.642576
1285	27.052090
1286	27.717411
1287	28.668037
1288	26.900585
1289	26.240660
1290	24.981625
1291	25.578764
1292	24.301882
1293	26.924154
1294	28.255135
1295	29.188311
1296	29.662739
1297	31.028399
1298	27.394415
1299	28.190592
1300	28.642128
1301	25.875628
1302	26.312460
1303	25.715801
1304	24.402149
1305	26.947275
1306	27.252151
1307	25.951998
1308	26.034473
1309	26.322172
1310	26.717558
1311	24.467857
1312	25.560333
1313	25.995369
1314	25.665342
1315	24.300610
1316	24.280752
1317	24.867498
1318	25.939451
1319	26.336803
1320	26.213114
1321	24.661312
1322	26.082043
1323	24.185173
1324	25.250910
1325	26.266539
1326	24.118183
1327	24.912743
1328	24.923027
1329	23.085108
1330	24.881372
1331	24.008238
1332	26.290297
1333	23.981575
1334	24.774475
1335	23.532103
1336	24.873276
1337	25.294914
1338	24.325706
1339	24.764782
1340	25.311644
1341	23.466471
1342	24.736998
1343	23.954277
1344	24.760149
1345	24.925243
1346	23.139986
1347	25.439489
1348	24.503082
1349	25.030315
1350	25.467184
1351	24.996811
1352	27.149420
1353	30.974979
1354	30.180500
1355	31.897118
1356	31.686449
1357	30.410448
1358	31.641331
1359	30.705322
1360	29.944437
1361	31.302505
1362	31.085342
1363	33.014603
1364	31.425846
1365	30.159128
1366	29.470722
1367	29.055763
1368	31.083769
1369	30.623642
1370	31.753166
1371	28.869389
1372	30.008101
1373	29.139404
1374	30.997252
1375	29.576334
1376	31.272903
1377	30.232836
1378	29.263639
1379	30.271147
1380	30.514416
1381	30.081301
1382	31.089035
1383	31.599474
1384	32.334110
1385	30.228065
1386	29.581612
1387	30.754587
1388	29.571955
1389	30.846497
1390	29.371506
1391	28.802050
1392	30.801243
1393	30.612398
1394	29.464550
1395	30.420364
1396	29.998659
1397	27.711739
1398	29.858047
1399	28.911167
1400	30.492561
1401	29.251110
1402	30.730801
1403	31.049526
1404	31.097963
1405	29.924395
1406	29.366152
1407	30.830772
1408	29.284805
1409	27.911263
1410	29.487600
1411	29.866354
1412	30.254890
1413	28.361553
1414	28.560137
1415	31.008533
1416	30.320353
1417	28.345982
1418	27.459446
1419	30.164356
1420	29.347870
1421	29.586903
1422	29.121046
1423	27.880810
1424	27.273546
1425	30.895140
1426	30.241261
1427	28.625610
1428	30.675541
1429	28.458694
1430	29.032122
1431	26.395630
1432	30.037498
1433	30.102980
1434	28.220785
1435	28.719753
1436	28.922867
1437	28.569662
1438	30.892879
1439	31.398401
1440	29.886030
1441	32.818039
1442	28.221109
1443	29.339506
1444	28.655012
1445	30.282816
1446	28.851757
1447	30.047569
1448	28.037922
1449	30.432348
1450	29.673201
1451	26.111759
1452	27.515949
1453	27.157736
1454	28.486977
1455	29.187784
1456	30.617720
1457	29.840662
1458	30.371349
1459	26.318176
1460	25.109688
1461	24.548120
1462	22.032406
1463	25.323227
1464	25.727417
1465	28.578987
1466	26.381203
1467	25.800583
1468	26.375021
1469	25.521564
1470	27.644283
1471	24.919390
1472	25.554739
1473	26.121866
1474	27.264353
1475	27.494284
1476	26.481064
1477	27.145920
1478	27.700153
1479	26.829693
1480	26.629377
1481	26.368965
1482	25.584436
1483	25.598238
1484	29.446569
1485	29.014956
1486	28.185978
1487	25.937689
1488	28.726311
1489	25.275467
1490	28.745771
1491	32.039658
1492	32.504574
1493	30.690758
1494	30.052332
1495	30.419395
1496	28.797544
1497	30.712032
1498	30.648211
1499	29.227234
1500	30.310373
1501	31.028276
1502	31.064272
1503	31.002485
1504	32.197990
1505	31.739742
1506	31.677492
1507	31.221138
1508	30.614756
1509	30.065771
1510	30.866632
1511	30.626827
1512	31.403664
1513	32.631855
1514	30.733669
1515	30.545998
1516	32.473381
1517	30.638899
1518	30.393539
1519	32.041954
1520	29.386086
1521	31.258198
1522	29.868719
1523	29.203489
1524	26.570349
1525	26.855782
1526	28.656290
1527	25.738979
1528	26.474390
1529	27.138294
1530	25.748606
1531	25.447897
1532	22.278290
1533	23.111706
1534	23.959276
1535	24.444416
1536	23.943594
1537	25.518627
1538	26.691566
1539	23.422297
1540	25.077187
1541	23.310085
1542	24.287182
1543	23.461472
1544	24.975098
1545	26.790049
1546	22.306154
1547	23.996042
1548	23.321999
1549	21.746113
1550	23.743349
1551	24.420197
1552	24.085011
1553	26.434320
1554	27.537035
1555	24.844881
1556	24.068094
1557	24.127417
1558	22.138662
1559	24.878607
1560	23.136955
1561	26.068859
1562	24.380659
1563	24.177507
1564	23.981869
1565	24.509981
1566	27.014536
1567	24.500568
1568	26.891293
1569	23.810070
1570	24.585690
1571	24.341352
1572	23.421310
1573	24.406742
1574	24.699612
1575	24.515505
1576	24.737495
1577	26.131256
1578	23.345179
1579	23.315306
1580	23.887314
1581	23.945055
1582	27.808262
1583	23.642883
1584	25.333792
1585	25.172596
1586	25.029388
1587	24.319113
1588	25.742971
1589	23.736898
1590	24.376886
1591	24.976595
1592	23.398542
1593	24.524288
1594	23.379740
1595	24.168253
1596	24.790590
1597	24.460512
1598	25.051796
1599	23.799202
1600	27.049051
1601	24.485209
1602	26.195089
1603	23.108200
1604	24.475073
1605	25.510885
1606	26.713566
1607	25.697199
1608	24.327229
1609	26.630367
1610	26.449062
1611	26.256937
1612	26.551210
1613	24.693302
1614	25.363764
1615	24.369490
1616	25.394093
1617	25.931295
1618	25.111303
1619	25.457417
1620	25.572468
1621	24.470320
1622	24.521500
1623	25.571480
1624	24.969133
1625	25.086382
1626	24.583391
1627	24.893370
1628	26.735456
1629	24.392508
1630	25.173691
1631	26.481651
1632	25.159075
1633	24.676489
1634	25.585983
1635	26.074419
1636	24.551918
1637	24.305494
1638	24.485689
1639	25.118216
1640	25.376245
1641	24.792351
1642	24.726610
1643	24.410093
1644	25.082264
1645	24.834255
1646	24.162519
1647	25.135254
1648	26.315676
1649	25.135197
1650	25.652954
1651	26.788891
1652	25.636513
1653	25.739590
1654	23.067089
1655	25.138475
1656	24.283661
1657	22.355465
1658	25.339642
1659	25.907564
1660	24.016399
1661	26.319103
1662	25.445074
1663	25.423082
1664	25.476299
1665	25.189867
1666	24.928301
1667	25.353201
1668	26.331657
1669	25.902424
1670	23.546186
1671	24.198095
1672	24.055635
1673	24.827129
1674	24.885096
1675	27.847702
1676	30.536409
1677	28.808249
1678	28.938253
1679	28.681620
1680	27.120470
1681	25.616678
1682	26.950380
1683	26.844334
1684	27.977922
1685	31.796747
1686	30.274851
1687	30.233974
1688	25.407274
1689	26.976135
1690	27.637346
1691	27.268810
1692	26.277466
1693	26.836821
1694	26.758236
1695	26.731066
1696	26.065552
1697	28.282312
1698	29.467655
1699	29.708946
1700	27.851980
1701	30.888330
1702	31.792240
1703	30.697945
1704	27.189617
1705	26.753527
1706	25.803116
1707	24.933887
1708	26.317892
1709	25.180258
1710	26.072109
1711	29.563400
1712	25.056890
1713	25.684450
1714	26.081873
1715	26.323206
1716	26.112263
1717	28.422871
1718	26.097778
1719	31.579350
1720	32.038387
1721	29.145683
1722	31.628002
1723	29.368288
1724	27.900795
1725	26.218523
1726	26.544081
1727	26.104944
1728	28.330620
1729	25.381910
1730	27.931513
1731	26.778124
1732	28.046553
1733	30.750292
1734	27.334759
1735	27.569654
1736	27.497646
1737	26.696098
1738	27.366800
1739	25.790516
1740	28.228973
1741	26.201683
1742	25.729517
1743	25.980778
1744	27.808458
1745	26.609350
1746	26.112774
1747	26.016260
1748	25.784044
1749	26.474472
1750	25.265110
1751	26.018257
1752	21.973047
1753	21.311556
1754	21.818333
1755	25.225025
1756	22.830709
1757	22.007282
1758	24.081074
1759	22.939621
1760	22.791311
1761	27.591806
1762	25.380661
1763	24.859222
1764	25.780134
1765	26.219690
1766	24.959881
1767	27.297863
1768	25.201839
1769	25.495960
1770	26.157333
1771	24.652809
1772	24.790384
1773	24.809734
1774	22.072052
1775	22.027260
1776	22.430628
1777	22.429022
1778	23.274883
1779	22.784264
1780	22.228136
1781	23.835749
1782	23.006987
1783	24.634970
1784	23.809767
1785	24.313892
1786	23.825199
1787	23.931740
1788	23.028959
1789	22.623468
1790	23.480679
1791	24.964504
1792	24.469551
0	3.223505
1	3.868359
2	5.409297
3	5.500709
4	5.573893
5	5.375380
6	5.056651
7	5.666444
8	4.561119
9	4.018099
10	4.857088
11	5.155454
12	4.555173
13	3.864842
14	5.233946
15	4.034228
16	4.993134
17	4.177140
18	4.316583
19	4.965855
20	4.928700
21	4.484874
22	5.689453
23	4.650904
24	5.174224
25	6.045444
26	6.345171
27	6.018214
28	7.475266
29	5.260037
30	6.018008
31	5.908713
32	4.906518
33	6.570953
34	5.906344
35	5.750103
36	5.814027
37	8.350300
38	7.541682
39	6.341309
40	5.618014
41	6.303509
42	7.361644
43	5.857677
44	7.370068
45	7.941068
46	7.464831
47	7.266749
48	8.471237
49	7.905001
50	6.443578
51	5.732879
52	4.496766
53	4.884200
54	4.856676
55	4.368306
56	5.094368
57	3.660900
58	8.049932
59	5.289431
60	7.155789
61	6.104776
62	8.000567
63	4.365937
64	5.936935
65	7.145755
66	6.543464
67	7.192113
68	8.317663
69	6.729473
70	6.040538
71	9.366624
72	7.678965
73	9.494699
74	10.698905
75	10.396789
76	11.339918
77	10.316797
78	8.848348
79	10.049109
80	7.542890
81	9.410665
82	9.169079
83	7.689838
84	8.657579
85	10.408860
86	8.829123
87	9.595294
88	8.969929
89	9.959243
90	10.237309
91	9.350442
92	8.799442
93	8.710783
94	9.677650
95	8.320210
96	9.871265
97	9.157188
98	10.116492
99	8.877584
100	8.968801
101	9.306800
102	10.014238
103	9.324947
104	9.970249
105	8.990824
106	9.060392
107	9.375958
108	9.432608
109	9.546527
110	9.197403
111	10.347604
112	9.606358
113	9.709078
114	9.786935
115	9.151208
116	8.522562
117	8.937367
118	9.864100
119	10.229770
120	9.403379
121	9.585331
122	8.846814
123	10.200291
124	9.572335
125	9.371377
126	8.553098
127	8.705871
128	8.881160
129	8.602166
130	9.859761
131	10.074035
132	9.093241
133	9.065847
134	9.472009
135	9.349463
136	9.661434
137	9.403437
138	9.568983
139	9.335444
140	9.729388
141	8.701315
142	9.670897
143	9.563351
144	9.541998
145	9.473972
146	9.475280
147	9.130532
148	9.406647
149	9.925628
150	9.753487
151	9.831121
152	9.244507
153	10.028205
154	9.162724
155	10.020550
156	10.003564
157	9.953991
158	9.284105
159	10.273639
160	9.800477
161	10.799539
162	9.564450
163	8.615721
164	9.400224
165	10.536304
166	10.111565
167	9.751237
168	8.804806
169	9.192271
170	8.563160
171	10.265870
172	10.562612
173	9.974325
174	9.385873
175	8.943608
176	9.691902
177	10.120049
178	9.461337
179	8.818462
180	9.376210
181	10.099452
182	9.427032
183	9.000184
184	10.010743
185	8.763114
186	9.113189
187	8.751738
188	9.308510
189	9.431453
190	10.058136
191	9.520935
192	9.278923
193	8.761485
194	8.934259
195	8.906052
196	9.508238
197	8.774265
198	8.776578
199	10.448085
200	9.342435
201	9.038379
202	9.946927
203	8.899730
204	9.847810
205	9.372056
206	8.859785
207	9.393812
208	9.049566
209	9.065831
210	9.527756
211	9.508339
212	9.212443
213	8.557780
214	9.220722
215	9.924722
216	9.569479
217	9.273645
218	9.223848
219	9.326938
220	8.754189
221	9.456664
222	9.964665
223	10.195751
224	10.077037
225	9.304391
226	9.238945
227	8.908159
228	9.159897
229	9.736088
230	9.540073
231	10.251410
232	9.806956
233	9.374422
234	10.224303
235	9.514426
236	8.676208
237	9.284012
238	8.544245
239	8.775910
240	9.393173
241	8.133074
242	10.078581
243	9.931207
244	9.347059
245	9.214153
246	8.750206
247	8.560894
248	9.144845
249	9.750184
250	8.657101
251	9.048304
252	8.666552
253	9.276222
254	9.740350
255	8.845959
256	9.090190
257	8.724318
258	9.013378
259	9.171004
260	8.712870
261	8.837993
262	8.409317
263	8.754142
264	9.427338
265	9.697083
266	9.777613
267	9.224114
268	9.890374
269	10.102900
270	8.830046
271	9.887910
272	9.082516
273	8.458576
274	10.013302
275	9.836854
276	9.697856
277	9.900569
278	8.713794
279	9.376525
280	8.787475
281	9.063200
282	9.916817
283	9.123761
284	8.707635
285	8.926490
286	9.142538
287	8.547170
288	9.038059
289	9.026611
290	9.296263
291	8.850796
292	9.448179
293	9.771213
294	9.641618
295	9.292201
296	9.000545
297	8.506907
298	8.789140
299	10.158784
300	8.933091
301	9.387571
302	8.955367
303	9.241975
304	8.693571
305	8.895780
306	9.119572
307	9.607128
308	8.821507
309	10.101831
310	8.550719
311	8.719650
312	7.653032
313	8.234142
314	9.403285
315	9.460370
316	9.149804
317	9.001051
318	9.066235
319	9.644522
320	8.456861
321	9.714855
322	9.097462
323	8.003736
324	8.003912
325	8.708679
326	8.531272
327	8.199055
328	9.332148
329	9.356783
330	8.935065
331	9.135525
332	7.929754
333	8.045825
334	8.315064
335	9.625039
336	9.016973
337	8.004887
338	8.370908
339	7.852395
340	8.141930
341	9.503531
342	8.826829
343	9.286663
344	9.415237
345	9.273908
346	9.262700
347	9.313948
348	9.564757
349	9.100736
350	9.954301
351	9.331908
352	8.638553
353	8.289950
354	9.057697
355	9.192161
356	8.978842
357	8.607101
358	9.147780
359	8.280585
360	9.614125
361	9.170661
362	9.635035
363	8.757106
364	9.692441
365	9.812650
366	8.817420
367	8.833918
368	9.111119
369	9.071763
370	10.183129
371	8.913681
372	8.848565
373	10.392075
374	8.697183
375	7.791156
376	10.610212
377	9.314016
378	9.348348
379	8.996106
380	9.321388
381	9.820497
382	8.917360
383	8.493552
384	9.108785
385	9.128498
386	8.810198
387	9.101224
388	9.899526
389	9.112672
390	8.683467
391	9.038479
392	9.099072
393	9.036255
394	9.430105
395	9.346491
396	8.289445
397	9.894999
398	8.874368
399	10.379327
400	9.422452
401	9.643410
402	9.691419
403	9.541676
404	9.533179
405	9.519712
406	10.290144
407	8.601331
408	8.963434
409	9.329891
410	9.965676
411	9.513779
412	9.227341
413	9.637199
414	8.639958
415	8.513294
416	8.912851
417	9.408253
418	9.441536
419	9.081559
420	9.358852
421	9.278713
422	8.970779
423	9.111367
424	9.201224
425	8.788322
426	9.490685
427	10.721795
428	9.977981
429	9.114790
430	9.250238
431	9.125098
432	9.003689
433	8.817453
434	9.083331
435	8.763885
436	8.936587
437	8.099349
438	8.733067
439	8.316813
440	8.685080
441	9.124588
442	8.963737
443	8.875566
444	9.085126
445	8.383823
446	9.500996
447	7.538528
448	8.539460
449	8.310487
450	8.700695
451	8.630441
452	8.722832
453	8.160397
454	8.092585
455	8.315107
456	8.827621
457	8.391621
458	8.250237
459	8.662385
460	9.496109
461	8.688556
462	9.650430
463	8.676064
464	9.489014
465	9.330006
466	8.361387
467	8.641562
468	8.472184
469	9.643657
470	8.206261
471	7.917607
472	8.600529
473	8.586833
474	8.567275
475	7.656612
476	7.953553
477	8.294064
478	9.032684
479	7.904550
480	8.089388
481	9.033986
482	9.462099
483	9.217125
484	8.877442
485	8.017313
486	8.661824
487	8.897376
488	9.419627
489	8.898904
490	7.617159
491	8.297313
492	8.924051
493	9.037803
494	7.427624
495	7.773012
496	9.217449
497	9.313653
498	8.690731
499	7.903961
500	9.289240
501	7.552596
502	8.591514
503	8.339766
504	8.742620
505	8.953629
506	9.646165
507	8.722041
508	9.083903
509	7.991376
510	8.462183
511	8.054914
512	8.618388
513	7.586896
514	8.433628
515	8.378596
516	9.173571
517	8.247776
518	8.927588
519	8.629394
520	9.322576
521	8.977242
522	8.832603
523	8.628923
524	8.746119
525	8.788768
526	8.761876
527	9.970893
528	9.018592
529	9.239803
530	8.118435
531	8.210468
532	8.778930
533	8.592731
534	8.775676
535	8.200298
536	9.112150
537	10.079449
538	9.105910
539	8.993025
540	8.119514
541	7.926620
542	9.131380
543	9.796086
544	9.893416
545	9.608023
546	8.679987
547	9.212485
548	8.507333
549	8.665478
550	8.460851
551	10.212919
552	8.590232
553	8.150062
554	8.115053
555	9.224105
556	8.053297
557	8.717769
558	9.301103
559	8.382869
560	8.606190
561	9.377771
562	9.216094
563	9.470501
564	8.712714
565	8.815520
566	7.919899
567	8.482529
568	8.987669
569	8.541586
570	8.925990
571	10.083834
572	8.534454
573	9.466374
574	9.990000
575	8.746481
576	9.667572
577	8.341032
578	9.590677
579	9.295607
580	8.650467
581	9.687368
582	9.031738
583	9.521916
584	7.986369
585	8.942936
586	8.855807
587	9.054811
588	9.800802
589	9.841966
590	10.666175
591	9.499402
592	9.316723
593	10.089728
594	10.106947
595	8.944731
596	10.753508
597	9.069387
598	8.892615
599	9.548719
600	10.656652
601	9.396628
602	8.587027
603	8.524100
604	8.835435
605	8.733846
606	8.121596
607	8.349566
608	9.388847
609	8.528781
610	8.762527
611	9.804622
612	9.188128
613	8.558960
614	8.865619
615	8.704631
616	10.077634
617	9.126769
618	9.478354
619	9.127393
620	8.714844
621	9.397627
622	8.811208
623	9.643663
624	10.414576
625	9.811396
626	9.193139
627	9.128600
628	10.660484
629	10.408652
630	9.697951
631	10.362726
632	9.845450
633	9.395783
634	10.222846
635	9.395414
636	8.006062
637	9.128515
638	9.236016
639	9.220727
640	7.703519
641	8.074589
642	8.471186
643	9.006876
644	8.323329
645	8.612351
646	7.745089
647	7.797244
648	9.617073
649	9.706086
650	9.172225
651	7.787900
652	9.243662
653	9.097537
654	9.552094
655	7.908736
656	8.627920
657	8.839673
658	10.100307
659	8.826268
660	9.328885
661	9.673944
662	8.055377
663	9.281756
664	9.752840
665	9.660830
666	9.450641
667	9.068643
668	10.125216
669	9.274698
670	8.142682
671	8.861220
672	8.783714
673	9.039455
674	8.555385
675	8.263995
676	9.126862
677	8.738822
678	8.125251
679	8.391383
680	8.933001
681	8.875889
682	9.829776
683	9.007692
684	9.290215
685	8.126659
686	8.253780
687	9.280286
688	9.408341
689	9.455971
690	8.728774
691	9.173713
692	9.607965
693	9.734459
694	9.172317
695	9.286103
696	9.582370
697	8.223528
698	9.231960
699	8.419061
700	9.347160
701	10.712325
702	9.210760
703	7.920455
704	8.295094
705	8.589959
706	8.609535
707	8.536825
708	8.486867
709	8.872498
710	8.118954
711	10.051468
712	9.434602
713	8.689916
714	8.327227
715	8.280790
716	9.081877
717	9.611380
718	8.382250
719	8.062760
720	8.219161
721	8.427574
722	7.301602
723	9.090980
724	8.751600
725	7.896961
726	9.610832
727	8.423337
728	8.290024
729	8.281654
730	9.283373
731	8.720830
732	8.620737
733	9.494999
734	8.808785
735	8.498099
736	9.335482
737	8.734535
738	8.688768
739	7.987496
740	8.188810
741	8.231488
742	8.982544
743	7.846457
744	9.484421
745	8.136657
746	8.727939
747	9.263266
748	7.806882
749	7.973035
750	9.117906
751	8.446241
752	9.500216
753	8.868506
754	9.647430
755	8.652589
756	8.117641
757	8.863374
758	9.642117
759	8.790495
760	8.413193
761	8.974642
762	8.243281
763	9.550346
764	8.890495
765	8.182207
766	8.701568
767	8.592157
768	9.048759
769	9.021350
770	9.150864
771	8.407580
772	7.941196
773	9.050027
774	9.288191
775	8.688267
776	8.877335
777	8.775610
778	8.679038
779	8.193412
780	9.145321
781	8.741997
782	7.296102
783	7.995768
784	8.704350
785	8.272840
786	8.646709
787	9.446183
788	8.030199
789	9.088982
790	9.525848
791	9.712820
792	8.904120
793	8.671759
794	9.271731
795	9.361357
796	7.499300
797	7.810435
798	8.961184
799	7.911561
800	7.846547
801	9.249978
802	9.023004
803	8.489818
804	8.526357
805	9.130487
806	8.645929
807	8.984054
808	9.187660
809	8.523726
810	9.152657
811	9.231048
812	8.653093
813	9.537171
814	8.187857
815	8.140018
816	9.055683
817	8.974869
818	8.661051
819	8.355321
820	7.994680
821	9.119754
822	7.503738
823	7.912585
824	8.267775
825	6.923547
826	9.154599
827	8.726684
828	7.984222
829	7.597644
830	8.715515
831	8.666307
832	9.089829
833	9.445981
834	8.980774
835	8.573655
836	8.598908
837	7.894866
838	8.799716
839	9.117707
840	8.616996
841	9.148820
842	8.896701
843	9.346803
844	9.217794
845	8.702180
846	8.066986
847	7.899571
848	8.574511
849	7.903752
850	9.058397
851	8.922179
852	9.276860
853	9.004228
854	8.958739
855	9.899925
856	10.648624
857	10.393502
858	9.889213
859	10.090969
860	9.599316
861	7.689562
862	9.290932
863	8.886947
864	9.292952
865	8.881664
866	8.662313
867	9.317527
868	9.231758
869	7.818088
870	7.412016
871	8.739194
872	9.035320
873	8.746412
874	8.558960
875	8.798778
876	7.474791
877	8.429988
878	7.551973
879	8.693148
880	8.541412
881	8.290724
882	8.407741
883	8.940096
884	8.584796
885	8.899545
886	8.534407
887	8.867316
888	7.912338
889	8.387549
890	7.353516
891	8.478136
892	8.664374
893	8.486990
894	7.186104
895	8.255780
896	8.700953
897	8.883349
898	8.794441
899	8.584327
900	8.886617
901	8.593748
902	8.591777
903	7.490302
904	9.225918
905	10.029216
906	8.919956
907	8.986817
908	9.079970
909	9.168864
910	9.872518
911	10.000695
912	9.455370
913	9.513260
914	10.365964
915	9.290517
916	8.476898
917	9.514332
918	9.191806
919	8.933649
920	10.246702
921	9.061567
922	9.223158
923	8.376108
924	10.382567
925	9.202500
926	9.531915
927	7.236259
928	8.240094
929	9.370132
930	10.071189
931	8.941034
932	9.381439
933	9.128028
934	8.329526
935	7.824410
936	8.416228
937	9.592727
938	9.353330
939	8.698790
940	8.143102
941	8.842455
942	8.619890
943	8.820193
944	8.940436
945	8.928813
946	8.809841
947	9.724804
948	8.708536
949	8.375888
950	8.714390
951	8.300175
952	8.106342
953	8.835915
954	9.023558
955	8.481344
956	9.514359
957	10.189770
958	9.246292
959	9.059349
960	10.603250
961	9.711972
962	9.353748
963	8.791337
964	9.729327
965	11.095630
966	8.116796
967	8.664439
968	7.625149
969	8.777175
970	8.130548
971	9.260642
972	9.116080
973	8.597284
974	8.756180
975	8.727153
976	8.216045
977	9.181161
978	9.996089
979	9.606898
980	9.230314
981	9.107321
982	9.573960
983	8.840990
984	9.014932
985	8.042158
986	8.644270
987	6.933780
988	8.935625
989	8.015648
990	8.689965
991	9.244447
992	9.226739
993	8.990293
994	9.299625
995	8.952692
996	9.617989
997	9.547037
998	9.785229
999	8.745425
1000	9.156391
1001	8.948391
1002	9.000235
1003	9.149476
1004	9.809080
1005	9.924283
1006	9.602728
1007	9.758391
1008	9.908748
1009	9.257414
1010	9.560130
1011	9.435838
1012	9.856459
1013	9.332963
1014	8.792179
1015	8.340156
1016	9.380581
1017	9.617656
1018	9.296608
1019	9.138458
1020	9.397778
1021	9.864575
1022	8.306316
1023	8.776611
1024	8.802835
1025	8.953313
1026	8.727577
1027	8.385995
1028	8.116667
1029	8.890499
1030	9.147805
1031	8.335234
1032	10.094315
1033	9.453180
1034	10.103074
1035	9.255193
1036	9.148762
1037	9.001446
1038	8.548136
1039	9.086215
1040	9.169089
1041	7.891839
1042	7.469999
1043	7.458457
1044	8.469131
1045	8.112171
1046	8.244866
1047	8.204378
1048	9.624843
1049	8.222347
1050	8.641505
1051	9.366797
1052	8.817857
1053	9.195086
1054	8.357995
1055	9.687642
1056	9.034745
1057	8.185323
1058	8.081127
1059	8.329213
1060	8.298742
1061	7.705746
1062	9.938711
1063	8.463510
1064	7.486153
1065	8.232740
1066	8.939803
1067	7.862073
1068	7.589657
1069	8.240989
1070	8.827292
1071	6.839334
1072	7.466645
1073	8.622510
1074	8.140811
1075	8.037233
1076	8.812207
1077	9.320133
1078	9.025768
1079	8.417679
1080	8.862831
1081	8.341308
1082	9.407987
1083	9.492423
1084	8.620864
1085	8.731466
1086	8.818634
1087	9.027292
1088	8.592212
1089	8.951111
1090	9.325343
1091	8.191478
1092	8.403122
1093	8.904140
1094	8.347085
1095	8.762152
1096	8.224318
1097	7.212080
1098	8.550802
1099	8.267034
1100	8.860282
1101	8.877886
1102	9.126590
1103	9.035741
1104	8.881337
1105	7.832431
1106	8.799348
1107	8.584888
1108	8.922972
1109	8.432753
1110	8.010857
1111	8.107331
1112	8.131214
1113	8.247132
1114	9.940656
1115	9.615284
1116	9.530588
1117	9.750460
1118	9.142680
1119	9.708395
1120	9.962050
1121	10.553179
1122	9.354855
1123	8.382060
1124	9.343884
1125	9.382676
1126	10.844764
1127	9.207823
1128	10.024917
1129	9.933529
1130	10.051538
1131	9.877454
1132	10.290783
1133	9.370854
1134	10.531604
1135	10.189061
1136	10.393436
1137	10.046637
1138	9.782937
1139	8.345986
1140	9.398458
1141	9.322492
1142	7.896568
1143	7.844662
1144	8.376503
1145	6.874511
1146	7.047368
1147	7.395403
1148	6.432629
1149	7.650387
1150	10.061699
1151	11.323132
1152	11.369472
1153	11.412029
1154	11.547688
1155	10.420293
1156	11.448586
1157	11.892159
1158	12.234456
1159	11.185104
1160	11.376353
1161	11.315023
1162	11.339197
1163	10.907658
1164	11.800449
1165	11.314239
1166	10.276443
1167	11.232882
1168	11.007572
1169	11.616952
1170	11.015229
1171	10.854629
1172	9.029564
1173	10.408693
1174	9.209937
1175	10.497356
1176	10.707294
1177	9.188531
1178	10.833530
1179	11.099145
1180	10.676157
1181	8.252306
1182	9.584419
1183	9.586219
1184	9.479609
1185	9.400754
1186	9.511516
1187	9.889233
1188	10.202744
1189	10.443198
1190	9.376598
1191	9.427009
1192	9.189652
1193	10.157267
1194	8.973929
1195	8.769954
1196	9.009051
1197	9.057317
1198	8.987821
1199	11.224902
1200	9.367583
1201	8.400447
1202	8.802579
1203	9.610962
1204	8.820194
1205	8.822035
1206	8.265434
1207	9.102537
1208	8.757380
1209	7.544567
1210	9.490668
1211	8.780074
1212	9.374743
1213	8.451480
1214	8.511909
1215	9.310403
1216	9.260789
1217	8.332473
1218	9.072690
1219	8.045457
1220	8.418942
1221	8.471187
1222	9.184608
1223	8.873095
1224	8.585023
1225	9.114127
1226	7.770617
1227	8.113445
1228	8.210793
1229	9.423487
1230	7.884777
1231	8.517400
1232	6.614069
1233	8.204085
1234	8.006753
1235	7.659504
1236	7.794170
1237	6.602492
1238	7.982807
1239	7.652535
1240	7.486347
1241	7.386054
1242	7.873895
1243	8.007211
1244	9.023586
1245	8.699898
1246	6.839049
1247	7.868558
1248	7.386363
1249	7.673175
1250	8.194974
1251	7.739315
1252	8.892667
1253	8.748307
1254	8.792039
1255	8.916717
1256	9.291894
1257	7.817998
1258	8.890704
1259	7.802704
1260	8.914623
1261	7.672081
1262	7.903409
1263	7.406679
1264	7.376727
1265	6.536926
1266	8.149941
1267	7.187280
1268	7.255142
1269	6.539258
1270	7.684205
1271	6.903115
1272	7.000214
1273	7.094378
1274	9.380437
1275	7.584063
1276	8.220469
1277	8.053080
1278	8.426369
1279	9.135048
1280	9.264914
1281	9.670522
1282	9.787981
1283	10.206169
1284	8.985683
1285	10.188258
1286	9.800373
1287	9.119655
1288	9.013818
1289	8.661374
1290	9.106277
1291	7.430080
1292	7.768939
1293	8.312430
1294	8.281196
1295	7.906466
1296	9.144994
1297	8.301529
1298	8.346575
1299	9.105921
1300	7.998606
1301	8.500235
1302	8.852954
1303	8.768906
1304	9.981568
1305	9.505860
1306	9.826346
1307	9.404021
1308	9.680935
1309	9.507708
1310	9.936800
1311	10.013841
1312	10.133721
1313	9.639311
1314	9.910050
1315	9.770349
1316	9.781115
1317	10.398375
1318	9.581883
1319	7.703382
1320	8.857336
1321	9.093019
1322	8.952439
1323	10.375018
1324	9.731269
1325	9.691993
1326	9.256678
1327	10.060911
1328	9.061247
1329	9.841840
1330	8.575809
1331	9.976097
1332	10.095568
1333	8.070255
1334	9.950463
1335	9.451503
1336	8.395034
1337	9.058489
1338	8.897983
1339	8.999517
1340	9.428218
1341	8.066226
1342	10.537314
1343	9.183447
1344	10.076156
1345	9.434812
1346	8.627323
1347	8.122155
1348	9.822469
1349	9.574371
1350	9.457754
1351	8.419394
1352	8.552485
1353	9.312218
1354	9.201468
1355	10.984435
1356	9.309608
1357	8.890184
1358	9.449524
1359	8.857409
1360	9.613616
1361	9.048248
1362	9.669948
1363	9.735608
1364	9.326866
1365	9.300591
1366	9.125710
1367	9.182870
1368	8.040032
1369	7.982031
1370	8.932867
1371	10.097707
1372	8.988808
1373	8.511819
1374	9.256595
1375	9.038273
1376	9.041659
1377	9.922013
1378	9.514532
1379	9.688329
1380	8.922680
1381	9.309582
1382	10.033925
1383	9.930516
1384	9.089075
1385	8.492762
1386	8.297048
1387	8.733064
1388	9.094186
1389	9.601860
1390	10.112517
1391	9.635293
1392	8.387283
1393	8.895453
1394	8.371404
1395	7.993228
1396	8.871218
1397	9.789557
1398	8.201907
1399	9.899875
1400	8.609541
1401	9.674006
1402	9.476835
1403	9.558139
1404	9.006737
1405	9.057737
1406	8.119693
1407	9.021506
1408	8.628956
1409	8.919489
1410	8.992577
1411	9.076238
1412	7.821335
1413	7.890660
1414	9.531803
1415	9.468441
1416	9.424873
1417	9.063917
1418	8.426184
1419	9.566388
1420	8.860089
1421	8.852402
1422	9.535796
1423	10.199020
1424	9.385147
1425	9.714620
1426	8.692123
1427	9.752795
1428	9.924723
1429	10.642654
1430	8.446662
1431	9.956397
1432	9.709883
1433	9.697465
1434	10.616912
1435	9.020810
1436	9.347092
1437	9.277102
1438	9.350959
1439	9.481146
1440	9.940191
1441	9.184628
1442	9.148273
1443	8.745906
1444	8.883615
1445	9.686860
1446	10.195086
1447	9.473743
1448	9.407051
1449	8.876983
1450	9.652041
1451	9.679656
1452	9.252999
1453	9.476836
1454	10.338443
1455	8.639808
1456	10.408568
1457	9.959850
1458	9.872760
1459	9.158629
1460	9.005661
1461	9.064056
1462	9.700610
1463	10.302761
1464	8.453616
1465	9.163069
1466	9.518799
1467	9.627527
1468	8.859724
1469	10.028249
1470	9.280221
1471	10.047262
1472	8.404868
1473	9.291410
1474	9.069322
1475	8.476025
1476	8.688095
1477	9.555161
1478	8.766512
1479	8.831610
1480	9.400393
1481	10.535604
1482	9.901768
1483	10.218467
1484	9.724474
1485	9.061622
1486	9.702232
1487	9.694252
1488	9.507537
1489	9.927629
1490	7.750742
1491	9.121950
1492	9.240178
1493	10.501695
1494	8.804851
1495	9.589728
1496	8.260877
1497	8.414689
1498	9.427900
1499	8.352592
1500	9.585768
1501	9.421900
1502	9.190745
1503	8.943701
1504	8.967564
1505	9.475327
1506	9.621543
1507	8.432924
1508	8.668125
1509	8.118780
1510	9.491179
1511	9.906564
1512	8.683738
1513	10.211690
1514	7.831180
1515	10.294024
1516	7.472622
1517	10.087448
1518	8.745633
1519	9.330487
1520	8.475642
1521	8.175285
1522	9.259385
1523	8.219057
1524	9.815876
1525	8.220188
1526	8.822209
1527	8.314361
1528	8.242403
1529	8.404819
1530	8.537687
1531	9.208567
1532	8.790222
1533	8.813478
1534	8.859917
1535	8.401839
1536	9.239314
1537	8.592566
1538	8.684408
1539	7.970459
1540	8.887092
1541	8.576585
1542	8.957058
1543	8.838174
1544	7.816660
1545	9.136548
1546	8.170698
1547	9.171483
1548	8.974960
1549	8.399012
1550	8.132017
1551	8.909939
1552	8.723435
1553	7.811141
1554	7.428815
1555	8.053554
1556	9.025902
1557	7.918953
1558	8.368482
1559	8.246492
1560	8.109430
1561	8.360414
1562	7.496833
1563	8.218843
1564	7.746539
1565	8.438330
1566	9.103302
1567	8.437480
1568	8.523398
1569	8.842501
1570	8.188267
1571	8.773335
1572	8.549063
1573	8.571137
1574	7.866698
1575	8.022439
1576	7.805344
1577	7.997075
1578	8.432938
1579	7.900195
1580	7.849778
1581	7.910532
1582	8.091359
1583	7.844926
1584	8.412264
1585	8.992008
1586	9.176404
1587	8.023055
1588	8.606682
1589	8.292330
1590	8.877141
1591	9.201247
1592	8.489998
1593	9.185997
1594	8.632627
1595	8.695131
1596	8.817120
1597	8.150802
1598	8.345262
1599	9.393875
1600	8.413709
1601	7.481698
1602	8.848738
1603	8.683029
1604	8.347507
1605	8.012614
1606	8.850819
1607	8.303898
1608	8.474748
1609	8.114592
1610	8.699079
1611	8.511056
1612	10.021904
1613	9.869601
1614	7.938475
1615	8.963595
1616	9.707533
1617	9.063851
1618	9.468965
1619	8.875730
1620	8.495754
1621	8.709539
1622	9.083474
1623	8.546029
1624	8.524323
1625	7.627563
1626	8.645678
1627	8.263129
1628	8.138514
1629	7.698845
1630	7.644247
1631	6.883867
1632	6.969312
1633	6.691945
1634	7.950536
1635	8.287684
1636	8.218400
1637	7.329129
1638	7.311696
1639	8.348251
1640	9.180877
1641	8.017892
1642	8.157486
1643	8.189123
1644	8.727005
1645	8.494214
1646	8.139536
1647	8.990377
1648	8.838181
1649	8.607005
1650	9.357823
1651	7.936962
1652	8.444613
1653	9.211735
1654	8.303821
1655	8.898439
1656	8.283562
1657	8.237171
1658	7.912830
1659	8.937529
1660	8.688369
1661	9.701732
1662	8.535280
1663	8.950139
1664	7.859194
1665	8.097391
1666	8.869398
1667	9.323159
1668	7.688442
1669	9.100041
1670	9.020782
1671	9.237904
1672	9.123080
1673	9.163243
1674	8.197378
1675	7.454514
1676	8.451827
1677	7.786294
1678	9.100922
1679	8.500010
1680	8.695114
1681	9.113393
1682	9.019322
1683	8.298272
1684	8.945264
1685	9.951380
1686	9.882205
1687	5.135014
1688	7.706843
1689	8.180781
1690	8.396512
1691	6.806566
1692	7.352779
1693	9.614704
1694	8.001225
1695	8.616367
1696	9.453962
1697	9.111822
1698	8.293761
1699	8.599075
1700	9.287329
1701	8.319405
1702	7.855476
1703	9.069542
1704	9.111259
1705	8.440299
1706	8.933203
1707	8.831370
1708	9.123354
1709	9.346835
1710	8.590634
1711	8.754711
1712	8.893761
1713	7.842588
1714	8.222161
1715	9.221026
1716	9.472487
1717	8.441228
1718	9.117613
1719	8.374887
1720	9.095785
1721	9.072083
1722	9.154040
1723	8.046004
1724	8.331210
1725	8.845529
1726	8.494452
1727	8.314279
1728	9.359022
1729	9.740040
1730	9.348608
1731	8.330769
1732	9.139689
1733	8.884130
1734	9.667807
1735	9.395133
1736	9.438362
1737	9.270802
1738	9.297543
1739	9.092447
1740	9.393234
1741	9.769987
1742	8.878005
1743	8.262548
1744	8.137204
1745	9.078513
1746	9.995398
1747	9.166538
1748	8.627496
1749	8.540082
1750	8.928470
1751	8.202845
1752	8.909775
1753	7.861710
1754	8.468415
1755	9.163547
1756	8.186258
1757	8.021087
1758	8.930477
1759	8.734536
1760	8.713173
1761	8.690159
1762	8.183192
1763	7.829207
1764	8.535547
1765	8.498811
1766	8.780679
1767	9.361100
1768	7.914595
1769	8.854041
1770	8.696671
1771	8.450101
1772	8.844806
1773	9.038213
1774	9.314635
1775	9.556620
1776	8.780113
1777	9.226932
1778	9.880885
1779	10.280335
1780	9.357527
1781	10.394315
1782	9.820178
1783	7.696292
1784	9.476213
1785	9.351037
1786	9.135041
1787	8.376838
1788	9.776067
1789	9.526733
1790	9.457067
1791	9.164203
1792	9.552011
1793	9.438268
1794	9.363360
1795	9.310096
1796	8.647719
1797	9.421140
1798	9.786698
1799	9.651296
1800	9.201201
1801	9.685473
1802	10.318024
1803	8.790712
1804	8.429476
1805	8.833996
1806	8.156572
1807	8.181692
1808	8.868867
1809	9.012809
1810	9.765276
1811	10.583696
1812	10.177367
1813	9.908823
1814	8.128916
1815	8.888408
1816	8.907825
1817	8.589902
1818	9.441085
1819	8.381906
1820	10.140143
1821	8.492668
1822	10.407244
1823	10.351088
1824	8.421079
1825	9.499503
1826	8.242367
1827	6.763732
1828	8.151186
1829	9.329101
1830	8.637888
1831	8.714482
1832	6.332355
1833	6.759954
1834	6.925614
1835	6.848431
1836	7.555079
1837	7.300356
1838	6.761022
1839	7.547312
1840	7.846287
1841	7.667476
1842	7.639691
1843	7.787100
1844	7.521370
1845	9.468998
1846	9.156042
1847	7.612660
1848	7.701974
1849	7.030141
1850	6.703141
1851	7.712367
1852	8.548596
1853	9.238036
1854	7.439597
1855	5.225807
1856	7.142690
1857	7.353859
1858	5.899229
1859	7.001235
1860	7.451483
1861	6.579803
1862	6.303810
1863	6.729636
1864	5.758550
1865	6.649579
1866	6.293751
1867	6.491525
1868	6.995414
0	3.212227
1	4.385261
2	5.073234
3	3.619915
4	4.744006
5	4.393426
6	4.888761
7	4.175969
8	5.337735
9	4.952715
10	3.488639
11	4.504521
12	4.881938
13	4.158534
14	5.410156
15	4.369267
16	5.013074
17	3.570658
18	6.031790
19	3.784508
20	5.476843
21	4.571805
22	5.443978
23	5.234910
24	5.853595
25	5.280957
26	5.604891
27	5.589222
28	5.390483
29	5.704859
30	6.233861
31	5.141305
32	5.499944
33	4.175585
34	6.190277
35	5.410149
36	5.994504
37	4.380605
38	5.499545
39	8.121449
40	6.378103
41	8.730738
42	8.490901
43	6.386150
44	9.481989
45	5.179631
46	6.944928
47	6.278382
48	6.911506
49	6.015764
50	5.446476
51	4.845176
52	5.532886
53	4.766593
54	5.031508
55	5.126102
56	4.496677
57	5.575879
58	6.695616
59	6.488158
60	5.092671
61	5.896399
62	4.723655
63	4.385952
64	5.302198
65	4.882137
66	6.486341
67	5.255760
68	5.387001
69	6.224805
70	6.725101
71	7.210589
72	9.000043
73	7.426396
74	12.076560
75	10.047768
76	7.324711
77	8.516121
78	10.630186
79	13.052365
80	11.190289
81	12.998144
82	10.985332
83	16.140793
84	14.555168
85	12.083145
86	14.564993
87	12.432531
88	12.206236
89	10.193839
90	10.900591
91	9.748177
92	11.177515
93	13.210126
94	11.516360
95	12.763802
96	13.566144
97	11.208301
98	13.854433
99	12.940211
100	11.140000
101	15.031309
102	14.640123
103	9.761024
104	16.058702
105	10.503336
106	12.828525
107	10.089094
108	13.909588
109	15.104862
110	12.214822
111	11.547181
112	10.120088
113	8.109474
114	12.317293
115	11.622276
116	10.817110
117	13.333033
118	12.154950
119	11.692546
120	13.919218
121	13.258543
122	14.485683
123	16.539476
124	13.619991
125	18.420670
126	20.174164
127	15.825745
128	16.500120
129	15.667274
130	16.128752
131	16.947060
132	16.875648
133	17.046648
134	16.447594
135	16.047997
136	15.554274
137	17.885960
138	15.990584
139	17.053362
140	17.019464
141	16.697464
142	16.410770
143	16.133324
144	17.414787
145	16.443785
146	16.882135
147	16.250210
148	17.931482
149	20.005947
150	17.917049
151	16.842094
152	19.303993
153	18.940390
154	17.161051
155	15.626306
156	17.130016
157	16.330786
158	17.225187
159	15.288832
160	16.054478
161	15.669818
162	14.845406
163	14.573420
164	14.940719
165	14.846292
166	16.362331
167	17.005209
168	17.626884
169	16.539396
170	17.044403
171	13.656172
172	16.156126
173	14.195760
174	13.565655
175	15.379661
176	15.113915
177	17.408083
178	13.251871
179	13.564853
180	13.521226
181	14.144662
182	14.874438
183	14.038244
184	15.190738
185	16.909662
186	15.497114
187	14.215959
188	15.995454
189	15.613579
190	15.563296
191	15.912928
192	15.881401
193	16.356985
194	15.171563
195	16.065296
196	17.229586
197	13.282714
198	14.228021
199	13.291916
200	13.412485
201	16.106419
202	15.561093
203	15.012300
204	13.431463
205	14.812930
206	14.549128
207	13.900196
208	14.318475
209	13.901386
210	14.161701
211	14.579535
212	13.903461
213	14.768164
214	15.148317
215	14.053059
216	14.937943
217	14.792126
218	15.829938
219	13.599921
220	15.463462
221	13.490965
222	15.977962
223	14.471479
224	13.934160
225	14.837085
226	16.334459
227	16.193201
228	16.096956
229	14.770977
230	15.805953
231	17.960184
232	15.484718
233	13.951753
234	14.407725
235	14.113246
236	13.190078
237	16.746475
238	15.439332
239	15.419164
240	16.118626
241	14.248890
242	14.896113
243	17.003895
244	14.375083
245	12.845798
246	16.590902
247	16.837475
248	17.545040
249	14.997471
250	14.238355
251	15.573507
252	15.675447
253	16.684618
254	14.989946
255	13.502029
256	13.129430
257	13.135975
258	14.493789
259	14.006789
260	13.204609
261	13.458205
262	13.635780
263	12.421342
264	13.576780
265	12.664740
266	14.562275
267	12.638245
268	13.229089
269	15.740835
270	12.221476
271	13.252870
272	12.912805
273	14.337145
274	12.749076
275	12.618062
276	12.475343
277	12.664716
278	12.874165
279	14.158707
280	14.034220
281	13.186939
282	13.734491
283	12.484426
284	12.720035
285	12.771321
286	12.627977
287	14.590068
288	12.770133
289	13.049420
290	13.989327
291	14.022759
292	13.616446
293	13.082302
294	13.139017
295	13.675858
296	12.901711
297	13.551995
298	15.225853
299	13.549479
300	13.006226
301	13.041738
302	12.149248
303	12.822534
304	12.719345
305	14.577253
306	12.967885
307	13.400980
308	13.273412
309	12.608772
310	12.843531
311	13.057301
312	12.729475
313	12.274856
314	12.637484
315	12.728631
316	12.168260
317	14.610683
318	12.344943
319	14.969814
320	13.940782
321	12.322179
322	12.695807
323	12.374622
324	12.489944
325	12.911728
326	13.970824
327	14.450608
328	12.274135
329	12.387359
330	13.053031
331	12.202287
332	12.767004
333	13.380835
334	12.869004
335	13.358208
336	12.742925
337	12.464034
338	12.500388
339	12.208449
340	12.742468
341	12.423480
342	13.687946
343	12.221160
344	12.340171
345	12.806816
346	12.629763
347	12.389733
348	13.434169
349	12.214402
350	12.904812
351	12.225901
352	12.248693
353	12.822889
354	12.869205
355	12.455961
356	12.907331
357	12.498584
358	13.390103
359	14.903352
360	13.933741
361	12.678211
362	13.170180
363	12.290280
364	13.256673
365	12.883056
366	13.144452
367	13.057994
368	12.752195
369	12.186898
370	12.951051
371	12.318348
372	12.370541
373	13.132151
374	12.485715
375	12.824717
376	12.322058
377	13.034054
378	12.863988
379	13.086031
380	12.479888
381	12.855773
382	12.295727
383	12.651631
384	14.363821
385	12.584443
386	13.303009
387	13.103852
388	12.607183
389	12.691319
390	11.961719
391	12.421210
392	14.633115
393	14.638667
394	12.922390
395	13.951871
396	12.778309
397	13.903720
398	13.043229
399	15.335171
400	13.620661
401	12.913732
402	12.480221
403	12.556689
404	14.712963
405	14.330340
406	12.493914
407	12.735151
408	14.323334
409	12.268020
410	12.796519
411	13.513203
412	14.642354
413	12.171926
414	12.949217
415	13.816696
416	12.634200
417	13.030688
418	12.538971
419	12.698168
420	13.135676
421	12.568875
422	12.581809
423	12.921941
424	12.980098
425	12.906125
426	12.765378
427	13.088860
428	12.735729
429	12.111837
430	12.473354
431	13.026807
432	12.454418
433	12.861671
434	12.539601
435	12.925717
436	12.257245
437	12.542546
438	13.001435
439	12.445828
440	12.654963
441	12.579638
442	12.685349
443	14.586434
444	14.262379
445	14.003734
446	12.928288
447	14.855969
448	12.897497
449	12.817256
450	13.641365
451	13.311257
452	14.675659
453	12.453553
454	12.508301
455	13.809350
456	14.759689
457	13.228726
458	13.890859
459	15.044390
460	13.535518
461	13.568296
462	13.748781
463	12.886871
464	13.706277
465	13.489096
466	13.810496
467	13.154339
468	14.465662
469	12.947980
470	12.982543
471	14.404687
472	12.221036
473	13.038484
474	13.020752
475	13.842724
476	12.900317
477	12.760802
478	14.479001
479	12.834799
480	13.027160
481	12.755221
482	12.756699
483	14.738273
484	14.257470
485	14.759542
486	14.300651
487	15.408054
488	15.299860
489	12.843959
490	13.413551
491	13.157097
492	13.088941
493	13.035948
494	13.323497
495	13.227188
496	13.855147
497	13.122036
498	13.549072
499	12.963702
500	12.931238
501	12.737414
502	12.830528
503	13.210314
504	13.222105
505	15.489512
506	14.477356
507	14.396276
508	13.776283
509	13.501207
510	12.636466
511	14.860806
512	12.515022
513	14.022433
514	13.920653
515	13.801073
516	12.801925
517	14.245690
518	12.704410
519	13.698308
520	13.926300
521	14.593002
522	15.245814
523	13.923309
524	14.232882
525	13.940900
526	13.537871
527	13.210180
528	14.970748
529	12.854383
530	13.961741
531	12.534233
532	12.542030
533	13.089155
534	14.178630
535	13.737543
536	13.636710
537	13.080998
538	13.018717
539	13.061349
540	13.807391
541	15.039353
542	14.735695
543	14.040211
544	13.161206
545	13.183931
546	14.690559
547	14.758603
548	14.024170
549	14.273014
550	15.005497
551	15.049284
552	14.791030
553	14.692924
554	14.807719
555	14.607126
556	14.485225
557	14.137962
558	15.116613
559	12.285125
560	12.739744
561	12.616696
562	12.658585
563	12.898938
564	12.981728
565	14.416016
566	12.793614
567	14.302670
568	15.119898
569	14.381017
570	14.093381
571	14.699839
572	13.930367
573	14.422418
574	12.162423
575	12.075087
576	13.070863
577	13.108293
578	12.722618
579	13.781519
580	12.593933
581	13.272692
582	12.595059
583	13.672610
584	13.032421
585	12.490184
586	12.405600
587	14.584716
588	12.500162
589	12.480330
590	14.009668
591	12.530125
592	13.940893
593	13.689836
594	13.930575
595	13.763928
596	13.306669
597	13.898364
598	15.848710
599	13.793342
600	15.092046
601	13.929634
602	14.997636
603	15.454717
604	12.257397
605	13.296575
606	14.697112
607	12.708285
608	14.935489
609	14.695525
610	13.637766
611	12.234736
612	13.355560
613	12.721045
614	12.960694
615	13.924994
616	12.738512
617	12.758112
618	13.634446
619	13.828260
620	12.511326
621	12.639058
622	13.561078
623	12.835728
624	12.603955
625	12.365306
626	12.716834
627	13.324899
628	15.067151
629	12.925623
630	13.086264
631	12.762072
632	15.036442
633	14.891850
634	12.459726
635	14.262861
636	13.549544
637	13.132848
638	12.827073
639	12.578480
640	15.133336
641	12.305062
642	13.208685
643	12.440533
644	13.096567
645	12.981454
646	12.646602
647	12.672715
648	12.713042
649	12.714383
650	12.942191
651	12.864562
652	12.577486
653	12.399652
654	12.888048
655	13.294744
656	12.898860
657	15.234479
658	13.075736
659	12.905913
660	12.833560
661	13.982869
662	12.947978
663	13.107381
664	14.847507
665	15.164598
666	14.867335
667	13.264682
668	13.531243
669	13.675969
670	13.145909
671	12.440038
672	14.263891
673	12.951674
674	12.893665
675	13.012357
676	13.179700
677	12.950401
678	12.903316
679	13.083827
680	12.769693
681	12.521157
682	12.562744
683	13.018760
684	13.182208
685	13.649589
686	12.604591
687	12.498384
688	13.115397
689	12.949142
690	12.320891
691	12.795326
692	12.938774
693	13.056904
694	13.259137
695	12.921147
696	12.639058
697	13.116614
698	12.855608
699	12.798989
700	13.094910
701	13.064106
702	12.606135
703	13.551439
704	13.093840
705	14.198191
706	14.142906
707	15.586873
708	13.503183
709	13.654801
710	13.218609
711	13.470682
712	12.996256
713	13.910621
714	12.690994
715	14.369653
716	13.066020
717	13.089675
718	14.486091
719	15.148696
720	13.320571
721	13.475379
722	12.944645
723	13.383430
724	13.445560
725	12.853210
726	13.828373
727	12.144208
728	12.889441
729	12.826053
730	13.627814
731	12.951324
732	13.928771
733	13.194068
734	12.632928
735	13.488180
736	12.499574
737	13.030494
738	13.298100
739	12.798256
740	12.685945
741	12.415166
742	12.535336
743	14.341353
744	12.355847
745	13.176032
746	13.276754
747	12.800463
748	14.335597
749	15.793949
750	15.060948
751	15.657474
752	15.731703
753	14.747345
754	14.894490
755	14.118226
756	13.448886
757	15.021352
758	13.159886
759	13.008653
760	12.515461
761	13.419811
762	13.122814
763	13.286138
764	12.848607
765	13.049179
766	13.217282
767	14.068305
768	13.286480
769	14.801524
770	14.433872
771	14.692051
772	12.796618
773	13.003851
774	13.215837
775	12.959895
776	13.638276
777	13.039129
778	13.764439
779	13.288736
780	12.889646
781	13.578737
782	12.805978
783	12.856411
784	12.971017
785	12.764587
786	13.223793
787	13.148014
788	12.902109
789	13.440176
790	14.146707
791	15.845360
792	14.947448
793	12.406168
794	15.055913
795	12.857732
796	12.631497
797	13.831441
798	13.489484
799	12.761302
800	12.670062
801	12.690469
802	13.096448
803	12.769448
804	12.988673
805	12.755745
806	12.612799
807	12.730433
808	13.563573
809	13.528731
810	13.426898
811	13.038543
812	12.602380
813	14.066889
814	13.868216
815	13.039670
816	13.050497
817	12.445606
818	12.715653
819	12.829048
820	12.685429
821	12.893228
822	14.190465
823	14.228291
824	14.933001
825	13.441360
826	12.308542
827	13.369763
828	13.316183
829	12.713574
830	12.790387
831	12.835007
832	12.495192
833	12.429523
834	12.901821
835	12.844353
836	13.032328
837	13.093708
838	15.057590
839	12.897695
840	13.173946
841	13.171264
842	12.732800
843	12.459731
844	12.936251
845	12.893728
846	12.748985
847	12.420424
848	12.654778
849	13.482022
850	13.243359
851	12.960035
852	13.683993
853	12.654810
854	13.125011
855	13.375097
856	13.898656
857	13.898276
858	13.186836
859	12.671170
860	12.446086
861	12.772391
862	12.959791
863	13.258379
864	12.267747
865	13.094872
866	12.793315
867	12.666972
868	14.153704
869	13.589339
870	13.554876
871	12.369033
872	12.889390
873	13.344393
874	12.403913
875	13.069591
876	12.895835
877	12.565296
878	12.602869
879	13.713607
880	13.600019
881	12.778274
882	13.357884
883	13.245005
884	12.857135
885	12.687845
886	12.827151
887	14.674245
888	14.727351
889	14.781466
890	14.860959
891	12.493767
892	14.791899
893	14.859993
894	15.378041
895	14.138617
896	14.450681
897	12.781569
898	13.028415
899	12.511086
900	12.894660
901	12.672623
902	14.216136
903	14.410752
904	13.686510
905	14.583640
906	12.787189
907	12.275886
908	14.534034
909	14.470406
910	12.713876
911	13.264009
912	13.369700
913	12.449725
914	12.499530
915	14.436502
916	12.901053
917	12.769578
918	12.730146
919	13.145818
920	12.817498
921	14.821435
922	14.144134
923	12.960824
924	12.715252
925	13.771400
926	14.578617
927	13.776459
928	12.658113
929	13.156037
930	14.412905
931	12.721147
932	12.750623
933	12.956039
934	12.669683
935	12.165709
936	13.413907
937	14.022357
938	13.194395
939	12.249857
940	13.478917
941	12.633502
942	13.055150
943	12.642901
944	14.865729
945	14.040531
946	12.120713
947	12.783623
948	12.750945
949	12.663509
950	13.397173
951	14.208092
952	12.974925
953	13.173012
954	12.616152
955	14.571368
956	13.483451
957	14.213288
958	13.248075
959	14.416265
960	13.267967
961	14.279130
962	13.705540
963	14.717324
964	14.598035
965	13.197912
966	12.630880
967	14.422942
968	12.021133
969	12.854555
970	12.114069
971	12.609365
972	12.806148
973	12.612726
974	12.659947
975	12.645674
976	14.701227
977	14.500775
978	15.013307
979	14.925312
980	15.044999
981	13.193066
982	12.967979
983	14.346518
984	12.881185
985	12.794536
986	12.823737
987	13.038121
988	15.074899
989	12.655030
990	13.175849
991	12.787802
992	12.699181
993	12.387938
994	13.093470
995	13.133993
996	14.559402
997	13.247705
998	12.589171
999	13.479037
1000	13.469841
1001	14.491837
1002	13.469249
1003	13.963899
1004	13.070295
1005	12.534348
1006	12.815147
1007	13.389297
1008	12.486177
1009	13.440680
1010	13.463049
1011	14.812503
1012	15.755621
1013	12.878572
1014	12.865775
1015	12.911353
1016	12.507099
1017	14.558185
1018	12.465277
1019	13.502025
1020	13.026469
1021	14.450763
1022	13.087827
1023	14.253662
1024	12.222122
1025	14.568955
1026	12.779272
1027	14.500881
1028	14.408192
1029	13.839687
1030	14.334927
1031	13.314698
1032	12.925172
1033	12.940719
1034	12.812063
1035	14.103095
1036	14.022742
1037	12.892097
1038	14.611077
1039	13.925540
1040	13.769667
1041	13.035986
1042	12.913503
1043	12.877120
1044	13.208261
1045	14.531024
1046	14.651202
1047	14.000127
1048	15.119029
1049	13.328077
1050	14.211608
1051	14.928557
1052	14.921104
1053	14.310367
1054	14.010664
1055	13.477960
1056	14.624035
1057	14.015612
1058	14.814417
1059	14.881050
1060	13.207945
1061	14.406755
1062	12.905369
1063	13.461153
1064	13.341837
1065	13.289128
1066	13.212379
1067	12.949917
1068	13.103139
1069	15.266051
1070	13.229011
1071	12.933722
1072	13.538307
1073	14.528435
1074	14.943391
1075	13.599310
1076	13.162223
1077	12.591617
1078	12.455825
1079	13.299389
1080	12.704934
1081	15.397882
1082	14.685059
1083	12.476356
1084	13.231198
1085	12.377032
1086	14.316746
1087	12.875329
1088	12.733572
1089	12.278980
1090	14.658047
1091	12.428941
1092	12.818178
1093	13.489169
1094	12.507057
1095	14.228490
1096	14.648080
1097	15.244112
1098	14.324161
1099	13.171157
1100	13.339732
1101	13.295929
1102	14.364692
1103	15.390312
1104	14.111251
1105	12.909333
1106	13.122855
1107	13.362945
1108	13.177834
1109	14.277165
1110	14.252187
1111	14.442789
1112	12.607209
1113	12.515088
1114	13.298837
1115	13.626468
1116	14.051977
1117	13.154944
1118	12.830797
1119	13.112208
1120	12.836814
1121	13.092515
1122	14.391320
1123	12.808314
1124	13.001440
1125	13.223023
1126	12.574862
1127	12.898404
1128	12.448427
1129	14.404798
1130	14.299092
1131	12.249161
1132	12.707180
1133	13.606034
1134	12.838245
1135	13.422051
1136	14.081114
1137	13.879109
1138	12.888755
1139	14.057106
1140	13.731431
1141	12.891802
1142	12.508735
1143	13.284760
1144	14.174358
1145	15.038890
1146	13.985598
1147	12.859959
1148	13.526143
1149	13.188217
1150	14.734571
1151	13.102777
1152	13.714414
1153	12.593637
1154	13.807778
1155	13.712132
1156	13.298472
1157	13.261044
1158	12.813214
1159	12.988938
1160	13.601182
1161	12.710649
1162	13.180401
1163	11.960828
1164	12.064369
1165	12.663707
1166	13.022888
1167	13.128573
1168	12.580310
1169	12.133893
1170	13.091164
1171	12.965916
1172	12.982791
1173	12.819198
1174	13.131524
1175	12.551550
1176	13.993833
1177	13.046962
1178	12.775184
1179	12.578307
1180	12.923630
1181	14.549520
1182	12.555516
1183	13.124215
1184	12.855790
1185	13.200571
1186	13.276613
1187	14.965965
1188	15.329255
1189	15.098812
1190	12.127099
1191	12.563968
1192	13.165595
1193	14.087341
1194	13.094635
1195	13.355614
1196	12.564972
1197	12.321112
1198	12.935295
1199	13.602773
1200	13.573465
1201	13.114554
1202	13.090244
1203	12.855642
1204	13.796249
1205	12.991415
1206	14.404428
1207	13.427200
1208	14.094401
1209	13.978747
1210	13.732077
1211	13.106737
1212	12.451945
1213	14.269878
1214	13.535384
1215	13.247603
1216	14.246621
1217	14.948046
1218	13.154752
1219	13.177633
1220	12.949555
1221	13.649429
1222	14.495640
1223	12.547126
1224	12.819878
1225	12.832575
1226	13.274522
1227	12.992113
1228	13.000224
1229	12.459473
1230	16.301668
1231	13.110077
1232	13.839455
1233	13.133389
1234	13.525478
1235	13.125355
1236	13.052819
1237	13.926746
1238	13.522353
1239	13.368173
1240	13.360093
1241	12.514009
1242	12.736818
1243	12.825858
1244	14.070411
1245	13.560075
1246	12.805789
1247	13.512027
1248	13.158822
1249	13.675397
1250	13.694111
1251	12.738362
1252	13.794716
1253	12.853477
1254	12.632459
1255	13.970692
1256	12.927654
1257	13.462534
1258	13.648660
1259	13.959553
1260	13.389736
1261	13.401652
1262	13.233731
1263	12.501922
1264	13.799322
1265	14.499980
1266	15.065881
1267	13.710177
1268	13.785162
1269	14.032982
1270	13.716056
1271	15.602519
1272	14.755114
1273	14.224216
1274	14.267411
1275	14.378249
1276	13.936935
1277	14.413305
1278	12.973069
1279	14.454436
1280	14.841016
1281	15.130848
1282	14.583106
1283	12.661078
1284	13.160927
1285	13.065928
1286	13.606838
1287	14.276506
1288	12.992168
1289	12.770166
1290	13.460941
1291	12.554992
1292	14.872286
1293	13.714905
1294	13.678999
1295	12.757543
1296	12.933769
1297	13.131771
1298	12.779561
1299	13.234247
1300	13.128833
1301	13.301037
1302	13.510246
1303	13.039815
1304	13.163774
1305	15.323844
1306	13.365721
1307	13.071447
1308	13.438788
1309	13.718179
1310	12.920526
1311	13.503484
1312	13.699711
1313	13.511609
1314	13.498614
1315	12.563644
1316	13.647677
1317	13.596184
1318	13.796575
1319	12.993696
1320	13.481376
1321	13.436543
1322	12.889516
1323	13.539694
1324	13.430753
1325	12.845951
1326	13.675980
1327	13.686677
1328	13.072585
1329	13.299471
1330	13.566852
1331	13.087426
1332	13.159566
1333	15.427348
1334	16.071545
1335	14.003613
1336	14.959965
1337	14.490991
1338	13.958452
1339	13.911290
1340	12.940287
1341	14.517953
1342	12.829719
1343	13.935381
1344	14.099606
1345	14.088471
1346	14.229800
1347	14.690087
1348	15.352320
1349	14.327012
1350	13.937451
1351	15.073298
1352	13.818058
1353	14.333155
1354	14.279973
1355	15.074899
1356	14.480390
1357	14.197200
1358	14.806665
1359	15.253992
1360	12.997787
1361	15.312407
1362	14.630803
1363	15.404171
1364	14.711811
1365	14.246522
1366	14.336141
1367	15.224488
1368	14.772494
1369	15.037792
1370	13.393531
1371	13.662540
1372	14.030211
1373	15.035190
1374	15.168351
1375	15.106930
1376	16.051271
1377	13.283892
1378	13.239688
1379	12.809404
1380	14.766119
1381	13.598534
1382	14.413554
1383	13.726055
1384	13.789044
1385	15.973639
1386	16.340977
1387	15.079434
1388	14.166923
1389	14.431872
1390	13.700489
1391	14.852371
1392	13.604358
1393	12.765343
1394	12.945922
1395	13.675471
1396	13.071885
1397	13.004064
1398	13.520072
1399	13.596236
1400	14.155957
1401	13.553169
1402	15.012566
1403	13.248595
1404	13.540843
1405	12.230841
1406	12.705119
1407	14.800206
1408	15.241525
1409	16.103607
1410	13.949855
1411	13.093065
1412	13.399078
1413	13.660409
1414	13.769619
1415	13.847562
1416	14.428060
1417	14.471105
1418	13.747042
1419	13.800263
1420	13.781703
1421	13.506526
1422	13.463810
1423	13.212964
1424	13.242139
1425	13.737664
1426	13.591139
1427	13.325269
1428	14.704857
1429	13.249473
1430	12.739415
1431	12.476946
1432	12.927115
1433	13.442206
1434	13.260584
1435	13.391721
1436	13.175421
1437	12.888673
1438	13.338478
1439	13.543976
1440	13.048688
1441	12.239581
1442	13.281585
1443	13.170120
1444	12.242444
1445	15.160006
1446	14.520843
1447	13.387974
1448	15.047185
1449	14.445690
1450	14.027820
1451	13.749957
1452	14.818853
1453	13.054722
1454	15.036903
1455	13.869051
1456	12.796026
1457	13.142777
1458	13.819876
1459	13.928069
1460	14.504609
1461	13.656827
1462	12.732830
1463	12.745139
1464	13.957759
1465	13.237847
1466	13.135377
1467	12.975458
1468	12.757550
1469	13.140076
1470	13.323491
1471	13.162374
1472	13.035943
1473	12.403563
1474	12.962029
1475	12.970906
1476	13.405604
1477	12.740230
1478	13.056148
1479	12.972559
1480	13.470935
1481	12.913814
1482	12.955450
1483	12.745564
1484	12.592115
1485	13.584732
1486	13.910651
1487	14.471594
1488	13.203034
1489	13.136489
1490	12.815621
1491	14.039771
1492	12.841619
1493	12.885731
1494	12.069617
1495	13.492875
1496	14.772965
1497	14.433022
1498	14.685699
1499	12.913258
1500	12.707835
1501	12.799339
1502	13.726725
1503	13.819134
1504	14.381918
1505	12.398187
1506	13.004375
1507	14.945102
1508	15.216187
1509	12.880568
1510	12.529680
1511	13.869178
1512	12.858339
1513	14.873904
1514	13.919284
1515	13.075006
1516	13.759089
1517	14.070479
1518	15.251718
1519	12.489040
1520	15.081306
1521	13.045748
1522	12.613933
1523	13.095009
1524	14.618626
1525	13.377521
1526	14.866181
1527	14.593052
1528	12.546878
1529	13.750629
1530	12.244246
1531	14.598763
1532	13.787028
1533	13.747211
1534	12.899262
1535	14.558182
1536	12.678251
1537	13.036298
1538	13.009508
1539	14.735751
1540	13.758665
1541	12.707027
1542	12.835861
1543	13.901731
1544	12.209055
1545	12.838092
1546	12.838541
1547	13.184456
1548	12.876789
1549	12.721922
1550	14.253553
1551	13.893053
1552	13.655803
1553	13.516364
1554	13.573536
1555	13.681208
1556	12.903911
1557	12.551258
1558	13.243340
1559	13.996925
1560	13.183372
1561	13.870651
1562	14.108440
1563	14.169833
1564	12.538379
1565	13.955773
1566	14.242614
1567	14.426551
1568	13.909920
1569	13.903892
1570	13.097997
1571	13.359119
1572	14.021605
1573	13.591725
1574	13.485126
1575	13.652208
1576	14.146929
1577	13.846070
1578	14.583721
1579	13.448876
1580	14.177368
1581	14.062302
1582	15.074516
1583	15.328607
1584	14.347589
1585	13.157179
1586	14.638244
1587	14.113700
1588	12.722856
1589	14.068696
1590	13.200340
1591	12.624462
1592	12.750938
1593	13.919936
1594	12.265612
1595	13.900640
1596	14.497828
1597	13.525210
1598	13.965822
1599	14.132124
1600	14.731931
1601	13.682230
1602	13.591007
1603	14.402702
1604	13.481206
1605	14.140118
1606	14.765889
1607	13.517190
1608	14.398341
1609	13.900024
1610	15.302876
1611	14.243629
1612	14.466295
1613	13.256072
1614	14.175747
1615	13.905643
1616	13.738198
1617	13.924925
1618	13.686594
1619	13.937135
1620	14.046169
1621	13.133479
1622	13.351392
1623	13.228386
1624	13.630511
1625	13.721754
1626	13.898510
1627	14.104950
1628	14.248570
1629	13.786175
1630	14.513835
1631	14.086863
1632	13.796627
1633	13.137050
1634	14.023839
1635	13.982584
1636	13.255668
1637	13.567784
1638	13.365964
1639	13.253502
1640	14.259585
1641	13.936205
1642	13.411725
1643	13.483844
1644	13.272784
1645	14.511541
1646	12.886568
1647	13.669993
1648	13.482458
1649	14.416241
1650	14.498640
1651	13.704048
1652	12.734626
1653	13.541825
1654	14.253377
1655	13.692667
1656	13.748554
1657	13.582156
1658	13.508704
1659	14.497122
1660	12.303487
1661	12.013970
1662	14.561931
1663	12.469374
1664	11.927280
1665	12.006317
1666	13.741217
1667	13.202966
1668	12.464820
1669	13.288119
1670	13.000466
1671	12.455140
1672	12.346309
1673	12.906106
1674	13.237934
1675	12.054386
1676	12.200772
1677	13.364987
1678	13.458860
1679	12.351246
1680	12.947780
1681	13.416757
1682	13.830507
1683	13.659475
1684	12.595254
1685	13.532988
1686	13.249791
1687	12.857565
1688	12.415272
1689	12.518983
1690	13.177164
1691	13.194752
1692	13.252295
1693	13.321846
1694	12.651333
1695	13.129456
1696	12.982254
1697	12.393449
1698	13.049528
1699	13.633539
1700	12.784510
1701	13.308477
1702	12.947390
1703	12.205465
1704	13.053411
1705	12.504808
1706	13.037275
1707	12.434072
1708	13.676815
1709	12.983594
1710	12.608294
1711	12.962102
1712	12.674376
1713	12.710363
1714	12.589620
1715	14.013211
1716	12.513792
1717	13.161952
1718	12.170177
1719	13.171840
1720	11.981369
1721	13.182707
1722	12.503838
1723	12.666699
1724	12.579633
1725	12.628776
1726	12.500648
1727	13.051044
1728	12.416978
1729	12.734271
1730	13.045536
1731	13.034851
1732	12.372332
1733	12.898299
1734	12.263027
1735	13.467330
1736	12.891009
1737	13.136995
1738	12.755263
1739	14.650056
1740	13.476029
1741	12.026926
1742	12.012150
1743	12.309240
1744	12.575248
1745	13.162146
1746	12.957813
1747	12.594825
1748	12.471301
1749	13.273293
1750	13.123841
1751	12.282565
1752	12.581549
1753	12.926644
1754	12.924026
1755	13.080523
1756	12.942245
1757	13.372643
1758	13.062232
1759	13.603266
1760	12.852164
1761	12.835999
1762	12.398553
1763	12.025245
1764	12.804240
1765	13.181203
1766	12.708871
1767	12.759163
1768	12.639137
1769	12.825631
1770	12.596191
1771	13.073458
1772	12.589809
1773	13.458919
1774	13.203413
1775	13.244660
1776	12.534536
1777	12.650697
1778	12.690397
1779	13.064951
1780	12.410165
1781	13.347400
1782	13.194070
1783	12.435939
1784	12.670050
1785	12.226123
1786	12.798519
1787	12.457308
1788	12.425344
1789	12.631173
1790	13.459872
1791	12.998806
1792	12.437628
1793	12.246940
1794	12.881671
1795	12.519637
1796	12.504055
1797	12.686129
1798	12.552059
1799	12.962569
1800	13.393784
1801	13.107975
1802	13.701320
1803	14.038767
1804	13.345603
1805	13.403094
1806	12.929111
1807	15.135558
1808	13.646608
1809	12.605032
1810	13.359208
1811	12.824090
1812	12.314856
1813	14.866586
1814	14.420560
1815	14.020605
1816	13.010650
1817	12.865499
1818	14.165827
1819	13.472603
1820	13.062648
1821	13.385449
1822	15.763559
1823	14.784560
1824	12.671203
1825	14.591297
1826	14.726694
1827	13.215010
1828	14.414315
1829	13.812783
1830	14.642134
1831	13.146153
1832	12.864262
1833	13.496796
1834	15.007042
1835	14.320202
1836	12.606567
1837	13.688608
1838	13.711458
1839	12.314387
1840	13.819068
1841	14.393224
1842	14.749462
1843	13.073080
1844	11.916568
1845	12.486590
1846	13.081376
1847	13.564593
1848	12.541168
1849	14.855814
1850	13.531758
1851	15.342162
1852	14.223609
1853	12.371949
1854	13.112535
1855	12.769724
1856	12.903842
1857	11.856483
1858	12.874052
1859	13.513288
1860	12.652361
1861	14.390026
1862	12.927103
1863	14.852208
1864	14.960911
1865	12.924281
1866	12.612616
1867	14.948026
1868	14.328052
1869	14.169451
1870	14.232703
1871	12.092359
