0	8.430814
1	12.596305
2	15.349883
3	14.356483
4	14.656308
5	14.231730
6	13.034854
7	14.403937
8	13.484988
9	13.743799
10	14.717807
11	14.711390
12	14.799386
13	14.521951
14	15.935458
15	15.099373
16	13.769491
17	14.353516
18	14.986794
19	14.453800
20	14.035274
21	15.742740
22	14.531305
23	14.522874
24	15.940122
25	15.615373
26	16.035713
27	14.698094
28	15.205111
29	13.973490
30	14.886547
31	13.908579
32	14.994235
33	15.110747
34	15.578381
35	15.085842
36	15.809205
37	14.381369
38	13.547093
39	14.879264
40	13.281234
41	13.952295
42	14.571099
43	15.443701
44	14.107561
45	14.230816
46	14.672828
47	14.076284
48	12.445209
49	14.776984
50	13.288831
51	14.336849
52	14.637131
53	15.152458
54	14.960153
55	14.565827
56	14.789295
57	15.479660
58	15.667310
59	14.857159
60	14.317480
61	15.035151
62	15.833191
63	15.331087
64	13.944552
65	13.988539
66	14.500256
67	13.978196
68	13.756331
69	14.866734
70	13.982938
71	14.546977
72	14.367720
73	14.894596
74	13.767624
75	15.622522
76	14.471215
77	14.562875
78	14.508163
79	14.163820
80	15.787630
81	15.366020
82	15.112391
83	14.693882
84	15.591016
85	15.459160
86	17.394947
87	13.665118
88	12.609462
89	12.882367
90	15.307313
91	14.043096
92	14.043154
93	14.456818
94	14.130946
95	13.402810
96	11.826773
97	12.513431
98	13.569335
99	15.986761
100	14.339138
101	13.419929
102	12.550404
103	12.470946
104	13.314676
105	14.841719
106	12.639795
107	13.565185
108	13.922536
109	13.244807
110	14.497761
111	14.855107
112	14.964855
113	11.990518
114	14.319115
115	14.556284
116	14.549312
117	14.860723
118	15.624709
119	14.267423
120	14.437513
121	13.864213
122	14.583211
123	14.701596
124	14.842848
125	12.201627
126	13.752357
127	14.094826
128	15.623317
129	14.236245
130	13.080459
131	14.364753
132	15.469110
133	12.913980
134	14.244543
135	14.033377
136	13.202371
137	12.496007
138	15.420094
139	15.725248
140	14.284278
141	14.427402
142	12.604421
143	13.315705
144	14.333357
145	15.398678
146	14.169083
147	13.784970
148	13.975172
149	13.798968
150	13.273000
151	13.588045
152	13.015105
153	12.139398
154	11.832870
155	11.159297
156	14.219023
157	12.981413
158	13.350072
159	13.435597
160	14.233789
161	15.134545
162	14.115530
163	13.210644
164	12.730753
165	13.560549
166	13.058489
167	12.821409
168	12.958399
169	13.192749
170	14.258322
171	15.467896
172	12.374954
173	13.194011
174	11.842069
175	12.042804
176	13.514987
177	14.763012
178	13.972625
179	15.983104
180	15.270557
181	12.628772
182	13.312019
183	11.218638
184	11.737641
185	10.630884
186	12.584491
187	13.862514
188	13.965221
189	12.569780
190	11.810593
191	11.215441
192	12.684753
193	12.399198
194	14.148729
195	13.723532
196	12.858215
197	15.113595
198	16.512327
199	15.019755
200	14.017416
201	15.190573
202	14.900435
203	15.125196
204	13.625790
205	15.845614
206	15.518216
207	15.166353
208	15.291321
209	14.618877
210	14.804482
211	13.583042
212	13.882382
213	13.270572
214	12.949545
215	12.815615
216	14.362646
217	13.987728
218	13.207021
219	12.057773
220	13.017463
221	11.543662
222	10.500343
223	12.179727
224	11.457940
225	11.678218
226	13.103468
227	13.143693
228	12.777105
229	13.634760
230	12.905601
231	15.204420
232	14.476480
233	14.120960
234	12.214841
235	13.109734
236	13.874239
237	11.055551
238	14.930461
239	13.597571
240	14.010893
241	14.116352
242	13.331554
243	13.694836
244	13.178324
245	13.024339
246	14.390121
247	13.186366
248	13.490347
249	12.559842
250	14.972041
251	12.861732
252	13.290696
253	14.189398
254	13.697497
255	14.978360
256	13.038644
257	13.118205
258	12.248834
259	11.679628
260	9.658463
261	12.275908
262	12.096028
263	13.768991
264	16.964586
265	14.512882
266	14.270644
267	12.554812
268	13.125566
269	12.037133
270	11.971592
271	13.703531
272	13.499084
273	12.773262
274	13.565956
275	11.908153
276	12.310456
277	11.859132
278	10.652049
279	11.431754
280	13.068913
281	12.400921
282	12.031944
283	13.353057
284	12.105197
285	13.393506
286	14.301110
287	11.985029
288	12.159162
289	13.246771
290	14.643528
291	13.042565
292	12.703437
293	10.310835
294	12.221100
295	12.965824
296	11.951467
297	12.103310
298	11.576640
299	11.425889
300	12.030793
301	11.204326
302	11.043104
303	12.840860
304	12.345600
305	11.800664
306	13.375609
307	11.880323
308	12.715040
309	10.855597
310	11.720332
311	13.705844
312	12.578339
313	13.455978
314	13.559652
315	13.397843
316	12.562777
317	11.931235
318	13.049390
319	11.966392
320	13.470879
321	11.870981
322	11.608433
323	12.382185
324	11.405812
325	11.701578
326	13.170111
327	13.274519
328	12.056087
329	12.558894
330	11.113815
331	11.628781
332	11.552653
333	12.689955
334	11.736938
335	11.858659
336	10.563833
337	11.151849
338	11.234879
339	10.820283
340	10.754653
341	11.043305
342	10.225029
343	13.711197
344	11.473457
345	12.349450
346	13.216952
347	12.910516
348	13.465038
349	12.291828
350	11.111691
351	12.766188
352	13.251869
353	13.652215
354	12.896218
355	11.421184
356	13.556056
357	11.885492
358	11.326937
359	13.126256
360	13.683924
361	13.461075
362	11.207666
363	11.263684
364	9.600760
365	11.396867
366	12.064664
367	13.074442
368	11.054476
369	9.812730
370	7.604925
371	9.147488
372	10.907580
373	8.918798
374	9.279929
375	7.679590
376	9.932959
377	9.318592
378	8.830685
379	7.608875
380	7.010951
381	8.380126
382	12.596946
383	10.656047
384	10.045962
385	11.006739
386	7.003582
387	8.739783
388	11.146790
389	8.169424
390	14.240002
391	19.541647
392	16.955383
393	15.209015
394	13.861519
395	11.536539
396	11.323701
397	11.383954
398	18.731672
399	17.953972
400	17.044840
401	15.719266
402	11.935954
403	9.499377
404	10.887799
405	10.366591
406	8.737711
407	10.943255
408	12.350327
409	8.473411
410	10.909760
411	11.266029
412	9.385374
413	11.890947
414	9.832370
415	11.831656
416	9.765038
417	10.310366
418	11.631769
419	8.475987
420	11.004407
421	9.576641
422	10.589964
423	15.874618
424	17.855871
425	20.432333
426	13.658423
427	15.293116
428	17.457834
429	17.137753
430	16.142845
431	15.521424
432	17.118074
433	20.837799
434	15.048786
435	16.706266
436	16.860714
437	16.357779
438	8.403978
439	14.624317
440	9.809240
441	10.767480
442	11.189393
443	11.126191
444	7.485064
445	8.326781
446	6.340396
447	5.078927
448	6.228299
449	6.563849
450	6.455348
451	8.192100
452	8.043545
453	7.593610
454	5.874861
455	8.382301
456	6.063340
457	3.331334
458	3.457834
459	3.456501
460	3.414864
461	3.112184
462	4.212626
463	3.016290
464	6.568834
465	7.577867
466	8.836847
467	8.242117
468	8.635913
469	9.251968
470	8.074020
471	8.804307
472	8.747422
473	9.624079
474	9.165807
475	8.462920
476	7.381937
477	8.766060
478	8.673096
479	9.702155
480	8.767731
481	9.004458
482	8.175827
483	8.673160
484	9.409610
485	9.379157
486	8.293386
487	8.618057
488	7.875748
489	7.917172
490	8.646404
491	8.417743
492	9.176066
493	8.830737
494	8.749618
495	8.930761
496	9.146895
497	8.489699
498	9.269984
499	8.816065
500	8.372890
501	7.895905
502	7.887928
503	8.236231
504	8.065810
505	8.198597
506	8.251375
507	8.021776
508	7.307517
509	8.611788
510	8.219417
511	8.753227
512	8.162976
513	7.845342
514	7.352694
515	8.095938
516	8.056718
517	7.851778
518	7.193295
519	7.763312
520	8.672520
521	7.484717
522	8.872595
523	8.705014
524	7.964635
525	8.118189
526	8.739370
527	8.206861
528	8.156304
529	7.540099
530	8.187478
531	8.025290
532	7.736850
533	5.603388
534	5.886672
535	7.788061
536	7.818851
537	7.834795
538	7.163672
539	6.763697
540	6.687308
541	7.042187
542	7.420412
543	6.838151
544	7.411167
545	8.248071
546	7.241899
547	7.342370
548	7.522858
549	7.656853
550	7.308146
551	7.904733
552	7.791849
553	7.237326
554	7.864644
555	7.676601
556	7.955840
557	6.732883
558	8.104158
559	6.788476
560	8.072751
561	6.808627
562	6.914434
563	6.933008
564	8.055085
565	8.589651
566	8.104653
567	8.917784
568	7.358804
569	8.730819
570	8.894567
571	7.169102
572	8.818559
573	8.491932
574	8.685308
575	9.257359
576	8.740314
577	7.656802
578	9.028273
579	8.045877
580	9.801685
581	9.959614
582	8.608887
583	9.657152
584	10.258490
585	8.618891
586	9.119588
587	10.134330
588	10.033241
589	9.838581
590	9.246508
591	9.619153
592	8.892115
593	9.011526
594	9.817803
595	9.785366
596	7.134328
597	9.290526
598	10.039114
599	8.976124
600	8.907822
601	9.208486
602	10.003582
603	9.917178
604	10.221348
605	8.203213
606	9.759930
607	7.889533
608	8.128826
609	9.755300
610	9.552142
611	8.353970
612	8.623446
613	8.564041
614	8.737243
615	9.984229
616	8.788218
617	9.676212
618	10.076727
619	9.780419
620	9.867848
621	10.924888
622	10.051380
623	10.590053
624	9.732492
625	9.109450
626	9.959137
627	9.735455
628	7.515911
629	9.257806
630	9.670492
631	8.639509
632	9.720456
633	10.520082
634	10.390483
635	10.448511
636	8.741627
637	9.788109
638	9.716442
639	9.541629
640	9.719620
641	8.690725
642	9.951052
643	9.522232
644	9.974375
645	9.028894
646	10.245123
647	9.272934
648	9.002783
649	9.522789
650	9.128930
651	8.763378
652	8.197486
653	9.049569
654	8.485869
655	8.469596
656	9.450866
657	8.205003
658	9.195354
659	9.068585
660	9.093014
661	9.114158
662	8.686435
663	8.773648
664	9.432649
665	9.785401
666	10.135778
667	9.978287
668	9.781108
669	9.654923
670	8.586390
671	9.426366
672	9.388987
673	9.315218
674	7.628502
675	7.559493
676	7.848271
677	9.827885
678	10.115769
679	9.236151
680	9.534001
681	9.768876
682	8.882168
683	8.520850
684	9.009258
685	9.098968
686	8.745838
687	9.752113
688	8.552163
689	8.242908
690	9.145533
691	9.552224
692	10.146498
693	9.195428
694	9.301347
695	9.752359
696	10.143325
697	9.558852
698	9.993048
699	10.278584
700	10.132631
701	9.821754
702	9.557230
703	9.592538
704	9.886251
705	9.029130
706	10.008897
707	9.906295
708	10.478886
709	9.288073
710	9.547832
711	9.157921
712	9.005855
713	9.534238
714	8.463225
715	10.199224
716	10.962597
717	9.807829
718	9.671175
719	9.820073
720	8.890403
721	8.781851
722	9.228983
723	10.880655
724	10.676092
725	9.160252
726	9.895890
727	9.675708
728	9.048768
729	9.182186
730	10.391935
731	9.325099
732	9.475773
733	14.272362
734	15.379356
735	16.818714
736	13.841182
737	13.058351
738	18.189571
739	18.812712
740	15.615714
741	21.929922
742	19.123247
743	24.862963
744	23.066614
745	27.472221
746	29.479839
747	28.111012
748	25.513630
749	27.607336
750	28.385468
751	29.087605
752	27.600595
753	25.005114
754	25.591703
755	28.445202
756	28.727222
757	27.664295
758	29.764736
759	29.023781
760	28.395756
761	28.516211
762	28.806211
763	28.163507
764	31.992121
765	30.613173
766	31.480928
767	30.165403
768	30.498199
769	27.551287
770	27.574368
771	28.856268
772	26.872122
773	28.449402
774	28.990404
775	28.408907
776	26.653957
777	24.153721
778	28.433830
779	24.542820
780	25.850548
781	25.314550
782	22.244827
783	23.991541
784	22.573231
785	23.512833
786	24.760881
787	25.478428
788	25.188988
789	25.403786
790	25.129910
791	25.078297
792	25.534868
793	26.007675
794	25.437555
795	25.407614
796	24.950935
797	23.541376
798	23.416965
799	24.588747
800	23.865448
801	25.263451
802	25.490837
803	26.714264
804	24.604509
805	25.463324
806	25.332853
807	25.776209
808	25.506397
809	25.872023
810	24.443663
811	25.051323
812	24.576012
813	27.378614
814	24.803366
815	25.046356
816	24.855677
817	25.233540
818	25.865786
819	25.569962
820	26.213747
821	25.392851
822	25.120066
823	26.854120
824	25.040276
825	27.013268
826	25.816767
827	25.500744
828	26.679586
829	25.623718
830	24.923323
831	26.692482
832	24.758625
833	25.702671
834	25.150227
835	26.071039
836	25.284746
837	25.815672
838	25.063532
839	26.699661
840	26.641449
841	27.771818
842	26.329229
843	27.599667
844	26.161844
845	25.138561
846	26.144117
847	25.931681
848	25.968182
849	25.437181
850	26.529476
851	25.330566
852	24.960203
853	25.530640
854	25.144047
855	26.063475
856	26.108698
857	23.453300
858	25.203739
859	25.307472
860	25.682278
861	24.756184
862	25.525015
863	25.924971
864	25.613115
865	24.332584
866	25.213184
867	25.149586
868	25.136717
869	25.927137
870	26.004980
871	25.265175
872	25.103743
873	25.161716
874	26.420033
875	25.495152
876	26.284792
877	25.124601
878	26.782742
879	25.818714
880	26.394392
881	26.195356
882	25.680723
883	25.698767
884	26.678814
885	26.302425
886	25.727907
887	25.788345
888	24.723661
889	25.972551
890	26.913641
891	24.820692
892	24.884634
893	25.494102
894	25.729322
895	25.861500
896	26.853651
897	25.711971
898	24.988277
899	24.340389
900	25.970387
901	24.763145
902	26.025457
903	26.472832
904	25.979174
905	25.618927
906	26.923582
907	26.005661
908	25.189770
909	28.312103
910	25.334856
911	26.932657
912	25.490807
913	25.946209
914	25.663271
915	25.201248
916	26.630356
917	25.458500
918	25.138384
919	25.532072
920	26.965919
921	27.536171
922	25.512480
923	24.659273
924	28.221157
925	26.469168
926	27.062946
927	25.491589
928	26.222517
929	28.217560
930	25.078279
931	25.319809
932	26.509186
933	26.633680
934	26.928272
935	24.845901
936	26.332563
937	25.832436
938	27.270973
939	25.908094
940	28.007988
941	23.431166
942	24.931538
943	25.731031
944	24.757294
945	25.500706
946	25.696196
947	26.614584
948	26.593409
949	26.153114
950	25.833078
951	25.427835
952	24.911516
953	25.242039
954	25.625824
955	25.914320
956	27.361185
957	25.354727
958	27.149134
959	24.363972
960	25.002811
961	26.511450
962	23.552694
963	25.283701
964	23.882118
965	23.894924
966	24.912605
967	25.080698
968	24.683083
969	24.616356
970	27.514864
971	23.975267
972	24.525671
973	23.777908
974	24.963676
975	26.944126
976	26.317144
977	27.158831
978	26.609165
979	27.505083
980	25.326551
981	26.078987
982	22.964418
983	24.834188
984	24.563513
985	26.249500
986	25.122131
987	25.408310
988	26.191374
989	25.258657
990	27.839228
991	25.141479
992	25.053865
993	26.014706
994	24.934076
995	26.279684
996	25.497772
997	26.072632
998	26.473934
999	25.703108
1000	24.793802
1001	29.551785
1002	25.432913
1003	27.871429
1004	25.876230
1005	25.676390
1006	28.058615
1007	24.438599
1008	24.898449
1009	24.466469
1010	25.730934
1011	23.952171
1012	24.407358
1013	21.886972
1014	21.690689
1015	23.695858
1016	26.236641
1017	25.654142
1018	25.823397
1019	27.303614
1020	26.270395
1021	25.961288
1022	24.273054
1023	26.780474
1024	27.969776
1025	24.546757
1026	26.368958
1027	25.900902
1028	24.364826
1029	27.880867
1030	26.698711
1031	27.240139
1032	26.773201
1033	25.419800
1034	25.522974
1035	25.691774
1036	26.418268
1037	24.163855
1038	25.118761
1039	24.915808
1040	27.098022
1041	25.911598
1042	23.673731
1043	24.434370
1044	24.989117
1045	25.415169
1046	27.424110
1047	23.946379
1048	25.843525
1049	25.565542
1050	26.823242
1051	24.054396
1052	26.271708
1053	25.672501
1054	25.344749
1055	24.684818
1056	26.788376
1057	26.740513
1058	28.578644
1059	28.440357
1060	29.094925
1061	28.917974
1062	28.740244
1063	29.244577
1064	27.158190
1065	28.611237
1066	28.087585
1067	28.343493
1068	26.943796
1069	27.466061
1070	27.873270
1071	27.908108
1072	27.748489
1073	25.696070
1074	28.366449
1075	25.040213
1076	27.528307
1077	28.316879
1078	27.049366
1079	24.607182
1080	27.128098
1081	27.316845
1082	27.310928
1083	26.032536
1084	25.953138
1085	25.735037
1086	26.571791
1087	26.257177
1088	26.369726
1089	24.187918
1090	27.237543
1091	25.747353
1092	25.828079
1093	25.778685
1094	26.080397
1095	26.740776
1096	25.229179
1097	26.192415
1098	26.622307
1099	26.767929
1100	26.255703
1101	27.840567
1102	27.560556
1103	27.780602
1104	31.061201
1105	29.028797
1106	28.582394
1107	29.156105
1108	27.635611
1109	27.333601
1110	27.883707
1111	28.036596
1112	29.471262
1113	25.605804
1114	29.037294
1115	29.687494
1116	29.840151
1117	28.081388
1118	27.290382
1119	28.504145
1120	26.251928
1121	25.142765
1122	23.889084
1123	23.470619
1124	22.643127
1125	24.542685
1126	25.307981
1127	24.796143
1128	26.329330
1129	25.669184
1130	25.518457
1131	24.317673
1132	25.766123
1133	25.366385
1134	25.112911
1135	25.496937
1136	26.441856
1137	24.128187
1138	25.046476
1139	25.417747
1140	26.583271
1141	26.108524
1142	26.231411
1143	26.344505
1144	24.918425
1145	25.609056
1146	26.062170
1147	26.699091
1148	26.832407
1149	26.271734
1150	25.627808
1151	25.623203
1152	26.174770
1153	25.363722
1154	25.758749
1155	26.369249
1156	24.953800
1157	25.071066
1158	25.010294
1159	25.998375
1160	25.077166
1161	24.851643
1162	24.333447
1163	23.791470
1164	24.556629
1165	26.181162
1166	25.830519
1167	26.281197
1168	26.842291
1169	27.835669
1170	25.935242
1171	26.670364
1172	24.933352
1173	27.919943
1174	26.156391
1175	25.412985
1176	23.499840
1177	25.107292
1178	24.244345
1179	24.881550
1180	25.033073
1181	23.310717
1182	23.451504
1183	25.451656
1184	24.399479
1185	26.308617
1186	24.294184
1187	24.292292
1188	23.291300
1189	24.968487
1190	25.032408
1191	25.712715
1192	23.458166
1193	25.383120
1194	25.958742
1195	25.559969
1196	23.517181
1197	24.714716
1198	26.091940
1199	26.301096
1200	25.217985
1201	25.878811
1202	23.330858
1203	25.539852
1204	23.696661
1205	23.709476
1206	21.904282
1207	23.830534
1208	23.810745
1209	24.122786
1210	25.041403
1211	23.366972
1212	24.379362
1213	24.138580
1214	23.530556
1215	23.908127
1216	24.000586
1217	23.538044
1218	24.492508
1219	24.232264
1220	24.859173
1221	25.481791
1222	23.753443
1223	23.836542
1224	23.149532
1225	23.627792
1226	23.607399
1227	23.787128
1228	25.116089
1229	23.693623
1230	24.163904
1231	23.796114
1232	23.806089
1233	23.854958
1234	23.713736
1235	23.535406
1236	23.585882
1237	24.435392
1238	23.869600
1239	22.945040
1240	23.382017
1241	23.721849
1242	24.471491
1243	24.026346
1244	25.092690
1245	23.903652
1246	25.379900
1247	24.167391
1248	24.653519
1249	23.567133
1250	24.099854
1251	23.992371
1252	23.945618
1253	24.274755
1254	23.400551
1255	23.623625
1256	23.505640
1257	23.547426
1258	23.725744
1259	24.293182
1260	23.578043
1261	23.469736
1262	22.568108
1263	24.559828
1264	24.692001
1265	24.048941
1266	24.634876
1267	25.400576
1268	24.167334
1269	24.527262
1270	24.731197
1271	24.342525
1272	25.990606
1273	24.755110
1274	24.165943
1275	24.273897
1276	24.210375
1277	24.305264
1278	24.742580
1279	24.631161
1280	23.393557
1281	24.273466
1282	24.357822
1283	23.850216
1284	23.101393
1285	23.985701
1286	24.100056
1287	23.396650
1288	23.900085
1289	23.823238
1290	23.453360
1291	24.326672
1292	24.593327
1293	23.151680
1294	23.398060
1295	23.474850
1296	25.228752
1297	23.275675
1298	22.731922
1299	23.157684
1300	23.747372
1301	23.337137
1302	25.157499
1303	23.974081
1304	23.475088
1305	23.258821
1306	24.604605
1307	24.685749
1308	23.989641
1309	23.186861
1310	24.045462
1311	24.277754
1312	23.915522
1313	24.211140
1314	24.216263
1315	23.387392
1316	23.604071
1317	23.543314
1318	24.732054
1319	24.143621
1320	23.981613
1321	22.994032
1322	25.082827
1323	24.095181
1324	23.927061
1325	24.699636
1326	23.879292
1327	23.665892
1328	23.615686
1329	23.933712
1330	25.132820
1331	23.327885
1332	24.437788
1333	23.498199
1334	23.461027
1335	22.708664
1336	23.427858
1337	22.923901
1338	23.384890
1339	23.846952
1340	24.408775
1341	21.476917
1342	24.225336
1343	24.288074
1344	23.280476
1345	24.242933
1346	22.626741
1347	23.162058
1348	23.424835
1349	22.687180
1350	23.216475
1351	23.284470
1352	22.682526
1353	23.686085
1354	23.557701
1355	24.352671
1356	23.263269
1357	22.705412
1358	23.505638
1359	24.809502
1360	23.890661
1361	23.794058
1362	24.182928
1363	25.529522
1364	25.182112
1365	23.862352
1366	23.599918
1367	22.741182
1368	22.791452
1369	24.092245
1370	23.984636
1371	23.707300
1372	22.797716
1373	23.510736
1374	23.910290
1375	23.565159
1376	23.974911
1377	23.516134
1378	22.497437
1379	23.786901
1380	23.139786
1381	24.143341
1382	24.764072
1383	23.187262
1384	23.669895
1385	22.786152
1386	23.093121
1387	23.840822
1388	24.247730
1389	22.622999
1390	21.903412
1391	21.975027
1392	22.746443
1393	23.026665
1394	22.791666
1395	23.041906
1396	23.590624
1397	24.209925
1398	23.156006
1399	24.195164
1400	23.433863
1401	23.076090
1402	24.738787
1403	23.308319
1404	23.668503
1405	23.423752
1406	22.720848
1407	24.536909
1408	23.245314
1409	24.012020
1410	22.777990
1411	23.413418
1412	24.148129
1413	24.072374
1414	24.886045
1415	24.688641
1416	24.389444
1417	21.417528
1418	21.950047
1419	23.621668
1420	23.740171
1421	23.063143
1422	24.140825
1423	24.010679
1424	22.826454
1425	23.681501
1426	24.170738
1427	23.332067
1428	24.397985
1429	23.143013
1430	23.522741
1431	22.882200
1432	24.767096
1433	23.386295
1434	23.906851
1435	22.510212
1436	22.076309
1437	22.242620
1438	23.464806
1439	23.586821
1440	24.971802
1441	24.271160
1442	23.360348
1443	24.679878
1444	23.975925
1445	25.621996
1446	22.596518
1447	23.815130
1448	23.772316
1449	24.275391
1450	23.621077
1451	23.589001
1452	23.965117
1453	23.430946
1454	24.253990
1455	23.747555
1456	23.446400
1457	23.738060
1458	24.330175
1459	23.017437
1460	23.614641
1461	23.607803
1462	23.273035
1463	22.672626
1464	23.216213
1465	23.840593
1466	23.895859
1467	23.316952
1468	24.026222
1469	21.483217
1470	23.227758
1471	22.014452
1472	22.732491
1473	22.884109
1474	24.016552
1475	23.657642
1476	23.246967
1477	24.311811
1478	22.481880
1479	23.767040
1480	22.676176
1481	24.342312
1482	23.044439
1483	23.268150
1484	23.132803
1485	24.215347
1486	22.249353
1487	23.034748
1488	23.612732
1489	23.664438
1490	24.420898
1491	24.696363
1492	24.035591
1493	24.190022
1494	22.957029
1495	24.418736
1496	21.687660
1497	24.045280
1498	22.626194
1499	22.938107
1500	22.314716
1501	22.992773
1502	22.249407
1503	23.611105
1504	22.320705
1505	22.471237
1506	22.776129
1507	23.706343
1508	22.365026
1509	21.754761
1510	22.657938
1511	24.159330
1512	23.028685
1513	23.815504
1514	24.106882
1515	23.238180
1516	22.984144
1517	23.233702
1518	22.332457
1519	23.691114
1520	23.185326
1521	23.192608
1522	23.560755
1523	23.432449
1524	22.925768
1525	23.198519
1526	24.853397
1527	22.661459
1528	23.582201
1529	23.442175
1530	23.686480
1531	23.545168
1532	23.268206
1533	24.970837
1534	24.160982
1535	23.310202
1536	22.866861
1537	23.045967
1538	24.390673
1539	23.382704
1540	23.751877
1541	24.166986
1542	23.837793
1543	22.376213
1544	24.177767
1545	23.836418
1546	23.884277
1547	22.148643
1548	23.658516
1549	23.001062
1550	23.662397
1551	23.083097
1552	22.986858
1553	23.497602
1554	24.282398
1555	23.603626
1556	23.297388
1557	22.462315
1558	21.247684
1559	22.297773
1560	23.290316
1561	22.325573
1562	21.339420
1563	23.605766
1564	22.883215
1565	22.966413
1566	24.549562
1567	24.526518
1568	22.190178
1569	23.823740
1570	23.472387
1571	22.456285
1572	22.465771
1573	23.037851
1574	23.116035
1575	24.110565
1576	24.040483
1577	23.976454
1578	23.871363
1579	23.660097
1580	22.626844
1581	24.288263
1582	24.716318
1583	22.761372
1584	23.390806
1585	23.783833
1586	23.645338
1587	23.413128
1588	24.401426
1589	23.799747
1590	24.359451
1591	24.975691
1592	23.829313
1593	23.198418
1594	23.136377
1595	23.889605
1596	24.109188
1597	23.526133
1598	23.716320
1599	24.028120
1600	24.464958
1601	22.367918
1602	23.973236
1603	21.267845
1604	22.840588
1605	23.029078
1606	24.110483
1607	22.791447
1608	23.296976
1609	22.882105
1610	23.739202
1611	24.212111
1612	23.938274
1613	24.345032
1614	23.425383
1615	23.236834
1616	23.664022
1617	24.770205
1618	24.328234
1619	24.207312
1620	23.566706
1621	23.192732
1622	24.007647
1623	23.373823
1624	23.796959
1625	24.835148
1626	24.186085
1627	23.717400
1628	24.846107
1629	23.519682
1630	24.108368
1631	23.622236
1632	23.425549
1633	23.674570
1634	23.717346
1635	22.643156
1636	22.534599
1637	22.681467
1638	23.582979
1639	23.037582
1640	23.315598
1641	22.936352
1642	23.523584
1643	23.355154
1644	23.871145
1645	23.300785
1646	24.345837
1647	23.564734
1648	23.565346
1649	23.040213
1650	24.140036
1651	24.520767
1652	21.358585
1653	23.739405
1654	23.371302
1655	23.555601
1656	23.464672
1657	23.985935
1658	23.820303
1659	22.981081
1660	23.523834
1661	23.367367
1662	25.707918
1663	24.426397
1664	23.639532
1665	24.490507
1666	23.518122
1667	24.340914
1668	24.316580
1669	23.430424
1670	24.310389
1671	22.900892
1672	24.766300
1673	23.905632
1674	22.801056
1675	23.444296
1676	23.856207
1677	23.402031
1678	23.915579
1679	23.790070
1680	23.707737
1681	23.006340
1682	23.189867
1683	23.582350
1684	23.731895
1685	23.827593
1686	23.904530
1687	23.764664
1688	23.076401
1689	24.696157
1690	23.265125
1691	24.420227
1692	23.517828
1693	24.029009
1694	23.227123
1695	24.869419
1696	23.715502
1697	24.634087
1698	24.095476
1699	23.630192
1700	24.571064
1701	24.005993
1702	24.152571
1703	22.948633
1704	22.658493
1705	22.663858
1706	22.823071
1707	22.650232
1708	22.215322
1709	22.555433
1710	23.381721
1711	23.328152
1712	23.051569
1713	22.343283
1714	23.486397
1715	24.061325
1716	23.188309
1717	24.163908
1718	22.792921
1719	23.480623
1720	23.130419
1721	24.123987
1722	23.999317
1723	23.503424
1724	24.123034
1725	23.649696
1726	22.671516
1727	22.534443
1728	23.609371
1729	23.854797
1730	23.982033
1731	23.530140
1732	24.046309
1733	25.060841
1734	24.054317
1735	23.618837
1736	23.881454
1737	23.169416
1738	23.589670
1739	23.474993
1740	24.641083
1741	22.432789
1742	24.225121
1743	24.232775
1744	23.697689
1745	25.112932
1746	24.407715
1747	23.878365
1748	24.723585
1749	23.020788
1750	23.186283
1751	23.955326
1752	22.455837
1753	22.121885
1754	22.859371
1755	22.648182
1756	23.693827
1757	23.125063
1758	24.647762
1759	24.144650
1760	23.920135
1761	24.379362
1762	23.365667
1763	23.878803
1764	23.972277
1765	22.982645
1766	21.270121
1767	23.878464
1768	23.195078
1769	23.651691
1770	23.343798
1771	23.081808
1772	23.792439
1773	23.358717
1774	23.678501
1775	23.602139
1776	23.426085
1777	24.288837
1778	24.176659
1779	23.988043
1780	23.310863
1781	23.980833
1782	23.450386
1783	24.029194
1784	24.507725
1785	24.718718
1786	23.758675
1787	23.437437
1788	23.749676
1789	23.290445
1790	23.500332
1791	24.152279
1792	24.052929
0	8.514516
1	9.246178
2	13.470304
3	10.939054
4	10.101430
5	10.625127
6	10.018344
7	10.305381
8	9.520131
9	9.060602
10	9.436359
11	9.976793
12	9.703782
13	9.229241
14	10.206419
15	8.553864
16	9.067508
17	9.234982
18	9.548392
19	9.362831
20	9.683511
21	9.655521
22	10.056386
23	8.130847
24	8.224289
25	7.550712
26	8.801233
27	8.068422
28	8.081842
29	6.783346
30	7.526189
31	7.594548
32	7.097817
33	6.479482
34	6.936359
35	7.865084
36	7.485921
37	8.715338
38	8.568909
39	7.440167
40	6.665236
41	8.328825
42	6.870306
43	7.621901
44	7.831333
45	8.083647
46	7.800905
47	7.193408
48	9.632415
49	10.351370
50	8.571939
51	7.503973
52	4.700949
53	5.837274
54	7.219425
55	6.122294
56	9.491934
57	8.095758
58	8.877999
59	8.417042
60	9.410819
61	9.568042
62	12.289189
63	8.546938
64	9.531848
65	10.581635
66	9.627258
67	12.074733
68	12.559024
69	11.791475
70	10.102230
71	13.156998
72	12.097216
73	13.371409
74	13.409630
75	12.934714
76	11.907354
77	8.474539
78	6.497513
79	8.557716
80	8.548765
81	9.422998
82	9.287673
83	8.597988
84	7.315900
85	13.733711
86	14.113999
87	13.467300
88	12.745936
89	13.954675
90	13.392656
91	14.537821
92	13.450840
93	15.420497
94	14.714602
95	16.427555
96	16.092016
97	15.395487
98	16.089640
99	16.678974
100	15.104508
101	15.352905
102	16.591375
103	15.389930
104	15.362502
105	14.878605
106	15.265546
107	14.379579
108	15.475559
109	16.296900
110	15.714292
111	16.265070
112	15.132526
113	14.874666
114	15.973001
115	14.737398
116	13.212830
117	15.624681
118	16.733660
119	17.803234
120	16.732927
121	15.829333
122	14.179718
123	16.398613
124	15.378706
125	14.825164
126	15.570600
127	14.213730
128	16.881376
129	16.315344
130	16.875441
131	16.191280
132	15.259701
133	15.656297
134	16.728373
135	16.102131
136	14.824330
137	15.758901
138	16.350271
139	15.616570
140	16.597807
141	15.253164
142	15.529699
143	15.398994
144	16.819078
145	15.733541
146	15.531992
147	15.731280
148	15.663121
149	17.324566
150	16.520432
151	15.726378
152	15.151734
153	17.967609
154	14.682699
155	17.352676
156	16.695118
157	16.617176
158	15.853977
159	13.883935
160	14.392737
161	13.442236
162	14.999556
163	14.181277
164	14.630413
165	14.999650
166	14.315735
167	14.694427
168	14.386024
169	15.490555
170	14.342040
171	14.931288
172	15.187542
173	14.559124
174	14.611794
175	14.366108
176	14.194834
177	14.837427
178	14.511971
179	13.593033
180	14.773421
181	15.638637
182	14.267375
183	13.916389
184	14.202919
185	14.709838
186	14.577146
187	14.379501
188	14.699782
189	13.974210
190	16.420069
191	13.997729
192	14.172069
193	13.182158
194	14.119971
195	13.188912
196	14.200524
197	13.647811
198	14.187155
199	14.118686
200	14.201833
201	15.057865
202	12.655227
203	12.789473
204	12.859057
205	13.350361
206	11.488280
207	12.431690
208	12.159777
209	12.469300
210	12.789275
211	12.830482
212	13.357026
213	12.716110
214	13.292046
215	12.749056
216	13.683107
217	12.995917
218	13.050997
219	13.240989
220	12.342362
221	13.920730
222	15.686368
223	14.838397
224	15.231214
225	14.536169
226	13.417974
227	14.195327
228	13.685257
229	13.786391
230	13.256011
231	13.952012
232	12.416733
233	13.179082
234	13.252326
235	12.778498
236	12.686205
237	14.990675
238	14.198624
239	13.728037
240	13.951764
241	13.966567
242	15.649796
243	14.127721
244	14.514539
245	14.882482
246	14.384171
247	13.891329
248	13.905174
249	14.688891
250	13.292987
251	15.816248
252	14.204580
253	13.896160
254	15.871643
255	15.258685
256	14.594398
257	14.059686
258	13.705029
259	13.577956
260	13.530481
261	13.469107
262	13.406338
263	13.692718
264	14.706994
265	13.843226
266	13.037063
267	15.204556
268	14.100682
269	14.005700
270	12.245631
271	12.792629
272	13.062453
273	12.681664
274	11.797889
275	12.860486
276	11.673607
277	11.157376
278	11.392651
279	11.924788
280	12.382573
281	11.716934
282	12.275015
283	15.461420
284	16.968828
285	13.615082
286	13.480092
287	13.393890
288	13.332009
289	13.992246
290	14.499082
291	9.082422
292	11.594908
293	10.643088
294	12.009669
295	11.345946
296	12.694665
297	13.182261
298	12.368960
299	13.741429
300	12.487262
301	12.197742
302	13.002223
303	13.609687
304	13.702645
305	15.221961
306	12.985410
307	12.421245
308	12.487117
309	12.452394
310	12.707278
311	11.986639
312	11.100243
313	12.040108
314	11.910172
315	12.977616
316	13.450128
317	12.540174
318	13.786755
319	12.400746
320	11.264675
321	11.630486
322	13.565022
323	11.652836
324	13.541234
325	15.495475
326	13.635372
327	11.206008
328	12.603119
329	12.872585
330	11.328852
331	11.718980
332	10.842676
333	13.059272
334	12.850036
335	11.644280
336	11.906758
337	11.394816
338	10.985820
339	10.562358
340	10.060389
341	9.436698
342	11.610518
343	12.395838
344	12.675686
345	12.410214
346	12.564206
347	12.365913
348	12.633011
349	11.669999
350	12.719823
351	11.864445
352	11.502594
353	11.027753
354	12.802073
355	13.975080
356	13.091999
357	11.966662
358	11.421782
359	11.429810
360	13.156224
361	11.844274
362	13.270318
363	12.141053
364	12.284520
365	12.693895
366	12.369696
367	12.148567
368	12.177346
369	12.484414
370	12.464886
371	12.410340
372	11.950235
373	12.668123
374	10.882264
375	12.307838
376	13.288481
377	12.877894
378	12.993885
379	11.322455
380	12.101653
381	12.167459
382	11.665318
383	10.990541
384	11.865213
385	11.813032
386	11.519879
387	11.962059
388	12.389717
389	12.481678
390	11.214833
391	12.534440
392	12.622556
393	11.573673
394	12.079222
395	11.807544
396	12.896829
397	12.514455
398	11.238087
399	12.975998
400	12.608636
401	11.881212
402	12.025863
403	12.327372
404	11.852532
405	11.995259
406	12.671470
407	12.656819
408	12.810777
409	11.901887
410	12.840205
411	11.937810
412	12.001426
413	12.078897
414	11.777452
415	11.684102
416	12.301645
417	12.087002
418	11.540163
419	11.524973
420	11.484713
421	12.080529
422	11.867867
423	11.777675
424	12.661537
425	11.813760
426	12.199066
427	12.891194
428	13.165632
429	11.768712
430	11.335842
431	12.410201
432	11.876944
433	11.629699
434	11.758482
435	11.161061
436	12.154284
437	11.787087
438	11.850223
439	11.351511
440	12.321128
441	12.962697
442	12.024845
443	10.903673
444	11.639176
445	12.053356
446	11.837673
447	12.495781
448	11.677127
449	12.238790
450	12.286202
451	11.904679
452	11.860742
453	13.640910
454	11.059707
455	11.960042
456	11.601689
457	11.481508
458	11.428071
459	11.794677
460	12.078377
461	12.626900
462	12.479218
463	12.351620
464	11.811049
465	12.561981
466	11.545991
467	11.904856
468	11.376362
469	12.501400
470	11.416904
471	15.616010
472	14.390712
473	13.889449
474	15.260909
475	15.166640
476	15.028392
477	13.795664
478	13.924857
479	11.216796
480	11.489952
481	12.193761
482	11.640468
483	11.720059
484	12.279666
485	11.415240
486	11.228360
487	11.314933
488	12.087787
489	11.451135
490	13.626628
491	14.559900
492	15.792625
493	15.375903
494	14.433893
495	13.408140
496	12.115311
497	14.106984
498	13.748127
499	13.844225
500	14.052079
501	12.815370
502	13.715875
503	13.356650
504	14.082220
505	14.144416
506	14.440269
507	13.588013
508	13.104480
509	11.854893
510	11.793221
511	16.199518
512	15.597946
513	14.692574
514	14.210862
515	12.051661
516	13.689571
517	13.698565
518	13.524385
519	12.324509
520	12.547989
521	13.235175
522	13.752391
523	13.779106
524	13.189107
525	12.501514
526	12.913900
527	14.484104
528	12.833277
529	12.974708
530	12.526525
531	12.406861
532	12.847393
533	12.284801
534	12.925022
535	12.542145
536	12.219243
537	12.411507
538	12.661209
539	12.392554
540	11.723246
541	14.041813
542	12.869938
543	12.537272
544	12.615094
545	12.329919
546	13.157834
547	13.659057
548	12.478984
549	12.703028
550	12.143018
551	13.521959
552	12.755489
553	11.736098
554	13.511406
555	13.984267
556	12.415994
557	12.277353
558	12.750321
559	12.823389
560	13.496229
561	12.647633
562	14.154989
563	12.668390
564	12.470741
565	12.777866
566	11.643052
567	12.181252
568	11.975079
569	12.400270
570	13.385634
571	14.902717
572	13.591475
573	15.052205
574	14.413259
575	14.365323
576	14.352272
577	14.816428
578	12.308522
579	12.994913
580	12.818682
581	12.720775
582	11.298027
583	12.097739
584	12.675939
585	12.141552
586	12.399916
587	11.764192
588	12.628607
589	12.770967
590	12.905279
591	12.936160
592	12.927959
593	13.145718
594	12.857961
595	12.341406
596	13.156137
597	12.759091
598	13.422333
599	13.531775
600	12.920758
601	13.322322
602	14.610910
603	13.084622
604	12.718374
605	12.104762
606	12.789629
607	12.946568
608	12.947167
609	13.540631
610	12.989238
611	13.737278
612	14.278620
613	12.894953
614	13.710886
615	12.062073
616	13.336509
617	13.712214
618	12.663277
619	12.498771
620	12.419639
621	13.037013
622	13.617349
623	12.945250
624	12.872141
625	13.861071
626	13.793166
627	13.162630
628	13.973137
629	13.549528
630	13.158444
631	13.686760
632	13.518450
633	14.238267
634	12.236555
635	13.126187
636	13.025572
637	14.034637
638	12.824439
639	13.525826
640	12.355214
641	12.449361
642	12.162968
643	12.384905
644	12.757252
645	13.053585
646	13.517826
647	13.710554
648	15.067180
649	14.506901
650	13.709057
651	14.883487
652	13.360757
653	13.131781
654	12.994899
655	12.152030
656	13.979943
657	12.254331
658	13.431286
659	12.912665
660	13.599941
661	14.001475
662	12.557042
663	12.662815
664	13.004824
665	10.943138
666	13.306379
667	13.743183
668	13.170753
669	13.642837
670	13.156668
671	12.750624
672	12.500245
673	12.449218
674	12.676578
675	12.234329
676	12.719158
677	14.493119
678	12.543144
679	12.189590
680	12.921803
681	12.904407
682	14.076741
683	13.040085
684	14.321334
685	12.702180
686	12.400559
687	14.249989
688	14.032807
689	12.822846
690	13.482732
691	12.482087
692	13.792766
693	14.636874
694	13.237020
695	12.999619
696	12.816614
697	12.097541
698	11.996022
699	11.942973
700	12.985285
701	14.504281
702	13.681123
703	12.545573
704	11.930224
705	12.619002
706	12.192788
707	11.843437
708	12.683990
709	11.518446
710	12.774329
711	12.671515
712	12.885978
713	12.618896
714	13.377872
715	13.655766
716	13.281007
717	11.097882
718	13.100306
719	12.176538
720	12.537029
721	11.812167
722	11.697200
723	13.126683
724	12.262648
725	12.037087
726	12.785816
727	12.615285
728	12.460518
729	12.763189
730	13.260079
731	12.909689
732	13.358843
733	13.497603
734	12.582456
735	12.319744
736	14.934122
737	12.554992
738	12.126055
739	12.558906
740	12.679910
741	11.904092
742	12.401117
743	11.916470
744	14.740790
745	12.591667
746	14.045800
747	11.854417
748	12.631578
749	11.812775
750	12.470261
751	12.604836
752	12.517882
753	13.125937
754	13.978362
755	14.002904
756	13.913863
757	12.716669
758	13.368045
759	14.145467
760	13.556219
761	12.999411
762	12.873734
763	12.673674
764	13.607682
765	12.742249
766	12.205379
767	13.236761
768	13.061951
769	13.789322
770	14.079123
771	12.882102
772	12.304125
773	13.022507
774	13.934496
775	13.496491
776	13.333403
777	13.293603
778	12.864144
779	12.359433
780	14.448481
781	14.209142
782	13.453854
783	13.210380
784	12.195979
785	14.193377
786	13.848174
787	13.449532
788	12.177413
789	12.244141
790	14.088666
791	13.850317
792	13.100533
793	13.831142
794	13.501328
795	13.290922
796	13.341013
797	13.226673
798	14.065451
799	14.002831
800	12.641859
801	13.401347
802	12.623791
803	12.666890
804	14.531197
805	12.757966
806	12.392200
807	13.525685
808	13.863873
809	12.539154
810	13.175779
811	13.110593
812	12.353629
813	13.965328
814	13.364483
815	13.051097
816	12.886523
817	12.907602
818	12.933421
819	13.619005
820	13.570299
821	13.811100
822	12.586791
823	13.896895
824	12.276763
825	14.437373
826	14.606547
827	12.782992
828	13.014991
829	12.970144
830	13.897325
831	13.738456
832	14.778749
833	13.281525
834	14.720612
835	13.320844
836	13.216872
837	13.777238
838	13.386489
839	12.792603
840	13.540388
841	13.690336
842	13.710272
843	14.970215
844	13.747387
845	15.472215
846	12.235893
847	12.396277
848	12.784021
849	12.663602
850	12.901505
851	13.354624
852	14.077802
853	13.815391
854	15.816618
855	14.019961
856	14.588629
857	13.789260
858	15.153580
859	13.518672
860	12.995100
861	13.090060
862	13.704354
863	13.204073
864	13.641138
865	13.568420
866	13.703468
867	12.849457
868	12.196966
869	12.221184
870	12.710795
871	14.158120
872	13.567304
873	12.940930
874	12.024080
875	13.800450
876	12.138888
877	12.579033
878	13.857193
879	12.068002
880	12.440938
881	12.977315
882	13.037184
883	12.626777
884	12.316709
885	13.864932
886	13.179765
887	13.417742
888	13.723895
889	14.414614
890	12.435067
891	12.591524
892	13.161360
893	12.203189
894	12.445874
895	13.742376
896	13.270321
897	14.073668
898	13.171262
899	12.915431
900	14.600469
901	13.657230
902	12.933115
903	12.607967
904	13.696899
905	14.025467
906	12.994793
907	13.230169
908	13.592348
909	12.778708
910	13.812331
911	13.896307
912	14.006359
913	13.196871
914	14.647051
915	15.520417
916	14.031468
917	13.965533
918	12.983433
919	13.077774
920	14.056863
921	12.615791
922	14.620952
923	12.377969
924	13.090871
925	13.271812
926	13.386930
927	12.456420
928	12.212236
929	13.518394
930	12.446598
931	13.078800
932	13.404737
933	14.950268
934	12.202721
935	13.181323
936	12.325847
937	16.647894
938	12.715596
939	12.624821
940	13.764708
941	15.438181
942	12.390243
943	13.111442
944	12.750891
945	13.357727
946	11.804732
947	13.354951
948	14.025046
949	12.856550
950	12.433722
951	12.802569
952	13.105087
953	13.142097
954	14.340119
955	13.266217
956	15.173203
957	13.327270
958	12.429968
959	12.028587
960	13.229037
961	13.444456
962	12.802031
963	12.981811
964	13.598867
965	13.033710
966	12.985862
967	13.711148
968	13.676611
969	12.845968
970	12.468400
971	12.607497
972	12.163697
973	11.980129
974	12.116955
975	11.963115
976	12.011907
977	13.015265
978	13.841279
979	14.270368
980	12.326576
981	13.605271
982	13.481598
983	13.565141
984	12.134336
985	12.062280
986	12.469540
987	13.190129
988	12.613302
989	13.277068
990	14.236571
991	14.410090
992	14.583460
993	15.670035
994	14.376740
995	15.240384
996	14.716484
997	13.787136
998	14.753517
999	12.548571
1000	14.302618
1001	14.991251
1002	13.794998
1003	14.517787
1004	14.149705
1005	12.462472
1006	13.980216
1007	12.857760
1008	13.662554
1009	12.010565
1010	12.930948
1011	12.956826
1012	12.774276
1013	13.924529
1014	13.089236
1015	12.632633
1016	12.673286
1017	14.107496
1018	13.408655
1019	12.666890
1020	13.795365
1021	12.808303
1022	12.599821
1023	14.160614
1024	14.575681
1025	14.650537
1026	15.613356
1027	14.464341
1028	13.040002
1029	12.583107
1030	11.974771
1031	12.577385
1032	14.330611
1033	13.963181
1034	13.641721
1035	14.367692
1036	15.519712
1037	14.803213
1038	14.704761
1039	13.187016
1040	15.127584
1041	14.739424
1042	14.414718
1043	13.721231
1044	15.138444
1045	12.323203
1046	12.360073
1047	13.100177
1048	14.088638
1049	14.042033
1050	13.967183
1051	13.582242
1052	12.392182
1053	12.567023
1054	13.668141
1055	13.325723
1056	12.721205
1057	12.674614
1058	12.381762
1059	13.039718
1060	12.531322
1061	12.470758
1062	12.375980
1063	12.327303
1064	12.973298
1065	12.571380
1066	13.685225
1067	12.702838
1068	12.082813
1069	11.959004
1070	11.881022
1071	12.058436
1072	12.894294
1073	13.854056
1074	12.739914
1075	11.764671
1076	13.877646
1077	14.128394
1078	12.108843
1079	13.077462
1080	12.301459
1081	11.910643
1082	13.161854
1083	12.712549
1084	11.532675
1085	12.820102
1086	12.995912
1087	14.187070
1088	14.365537
1089	11.890728
1090	12.583485
1091	12.476451
1092	15.977573
1093	12.442705
1094	12.656018
1095	11.677383
1096	13.775645
1097	13.125561
1098	13.628870
1099	12.867638
1100	13.647576
1101	13.287823
1102	14.741249
1103	16.062696
1104	14.886049
1105	14.511275
1106	14.293061
1107	14.146697
1108	14.679938
1109	15.290012
1110	14.949455
1111	16.089890
1112	14.651298
1113	14.253786
1114	9.213112
1115	9.882841
1116	10.743670
1117	12.179037
1118	12.491351
1119	13.007576
1120	13.196187
1121	12.997457
1122	12.318551
1123	13.173588
1124	14.169406
1125	13.216818
1126	14.141021
1127	11.967724
1128	12.603258
1129	12.939678
1130	13.831684
1131	13.232136
1132	12.108832
1133	12.531614
1134	13.724638
1135	13.049422
1136	13.084976
1137	12.891261
1138	13.345340
1139	13.716570
1140	12.734888
1141	12.029521
1142	11.911296
1143	11.910874
1144	10.736892
1145	12.457323
1146	12.997346
1147	11.590639
1148	11.350510
1149	9.596072
1150	10.049105
1151	8.703106
1152	9.530100
1153	8.855361
1154	8.630539
1155	7.889146
1156	8.530287
1157	10.262836
1158	9.114325
1159	7.949501
1160	9.060805
1161	8.761707
1162	8.276489
1163	8.888335
1164	9.309336
1165	8.171072
1166	8.049726
1167	9.302173
1168	7.589895
1169	8.661513
1170	8.091384
1171	12.843227
1172	11.533160
1173	10.883922
1174	11.413218
1175	10.037539
1176	10.369576
1177	10.272747
1178	9.638035
1179	7.973379
1180	11.181811
1181	10.778191
1182	11.206845
1183	10.693074
1184	11.372463
1185	11.103382
1186	11.450858
1187	11.082338
1188	11.432646
1189	10.786068
1190	10.694452
1191	12.026811
1192	11.359506
1193	12.987720
1194	11.779889
1195	12.579690
1196	14.635031
1197	11.712424
1198	13.280368
1199	13.972835
1200	12.540849
1201	13.142427
1202	14.377644
1203	14.708436
1204	13.393468
1205	12.563396
1206	12.823123
1207	12.570227
1208	13.041660
1209	12.527102
1210	13.587399
1211	13.256863
1212	14.199403
1213	13.537704
1214	12.733559
1215	13.837199
1216	13.405231
1217	12.303857
1218	12.555492
1219	13.560196
1220	15.100474
1221	12.947003
1222	13.588694
1223	13.022926
1224	12.443289
1225	15.014050
1226	12.878782
1227	12.885161
1228	12.470008
1229	13.547232
1230	14.183635
1231	12.785460
1232	13.387280
1233	14.892320
1234	14.609617
1235	14.550117
1236	14.100904
1237	14.533318
1238	15.154975
1239	15.918839
1240	11.992951
1241	10.837625
1242	14.115073
1243	13.313354
1244	12.615741
1245	12.353417
1246	12.344748
1247	13.224111
1248	14.447653
1249	13.126535
1250	12.872275
1251	12.431935
1252	13.378236
1253	13.188914
1254	13.412743
1255	12.425941
1256	14.414918
1257	12.852187
1258	13.448936
1259	13.168447
1260	13.029978
1261	13.561473
1262	16.949387
1263	12.927684
1264	13.033431
1265	12.435685
1266	13.353033
1267	14.301899
1268	13.590314
1269	13.769229
1270	13.691415
1271	13.666511
1272	13.126831
1273	12.779920
1274	13.169190
1275	13.880414
1276	12.404464
1277	13.815045
1278	13.899306
1279	13.585761
1280	13.692842
1281	13.450008
1282	13.478292
1283	12.828240
1284	13.183801
1285	13.539228
1286	12.244615
1287	13.277327
1288	14.631815
1289	14.007848
1290	13.270411
1291	13.409851
1292	12.597222
1293	10.165929
1294	12.488267
1295	12.421630
1296	13.177627
1297	13.235745
1298	12.984687
1299	13.414684
1300	14.307403
1301	13.854616
1302	14.632853
1303	12.359793
1304	11.900761
1305	12.874706
1306	14.418092
1307	12.949306
1308	13.570254
1309	12.886923
1310	12.588479
1311	13.146079
1312	12.875583
1313	13.863365
1314	11.591224
1315	11.124838
1316	11.246594
1317	12.550228
1318	11.279081
1319	10.902747
1320	10.539302
1321	12.930290
1322	12.190656
1323	12.634543
1324	11.288689
1325	11.710772
1326	11.517715
1327	13.002789
1328	12.670320
1329	13.422586
1330	14.343576
1331	12.682878
1332	12.501595
1333	12.872581
1334	13.437948
1335	12.529225
1336	13.663432
1337	13.243032
1338	13.265735
1339	12.517272
1340	13.721703
1341	12.985562
1342	13.167457
1343	12.494303
1344	12.618186
1345	12.962631
1346	12.959957
1347	14.565008
1348	13.521194
1349	12.945447
1350	12.575799
1351	12.880272
1352	12.142212
1353	12.488007
1354	12.523579
1355	12.997652
1356	11.785233
1357	12.633630
1358	12.414677
1359	11.964219
1360	13.981441
1361	12.251583
1362	12.499525
1363	12.897479
1364	13.118285
1365	12.169997
1366	12.834091
1367	13.502374
1368	13.352817
1369	13.553024
1370	14.658284
1371	12.754933
1372	13.069147
1373	12.184655
1374	14.311010
1375	13.570634
1376	13.550786
1377	13.472259
1378	12.334691
1379	13.346809
1380	14.177799
1381	12.728493
1382	12.985116
1383	14.089863
1384	14.335637
1385	13.534378
1386	12.423192
1387	12.230490
1388	13.114302
1389	12.129768
1390	12.046079
1391	11.986789
1392	14.753838
1393	11.976088
1394	12.593447
1395	12.375026
1396	12.199118
1397	12.052971
1398	12.183047
1399	13.448357
1400	11.794450
1401	13.195719
1402	12.364986
1403	12.141329
1404	11.955439
1405	12.509443
1406	12.740494
1407	12.970692
1408	12.032926
1409	12.883657
1410	13.331965
1411	12.867232
1412	12.546943
1413	12.515386
1414	12.516492
1415	12.848444
1416	13.873054
1417	12.357776
1418	13.047335
1419	12.955853
1420	12.161461
1421	11.859041
1422	11.295990
1423	12.069869
1424	12.636971
1425	12.240663
1426	11.660276
1427	11.614477
1428	12.226504
1429	12.100452
1430	12.117307
1431	11.980731
1432	12.308996
1433	13.736117
1434	15.237298
1435	13.992392
1436	14.580435
1437	15.785682
1438	14.290142
1439	11.898479
1440	13.531732
1441	12.651732
1442	14.252348
1443	15.007065
1444	15.079730
1445	15.328435
1446	14.000982
1447	13.786625
1448	14.805164
1449	15.099361
1450	13.458728
1451	15.980896
1452	17.959246
1453	16.396362
1454	12.708550
1455	13.078209
1456	12.563992
1457	12.477426
1458	11.223869
1459	13.234939
1460	12.831694
1461	12.629888
1462	13.567275
1463	11.489169
1464	11.758238
1465	13.052339
1466	13.010665
1467	12.654200
1468	13.226220
1469	12.493998
1470	12.155662
1471	12.768517
1472	12.931497
1473	14.064216
1474	12.952874
1475	12.439265
1476	12.216909
1477	13.368626
1478	13.355721
1479	13.164034
1480	12.649282
1481	12.533544
1482	13.614697
1483	13.706488
1484	12.536617
1485	12.638535
1486	12.491854
1487	12.676862
1488	11.731362
1489	12.717615
1490	12.113323
1491	13.646045
1492	12.765160
1493	12.389447
1494	12.136844
1495	12.016243
1496	10.843933
1497	10.424271
1498	12.064367
1499	11.118436
1500	11.301200
1501	11.776153
1502	11.174316
1503	11.976886
1504	10.433843
1505	11.892102
1506	11.889851
1507	13.039365
1508	13.173708
1509	12.830044
1510	11.995331
1511	13.046434
1512	12.538744
1513	11.887397
1514	9.975266
1515	13.482857
1516	11.500026
1517	12.746829
1518	12.792634
1519	13.109525
1520	12.681459
1521	13.884419
1522	13.862605
1523	12.987338
1524	13.144311
1525	12.846148
1526	14.286373
1527	13.776142
1528	12.408264
1529	13.372900
1530	12.937883
1531	13.047587
1532	14.452684
1533	13.236323
1534	12.298704
1535	14.352597
1536	13.814842
1537	13.817158
1538	13.007226
1539	13.125281
1540	12.894431
1541	13.237181
1542	13.929121
1543	13.633040
1544	12.877795
1545	12.789670
1546	13.497385
1547	13.187305
1548	12.031100
1549	12.184913
1550	14.405807
1551	12.808502
1552	11.556850
1553	14.862050
1554	13.501974
1555	14.373761
1556	12.906049
1557	14.498566
1558	14.556379
1559	14.688300
1560	12.174107
1561	12.949136
1562	12.661161
1563	14.825668
1564	11.505119
1565	12.068332
1566	13.094307
1567	11.846059
1568	12.129574
1569	12.265336
1570	12.075052
1571	12.384559
1572	11.922854
1573	11.799606
1574	12.909663
1575	11.667889
1576	14.250068
1577	12.322769
1578	13.665212
1579	11.833042
1580	12.035606
1581	12.312751
1582	12.410362
1583	12.950028
1584	12.366117
1585	11.822090
1586	12.466453
1587	12.060303
1588	12.302718
1589	12.572359
1590	12.305957
1591	12.932786
1592	12.647994
1593	13.078282
1594	12.663278
1595	13.040546
1596	13.088123
1597	12.524811
1598	14.539622
1599	14.668308
1600	15.122915
1601	13.223352
1602	12.194310
1603	12.951143
1604	13.838931
1605	14.801026
1606	13.696590
1607	12.469203
1608	13.008495
1609	12.261997
1610	14.032786
1611	12.323709
1612	11.963792
1613	11.606251
1614	10.269535
1615	12.076481
1616	11.995232
1617	11.144785
1618	11.273785
1619	13.444168
1620	12.160495
1621	12.891568
1622	13.538697
1623	13.176757
1624	13.712773
1625	12.561059
1626	13.018683
1627	13.309114
1628	14.048732
1629	14.646014
1630	15.349167
1631	13.370498
1632	12.576463
1633	13.426267
1634	13.897411
1635	12.531678
1636	12.872579
1637	13.081263
1638	13.689157
1639	13.773127
1640	14.081039
1641	15.071590
1642	13.679009
1643	15.470189
1644	12.809082
1645	12.994966
1646	14.039069
1647	13.239367
1648	12.987305
1649	13.666706
1650	14.531487
1651	11.549518
1652	13.711707
1653	12.957438
1654	14.753119
1655	12.900793
1656	14.143756
1657	13.990274
1658	14.154723
1659	13.450863
1660	13.167418
1661	13.732496
1662	13.619930
1663	12.320734
1664	12.795429
1665	12.701188
1666	14.000178
1667	12.408140
1668	14.566849
1669	13.060130
1670	12.557722
1671	11.847353
1672	11.629248
1673	11.522545
1674	14.180726
1675	14.359057
1676	11.860549
1677	12.738439
1678	13.026453
1679	12.193034
1680	13.059609
1681	13.084723
1682	12.363957
1683	13.083861
1684	11.952382
1685	12.790005
1686	11.468553
1687	12.605600
1688	14.816119
1689	14.502226
1690	14.247947
1691	14.067076
1692	13.239083
1693	14.128286
1694	13.088907
1695	12.434410
1696	13.182052
1697	13.695045
1698	12.367204
1699	12.249672
1700	12.027601
1701	11.691401
1702	12.591730
1703	13.414378
1704	13.590858
1705	13.102794
1706	12.485086
1707	12.868776
1708	12.908829
1709	13.020370
1710	13.579857
1711	11.984724
1712	13.507359
1713	14.035753
1714	12.539430
1715	12.750866
1716	12.866706
1717	12.468288
1718	14.065232
1719	12.574602
1720	13.922542
1721	12.765048
1722	12.071920
1723	12.560103
1724	11.975466
1725	14.546855
1726	13.880399
1727	15.081942
1728	15.171515
1729	14.066108
1730	13.897427
1731	13.794429
1732	13.959161
1733	15.139500
1734	13.552958
1735	13.898744
1736	12.944480
1737	13.640291
1738	13.808932
1739	13.376255
1740	12.299300
1741	13.298440
1742	13.093471
1743	13.965201
1744	11.801039
1745	13.268047
1746	12.911240
1747	12.408002
1748	12.311210
1749	13.824133
1750	12.172121
1751	12.100169
1752	12.950100
1753	12.911834
1754	14.003875
1755	13.098801
1756	14.546396
1757	11.819513
1758	13.672694
1759	12.452044
1760	12.987267
1761	12.999068
1762	12.832808
1763	11.526430
1764	12.426914
1765	13.684018
1766	13.486149
1767	12.719536
1768	12.765619
1769	13.605834
1770	13.837537
1771	12.548884
1772	13.638199
1773	15.013197
1774	12.149841
1775	12.749935
1776	12.059190
1777	14.360486
1778	13.659197
1779	15.429758
1780	14.740072
1781	15.461043
1782	16.440905
1783	15.381186
1784	17.546780
1785	19.410122
1786	17.098318
1787	19.292480
1788	19.125139
1789	18.479734
1790	15.659930
1791	15.440109
1792	15.010523
1793	15.040272
1794	15.269441
1795	14.933498
1796	16.195738
1797	19.414759
1798	16.884369
1799	15.127177
1800	14.099412
1801	14.837433
1802	12.586384
1803	13.952312
1804	13.643647
1805	13.238103
1806	15.700814
1807	17.367895
1808	14.796386
1809	15.715396
1810	14.866220
1811	15.276983
1812	14.498779
1813	13.653403
1814	15.920015
1815	15.285491
1816	15.449765
1817	14.746905
1818	15.345421
1819	16.117783
1820	15.537536
1821	17.300476
1822	14.383349
1823	14.284651
1824	16.576881
1825	14.341082
1826	13.179108
1827	13.306070
1828	13.336417
1829	12.636903
1830	12.148393
1831	11.387400
1832	12.183839
1833	13.577521
1834	12.633430
1835	12.562461
1836	13.110352
1837	13.274826
1838	13.333976
1839	13.172112
1840	13.170851
1841	13.208460
1842	14.512731
1843	13.860623
1844	14.171076
1845	14.124562
1846	12.983541
1847	13.307728
1848	13.974581
1849	13.442809
1850	13.834663
1851	13.783276
1852	13.423422
1853	13.983626
1854	13.841455
1855	11.864627
1856	13.716947
1857	14.232892
1858	13.574126
1859	15.823277
1860	15.419278
1861	14.351627
1862	14.477711
1863	15.129225
1864	15.516613
1865	13.858881
1866	13.953048
1867	13.905720
1868	14.424505
0	8.459516
1	9.858730
2	10.473050
3	8.908528
4	10.542890
5	11.108422
6	11.893199
7	9.532730
8	10.570866
9	10.324521
10	9.367709
11	8.177739
12	7.400279
13	10.434932
14	11.117386
15	11.728400
16	13.453555
17	15.746853
18	17.160233
19	16.553555
20	15.540491
21	14.595939
22	15.032411
23	15.769204
24	13.300569
25	13.371991
26	13.560477
27	14.489146
28	14.248176
29	16.200804
30	17.772186
31	15.946067
32	16.165142
33	15.695493
34	18.953751
35	18.135437
36	17.332747
37	14.193666
38	10.841819
39	10.846732
40	7.033354
41	6.081479
42	3.887339
43	6.228387
44	9.021066
45	8.629534
46	10.746021
47	10.642730
48	9.884720
49	10.387112
50	11.605009
51	11.386543
52	11.492110
53	14.036824
54	13.808201
55	15.827597
56	16.355408
57	14.112976
58	13.102227
59	14.258090
60	14.904619
61	21.319412
62	13.532958
63	13.700924
64	15.874240
65	14.793882
66	16.489759
67	14.846848
68	11.404008
69	9.865277
70	10.359373
71	13.652167
72	12.776940
73	9.841044
74	13.248343
75	18.059258
76	12.887194
77	12.045288
78	13.436145
79	12.789824
80	7.642115
81	7.654522
82	7.597144
83	12.566649
84	12.227380
85	9.339811
86	8.845902
87	9.933886
88	7.322540
89	5.877872
90	5.836035
91	5.614773
92	5.676099
93	6.765192
94	7.144803
95	8.316382
96	9.553753
97	9.759303
98	9.854288
99	8.995409
100	9.834317
101	10.533884
102	10.781223
103	11.537977
104	12.694168
105	10.360410
106	9.327068
107	9.607222
108	8.097397
109	11.465384
110	7.521192
111	8.623954
112	8.777751
113	7.044181
114	8.673777
115	9.481741
116	9.738490
117	10.161035
118	10.650620
119	9.610218
120	6.428922
121	7.636395
122	7.628505
123	6.533177
124	7.401649
125	6.678361
126	6.176130
127	7.352972
128	7.687778
129	6.598948
130	8.058014
131	9.310513
132	7.746361
133	8.337699
134	10.507093
135	8.871246
136	9.982553
137	7.635481
138	6.004774
139	7.898286
140	6.287599
141	5.916257
142	6.849468
143	6.227299
144	6.253872
145	6.193109
146	6.524523
147	5.950414
148	6.267844
149	8.256742
150	7.506191
151	6.175321
152	8.948079
153	12.209400
154	13.380322
155	9.015134
156	11.503524
157	15.186284
158	14.749033
159	13.978800
160	10.288854
161	8.155349
162	7.968799
163	9.727748
164	9.781865
165	9.647261
166	9.633536
167	10.980594
168	9.357903
169	10.803911
170	9.373607
171	10.339445
172	9.404011
173	10.792313
174	11.654921
175	11.697597
176	11.090068
177	10.242990
178	11.565906
179	11.568188
180	12.914917
181	8.793124
182	7.609709
183	10.258136
184	8.989655
185	11.634970
186	10.423620
187	9.222780
188	7.683702
189	7.705738
190	9.337210
191	9.092999
192	9.312325
193	9.126857
194	8.521560
195	9.093102
196	7.719191
197	7.520705
198	6.913154
199	5.572917
200	5.460824
201	6.926441
202	9.337713
203	10.218653
204	7.976905
205	14.219624
206	8.948078
207	7.798905
208	6.915329
209	9.401974
210	9.156511
211	8.907581
212	9.045363
213	9.397819
214	9.436997
215	9.459688
216	9.909823
217	8.858426
218	8.390674
219	7.391976
220	8.260412
221	7.361983
222	7.852751
223	7.955608
224	9.881037
225	10.909341
226	11.409163
227	11.263987
228	12.716199
229	13.004806
230	13.262275
231	15.304916
232	13.525492
233	14.069980
234	12.212106
235	10.816191
236	10.439597
237	7.916251
238	8.943507
239	8.566521
240	8.638093
241	7.642671
242	8.227260
243	8.938107
244	10.930992
245	11.041368
246	10.544910
247	10.014101
248	10.522423
249	11.238135
250	11.080980
251	10.575222
252	10.444645
253	12.218971
254	9.872351
255	13.836436
256	15.924262
257	12.457833
258	10.355350
259	13.414985
260	14.326644
261	14.412741
262	16.173895
263	13.838056
264	14.453723
265	14.625627
266	13.563178
267	13.661471
268	10.860930
269	15.130489
270	11.719208
271	10.947231
272	13.730064
273	15.745267
274	14.537868
275	12.186772
276	12.076945
277	12.232224
278	11.060619
279	14.124966
280	13.709927
281	13.733502
282	14.248511
283	13.583682
284	13.730017
285	12.437401
286	11.873369
287	13.586928
288	13.463167
289	12.821424
290	14.488757
291	14.994964
292	12.038818
293	13.535275
294	13.136420
295	14.757823
296	14.619697
297	14.453379
298	15.390639
299	13.138439
300	13.849262
301	14.654596
302	13.877282
303	13.889189
304	13.555981
305	14.531252
306	12.827630
307	14.015483
308	14.966340
309	13.249245
310	13.676059
311	13.894984
312	13.306290
313	13.581092
314	12.740791
315	14.159146
316	12.321527
317	15.237890
318	12.591112
319	14.604259
320	14.647690
321	14.051844
322	14.072998
323	13.521024
324	12.826572
325	13.438072
326	14.107501
327	13.619551
328	12.907114
329	12.877697
330	13.919631
331	13.994895
332	13.762896
333	13.349484
334	12.615031
335	14.349665
336	14.890066
337	13.007253
338	10.768593
339	11.885930
340	13.238770
341	12.380617
342	15.130559
343	12.877861
344	10.806485
345	12.291888
346	13.858952
347	12.499579
348	11.552278
349	13.053026
350	12.178211
351	13.579993
352	12.250834
353	12.724494
354	11.784211
355	12.235474
356	13.132404
357	13.372349
358	13.772145
359	14.481103
360	14.754541
361	12.465688
362	11.756263
363	11.580720
364	12.927071
365	13.803761
366	13.539799
367	12.713133
368	14.194213
369	12.798600
370	12.829914
371	13.254564
372	12.761014
373	11.436040
374	13.024205
375	11.111341
376	13.552049
377	13.970540
378	13.701904
379	13.869308
380	14.057469
381	14.668142
382	13.196412
383	14.232797
384	15.879326
385	12.572246
386	13.396933
387	13.017254
388	12.987388
389	13.260065
390	12.242103
391	12.193183
392	14.746963
393	13.122935
394	13.115590
395	13.371962
396	13.108525
397	13.928053
398	15.029552
399	15.475808
400	13.838081
401	13.952262
402	13.622568
403	13.667458
404	14.092699
405	18.189272
406	13.392040
407	13.391523
408	14.806811
409	14.213944
410	13.834892
411	13.312495
412	14.856342
413	15.253985
414	14.308388
415	14.932640
416	13.448287
417	14.883165
418	14.010797
419	13.269251
420	14.482242
421	14.170410
422	13.743819
423	13.158946
424	14.473303
425	14.084262
426	13.521613
427	13.795509
428	13.004045
429	15.438163
430	13.443936
431	10.860244
432	11.075818
433	10.386380
434	11.888610
435	13.500344
436	13.339205
437	13.851645
438	13.817533
439	12.720588
440	14.073910
441	13.706238
442	15.169680
443	15.347281
444	12.228459
445	12.325455
446	13.020531
447	14.394393
448	13.020479
449	15.374185
450	13.734525
451	12.624578
452	16.742657
453	15.048579
454	13.131327
455	14.552050
456	14.349004
457	12.149669
458	12.442453
459	13.248096
460	14.195081
461	15.150084
462	12.843971
463	12.297243
464	18.832037
465	18.644409
466	20.028162
467	16.712845
468	18.165756
469	17.947275
470	19.298710
471	18.006388
472	19.318235
473	12.742655
474	11.206379
475	13.922012
476	11.803919
477	12.571212
478	14.245488
479	14.931873
480	14.029154
481	13.675929
482	13.950889
483	14.362972
484	14.778218
485	13.730018
486	16.034748
487	14.185419
488	15.188909
489	13.983762
490	14.543388
491	13.592692
492	13.763712
493	13.514307
494	14.454927
495	14.595381
496	14.429758
497	14.546596
498	13.523797
499	14.206298
500	14.392978
501	14.697540
502	12.907832
503	14.510139
504	12.153028
505	15.437359
506	14.349320
507	16.047260
508	11.030345
509	14.638986
510	12.833585
511	11.827658
512	11.322496
513	14.809937
514	14.703538
515	13.771592
516	16.617245
517	15.473243
518	14.955093
519	12.971236
520	14.385940
521	14.382071
522	15.790296
523	14.846557
524	14.546453
525	13.409493
526	14.851138
527	13.099285
528	14.454217
529	14.223862
530	13.401738
531	13.175686
532	13.844410
533	13.623730
534	14.307755
535	14.041357
536	14.156456
537	14.048401
538	13.891100
539	13.785265
540	13.810213
541	14.349603
542	14.542369
543	16.184498
544	15.589712
545	15.735472
546	14.560425
547	14.959079
548	12.293978
549	11.847473
550	11.651614
551	12.529669
552	14.140111
553	11.624925
554	11.956690
555	12.168485
556	12.023696
557	14.088226
558	15.209404
559	12.833306
560	14.106688
561	12.954159
562	12.488766
563	12.620765
564	13.090299
565	15.455076
566	12.255404
567	13.263083
568	15.662065
569	15.189434
570	16.292591
571	14.350724
572	15.411786
573	14.554409
574	13.771848
575	13.142244
576	13.732121
577	13.931526
578	13.616852
579	14.951087
580	12.483727
581	10.999241
582	11.309866
583	14.923216
584	12.987088
585	13.172082
586	13.488614
587	14.355369
588	13.071113
589	15.222847
590	11.510370
591	11.139682
592	10.614899
593	13.111849
594	13.483126
595	14.617175
596	13.559015
597	13.606392
598	14.078886
599	13.906163
600	12.933535
601	13.771932
602	13.731601
603	14.388431
604	13.865644
605	13.305521
606	14.717053
607	13.258804
608	15.872634
609	14.322843
610	14.183455
611	14.563400
612	10.704583
613	13.357136
614	13.389825
615	14.441555
616	11.819459
617	11.623816
618	14.149912
619	11.830475
620	11.792189
621	12.150041
622	16.434326
623	14.344982
624	12.683577
625	12.975539
626	11.370757
627	10.482991
628	12.303423
629	12.101467
630	12.835706
631	13.556910
632	14.660152
633	13.885324
634	13.252550
635	14.039746
636	13.614162
637	14.086941
638	14.062697
639	13.456427
640	14.740808
641	13.803692
642	13.760983
643	13.024382
644	13.061315
645	13.368131
646	12.397489
647	12.765433
648	13.642156
649	11.410419
650	14.101019
651	13.475910
652	13.167933
653	13.169734
654	14.097107
655	13.730979
656	14.522845
657	15.333383
658	13.697392
659	13.976699
660	12.686867
661	15.085493
662	13.836734
663	12.529619
664	13.566842
665	14.872787
666	14.712735
667	13.800860
668	14.230846
669	14.040634
670	12.400829
671	13.626203
672	15.821995
673	13.568033
674	13.067003
675	13.886471
676	13.800419
677	13.590815
678	14.273748
679	14.585018
680	13.034961
681	12.023389
682	13.979089
683	13.576749
684	13.372423
685	14.227863
686	13.492149
687	13.831073
688	14.127401
689	14.969384
690	13.625159
691	13.949835
692	13.146379
693	13.453647
694	14.619979
695	12.760396
696	12.960635
697	12.893988
698	12.914778
699	13.764226
700	13.747951
701	12.647656
702	11.541313
703	11.084702
704	12.078655
705	14.554642
706	14.503415
707	16.986952
708	13.697419
709	14.368372
710	13.454509
711	14.125781
712	14.261929
713	14.685185
714	14.962578
715	13.798990
716	14.131349
717	13.368215
718	12.905449
719	14.071306
720	13.088732
721	14.574341
722	12.280320
723	11.545198
724	11.536970
725	10.651259
726	11.206844
727	11.548058
728	10.439237
729	14.469466
730	12.912479
731	13.619706
732	11.897720
733	12.071110
734	10.906401
735	11.518357
736	12.924877
737	12.938953
738	13.858881
739	14.065322
740	14.324477
741	12.265841
742	13.030649
743	12.876963
744	13.561043
745	12.969049
746	14.211076
747	13.791903
748	14.030645
749	15.930100
750	16.096685
751	16.515768
752	14.854942
753	15.044271
754	14.182875
755	12.633871
756	11.792340
757	14.105426
758	14.122933
759	14.671912
760	14.604250
761	15.185575
762	13.302278
763	14.340985
764	12.662709
765	12.896502
766	12.642426
767	13.493575
768	12.131587
769	15.100581
770	12.231607
771	13.780034
772	13.386267
773	14.277284
774	11.742444
775	12.586707
776	13.838053
777	13.251148
778	11.438300
779	13.067498
780	14.206973
781	13.602973
782	13.544689
783	13.868197
784	14.785047
785	13.161952
786	14.419743
787	12.819832
788	11.343765
789	13.117554
790	12.782002
791	15.108297
792	9.809124
793	10.267707
794	12.318498
795	12.859537
796	10.369879
797	13.116698
798	12.509656
799	10.668861
800	10.922578
801	13.582059
802	12.409145
803	11.526144
804	11.276635
805	11.555544
806	11.334073
807	12.297909
808	13.086386
809	12.252399
810	12.540391
811	13.892220
812	12.662342
813	15.095634
814	15.397261
815	13.322491
816	13.565763
817	12.041707
818	11.983460
819	11.609531
820	12.249787
821	13.583435
822	13.370542
823	10.913633
824	10.875246
825	13.004570
826	11.518741
827	12.638364
828	12.317184
829	11.401372
830	12.316330
831	15.103721
832	13.843059
833	12.388200
834	13.800616
835	13.107593
836	11.802161
837	12.594325
838	13.276033
839	18.713337
840	14.587889
841	18.363453
842	14.954102
843	12.555259
844	12.292639
845	11.664139
846	13.698157
847	12.405308
848	13.323159
849	12.781937
850	13.228696
851	14.190442
852	14.837096
853	11.569488
854	13.158638
855	12.641257
856	14.142488
857	14.346886
858	12.797933
859	12.957211
860	13.174219
861	15.238303
862	13.196184
863	14.735580
864	13.677606
865	12.855275
866	16.508522
867	14.062351
868	13.054770
869	12.591751
870	12.253667
871	12.593907
872	12.741951
873	13.571098
874	12.951587
875	13.667574
876	13.395045
877	13.253292
878	13.409121
879	13.551331
880	13.198332
881	13.617289
882	14.184793
883	13.802703
884	14.238214
885	13.556787
886	11.885243
887	15.280860
888	15.123720
889	14.736043
890	14.128852
891	14.637057
892	14.935071
893	14.036229
894	13.755560
895	14.513406
896	13.393647
897	13.837698
898	13.521016
899	12.565867
900	16.359200
901	12.550220
902	13.511494
903	13.472136
904	13.286574
905	13.600031
906	12.569286
907	12.469060
908	13.365613
909	11.948587
910	12.856645
911	12.555431
912	14.751548
913	13.919359
914	13.383467
915	17.726572
916	14.099260
917	16.156874
918	14.459149
919	14.882264
920	14.226098
921	14.942936
922	12.764864
923	16.000179
924	16.141062
925	17.625149
926	14.035912
927	14.754272
928	12.761955
929	14.331702
930	14.445301
931	13.790230
932	14.294073
933	14.702961
934	14.363205
935	14.748547
936	13.909048
937	13.061286
938	13.885061
939	12.174015
940	14.953641
941	12.565973
942	12.617879
943	12.834533
944	13.922969
945	13.729227
946	12.301203
947	11.779332
948	12.708991
949	12.862574
950	12.560239
951	12.400039
952	13.403294
953	15.239355
954	13.139482
955	13.618265
956	15.815995
957	13.170405
958	13.683937
959	12.417360
960	13.237001
961	13.304216
962	14.494981
963	12.846970
964	14.444585
965	13.108713
966	13.567958
967	13.255257
968	13.744342
969	12.067956
970	11.648833
971	12.513945
972	13.487566
973	12.506450
974	11.760850
975	12.062722
976	12.596807
977	12.236734
978	13.211398
979	12.439380
980	14.867205
981	12.339648
982	12.068461
983	13.371580
984	12.692468
985	12.577665
986	12.533355
987	14.018448
988	12.691846
989	12.775643
990	12.607015
991	12.201187
992	13.965627
993	12.381977
994	12.271945
995	14.024355
996	13.254060
997	12.719637
998	12.387038
999	12.067074
1000	12.717802
1001	12.121424
1002	12.447217
1003	10.214230
1004	12.083568
1005	10.864110
1006	13.493771
1007	13.381420
1008	11.145040
1009	11.421022
1010	12.231152
1011	12.752399
1012	15.060794
1013	11.451871
1014	12.662735
1015	13.735549
1016	13.349586
1017	10.818563
1018	12.294121
1019	13.812421
1020	13.604834
1021	14.970186
1022	11.295427
1023	13.421865
1024	12.059710
1025	14.021761
1026	12.345855
1027	13.073655
1028	12.820337
1029	11.604161
1030	12.008931
1031	13.292781
1032	11.713447
1033	13.283207
1034	10.350866
1035	12.528010
1036	9.597463
1037	12.077885
1038	13.312319
1039	13.434571
1040	12.320942
1041	11.758303
1042	12.566417
1043	10.927417
1044	9.372570
1045	11.098383
1046	11.328352
1047	12.266484
1048	11.531325
1049	10.622902
1050	10.997515
1051	12.798971
1052	13.119728
1053	12.706691
1054	12.883113
1055	12.159301
1056	12.404798
1057	11.818057
1058	10.065929
1059	10.807812
1060	10.415092
1061	12.830608
1062	10.960719
1063	10.277080
1064	13.086884
1065	11.200328
1066	11.964234
1067	13.149621
1068	10.096743
1069	14.825953
1070	12.998384
1071	11.686528
1072	15.613341
1073	14.248285
1074	13.352754
1075	13.797959
1076	13.869398
1077	12.843271
1078	12.307506
1079	13.791365
1080	13.626569
1081	16.577263
1082	14.241002
1083	12.517687
1084	12.520286
1085	14.252651
1086	14.624499
1087	13.869765
1088	13.231348
1089	14.643293
1090	14.197661
1091	16.156200
1092	13.249524
1093	14.053334
1094	13.147968
1095	14.977985
1096	14.388507
1097	13.858630
1098	13.380426
1099	12.353789
1100	12.862369
1101	12.156785
1102	13.142451
1103	14.506185
1104	13.177820
1105	14.091434
1106	12.776075
1107	12.871121
1108	11.776096
1109	11.787374
1110	15.378595
1111	14.768621
1112	13.437016
1113	11.600629
1114	10.325120
1115	11.635880
1116	13.461270
1117	13.796469
1118	15.242530
1119	13.323034
1120	12.734549
1121	14.349623
1122	12.702715
1123	11.987358
1124	11.179438
1125	13.855844
1126	13.867645
1127	16.713242
1128	18.857681
1129	16.373943
1130	14.752959
1131	15.170037
1132	13.585237
1133	14.174095
1134	14.888998
1135	14.056760
1136	13.383101
1137	12.790683
1138	13.736775
1139	14.192128
1140	14.203908
1141	13.071747
1142	11.470994
1143	14.278423
1144	13.813852
1145	12.897916
1146	13.652671
1147	12.558267
1148	13.532515
1149	12.717957
1150	14.351320
1151	14.113478
1152	14.018321
1153	12.736497
1154	13.701843
1155	13.327550
1156	13.961180
1157	13.954484
1158	13.814087
1159	13.317286
1160	13.677254
1161	13.521084
1162	12.883235
1163	13.557911
1164	13.716512
1165	12.301801
1166	11.986690
1167	12.787971
1168	14.177290
1169	13.113406
1170	13.827459
1171	13.781615
1172	14.764464
1173	14.206592
1174	15.208344
1175	14.299698
1176	15.278199
1177	15.016853
1178	12.642397
1179	13.849257
1180	13.421946
1181	14.378547
1182	12.961183
1183	12.984593
1184	14.033372
1185	12.956982
1186	12.857743
1187	14.299747
1188	15.526977
1189	15.533560
1190	12.687517
1191	13.483708
1192	13.373696
1193	14.377743
1194	14.223243
1195	13.552156
1196	13.575433
1197	13.092442
1198	14.617129
1199	14.433190
1200	14.997530
1201	14.604919
1202	16.666267
1203	15.433228
1204	15.506549
1205	15.001922
1206	15.844628
1207	15.211001
1208	14.010640
1209	13.486986
1210	14.390622
1211	14.382386
1212	14.535346
1213	13.270787
1214	14.145257
1215	13.840341
1216	14.203279
1217	14.904616
1218	14.203552
1219	14.300130
1220	14.770633
1221	15.075846
1222	14.649899
1223	15.498897
1224	14.463284
1225	14.586641
1226	13.581594
1227	14.209776
1228	14.693069
1229	12.305714
1230	16.077053
1231	14.017136
1232	13.445756
1233	14.969506
1234	14.989777
1235	14.439994
1236	14.142426
1237	14.498832
1238	13.445839
1239	14.841078
1240	14.975546
1241	13.600223
1242	12.273256
1243	13.908560
1244	15.152373
1245	14.782213
1246	14.962556
1247	14.817063
1248	14.122441
1249	13.588465
1250	14.867928
1251	14.479345
1252	14.703173
1253	14.856245
1254	14.053168
1255	14.376192
1256	13.638410
1257	14.641415
1258	12.978019
1259	14.079792
1260	14.037395
1261	13.643732
1262	12.527640
1263	14.573832
1264	14.588161
1265	15.181440
1266	13.737880
1267	13.831288
1268	13.697574
1269	12.691897
1270	12.535316
1271	15.225591
1272	13.426104
1273	14.373432
1274	14.243543
1275	15.003258
1276	13.804614
1277	14.932977
1278	13.691757
1279	14.855361
1280	15.525230
1281	16.797226
1282	15.396134
1283	14.278964
1284	14.887176
1285	15.279346
1286	15.647120
1287	15.227823
1288	14.774255
1289	15.297925
1290	15.525632
1291	13.726809
1292	16.108797
1293	14.232498
1294	14.739246
1295	14.647573
1296	14.997550
1297	14.230164
1298	13.435584
1299	14.736136
1300	14.424286
1301	15.565288
1302	13.740751
1303	13.508594
1304	13.048422
1305	16.616594
1306	15.015638
1307	13.952792
1308	14.557248
1309	12.849627
1310	12.786265
1311	13.682638
1312	12.954249
1313	11.900089
1314	12.969113
1315	12.632963
1316	13.939051
1317	12.700571
1318	12.353516
1319	12.458644
1320	13.879944
1321	14.640173
1322	14.064727
1323	13.480865
1324	12.841205
1325	13.231615
1326	13.370907
1327	13.307807
1328	12.954335
1329	13.846533
1330	13.458840
1331	12.851443
1332	14.031199
1333	14.440538
1334	14.903185
1335	14.296190
1336	15.823606
1337	15.456436
1338	12.436663
1339	13.689593
1340	12.924727
1341	14.249151
1342	11.234934
1343	12.027191
1344	12.957858
1345	12.710089
1346	12.504984
1347	14.825318
1348	13.646810
1349	12.485233
1350	13.597100
1351	13.520573
1352	13.886413
1353	12.236618
1354	13.293525
1355	15.272136
1356	13.387710
1357	12.677619
1358	13.424487
1359	14.013886
1360	11.351514
1361	13.783506
1362	12.083991
1363	13.983184
1364	12.782582
1365	14.919391
1366	13.480459
1367	16.339808
1368	13.419167
1369	13.601283
1370	12.458227
1371	13.180090
1372	12.677579
1373	14.425772
1374	15.595219
1375	14.670156
1376	13.311696
1377	10.364913
1378	11.005347
1379	10.837763
1380	11.424408
1381	12.133614
1382	14.786745
1383	13.018050
1384	12.721707
1385	14.615940
1386	14.919805
1387	14.622478
1388	12.913383
1389	12.455883
1390	12.604051
1391	14.036380
1392	13.471606
1393	12.164701
1394	12.054151
1395	13.020567
1396	12.857763
1397	11.737907
1398	13.802125
1399	12.501606
1400	13.870312
1401	11.939038
1402	11.529168
1403	12.516447
1404	12.894366
1405	14.297574
1406	14.208534
1407	13.011503
1408	14.011440
1409	15.030735
1410	14.760798
1411	14.137015
1412	14.055893
1413	13.181748
1414	13.697894
1415	13.826577
1416	14.272089
1417	14.567587
1418	13.560267
1419	13.092081
1420	12.106263
1421	10.771726
1422	12.959175
1423	11.968094
1424	14.447725
1425	14.178023
1426	13.815220
1427	13.434166
1428	14.540533
1429	14.028100
1430	13.635711
1431	13.542157
1432	13.437211
1433	13.079827
1434	11.460317
1435	11.546022
1436	13.183658
1437	12.156893
1438	13.875266
1439	12.781862
1440	13.487598
1441	11.543961
1442	13.087453
1443	14.291312
1444	12.169963
1445	14.433535
1446	15.746936
1447	13.319409
1448	14.662569
1449	14.447026
1450	14.844610
1451	12.986812
1452	14.236858
1453	14.244818
1454	14.891253
1455	14.109366
1456	10.996094
1457	13.048144
1458	12.778726
1459	11.621706
1460	14.208345
1461	13.298492
1462	14.247318
1463	13.557703
1464	13.742188
1465	13.171079
1466	11.742217
1467	12.411086
1468	13.191427
1469	12.648778
1470	13.184512
1471	12.307386
1472	12.661306
1473	12.452911
1474	12.876371
1475	13.681852
1476	13.630634
1477	12.422709
1478	12.530932
1479	10.562748
1480	13.217846
1481	13.936531
1482	12.051599
1483	14.094231
1484	13.062297
1485	14.214113
1486	13.497308
1487	14.847900
1488	14.545617
1489	14.840869
1490	12.985247
1491	13.222051
1492	12.489201
1493	13.300334
1494	12.851703
1495	13.799149
1496	14.221958
1497	14.887272
1498	13.884671
1499	14.233358
1500	12.803975
1501	13.390033
1502	13.937366
1503	13.896246
1504	15.397256
1505	12.722098
1506	13.320333
1507	15.312363
1508	16.154840
1509	13.620669
1510	12.931603
1511	13.826731
1512	16.616446
1513	15.683294
1514	14.917547
1515	14.837211
1516	14.108559
1517	14.488687
1518	14.361484
1519	13.390255
1520	15.288009
1521	14.765193
1522	14.603249
1523	15.379016
1524	14.217896
1525	14.419549
1526	14.577371
1527	14.330173
1528	13.755783
1529	13.730790
1530	12.276278
1531	14.913237
1532	13.649974
1533	13.052185
1534	13.629469
1535	15.991938
1536	14.031597
1537	12.778641
1538	14.207931
1539	16.140787
1540	13.571772
1541	13.531396
1542	12.450823
1543	14.495304
1544	13.401259
1545	13.138429
1546	12.513506
1547	13.704988
1548	14.751326
1549	14.194409
1550	13.661209
1551	15.644193
1552	12.964453
1553	13.240224
1554	13.363745
1555	14.560656
1556	14.192260
1557	14.446280
1558	13.845506
1559	15.039565
1560	13.393591
1561	14.098559
1562	14.122238
1563	13.947492
1564	13.309510
1565	14.510125
1566	14.858144
1567	15.162311
1568	14.874521
1569	15.612053
1570	13.858237
1571	14.609781
1572	14.584617
1573	13.788856
1574	14.003905
1575	15.185932
1576	14.384938
1577	13.614318
1578	13.906919
1579	15.002202
1580	14.226884
1581	14.219332
1582	16.215796
1583	16.240061
1584	16.248592
1585	15.503489
1586	15.369267
1587	14.316539
1588	14.166575
1589	15.075827
1590	14.807123
1591	13.965034
1592	13.785842
1593	14.985624
1594	14.257994
1595	14.995458
1596	15.925082
1597	15.314863
1598	14.205735
1599	14.588001
1600	14.835779
1601	15.659518
1602	15.013932
1603	14.925916
1604	13.790582
1605	14.742695
1606	14.838842
1607	14.173586
1608	14.595984
1609	13.829574
1610	16.126467
1611	14.376542
1612	14.919822
1613	14.058819
1614	14.891700
1615	14.472132
1616	14.263698
1617	14.174111
1618	14.719241
1619	14.750871
1620	14.171143
1621	14.259721
1622	14.996644
1623	13.147885
1624	14.786349
1625	14.917201
1626	14.700019
1627	14.087958
1628	14.825908
1629	15.564931
1630	14.798304
1631	15.896845
1632	14.127172
1633	14.307077
1634	15.153859
1635	15.712383
1636	13.661440
1637	13.712917
1638	14.223083
1639	14.135043
1640	14.464121
1641	15.086226
1642	13.442785
1643	14.916412
1644	13.960176
1645	14.546289
1646	13.356621
1647	13.743457
1648	14.123281
1649	15.460291
1650	14.786876
1651	14.128575
1652	13.938169
1653	14.046885
1654	15.384125
1655	15.410028
1656	14.905401
1657	13.616935
1658	14.373875
1659	13.286237
1660	11.652049
1661	11.677336
1662	13.875397
1663	12.027572
1664	12.897785
1665	11.642933
1666	12.990866
1667	13.527625
1668	12.209672
1669	13.115165
1670	13.003920
1671	12.523602
1672	12.283520
1673	13.173689
1674	12.337026
1675	13.512327
1676	15.661743
1677	14.577497
1678	15.083266
1679	13.621939
1680	14.032613
1681	15.325648
1682	14.975564
1683	16.899614
1684	13.369940
1685	13.436746
1686	14.441115
1687	12.722170
1688	13.141462
1689	13.601915
1690	13.043814
1691	13.973068
1692	12.918162
1693	11.774927
1694	12.062758
1695	10.699925
1696	11.269827
1697	13.023387
1698	13.144906
1699	13.077209
1700	14.958914
1701	13.157188
1702	13.245968
1703	14.032169
1704	14.051936
1705	14.498348
1706	14.756474
1707	13.571769
1708	13.580717
1709	13.427099
1710	12.970849
1711	12.277243
1712	13.204827
1713	13.544893
1714	13.798570
1715	14.378796
1716	12.762609
1717	13.920671
1718	12.399008
1719	13.981968
1720	13.058372
1721	13.136035
1722	11.186552
1723	12.304510
1724	12.288019
1725	11.665152
1726	11.988733
1727	11.756670
1728	11.770270
1729	12.365345
1730	12.654202
1731	11.566772
1732	12.557497
1733	13.289535
1734	11.570173
1735	12.267869
1736	12.328122
1737	11.999375
1738	11.624732
1739	13.190074
1740	12.215010
1741	12.658471
1742	11.900612
1743	13.271975
1744	14.878325
1745	14.462551
1746	14.593075
1747	13.265403
1748	12.693834
1749	11.990532
1750	12.117147
1751	11.985518
1752	11.831190
1753	12.575425
1754	12.718809
1755	12.746468
1756	10.968070
1757	13.390151
1758	14.823578
1759	14.720142
1760	14.273003
1761	13.738132
1762	13.963386
1763	13.902985
1764	13.078356
1765	13.960759
1766	12.779183
1767	14.169497
1768	14.399089
1769	14.642550
1770	15.609543
1771	15.474378
1772	14.716216
1773	14.641761
1774	13.429331
1775	13.702650
1776	14.859254
1777	15.125355
1778	15.614403
1779	12.866465
1780	14.629268
1781	15.518073
1782	15.091835
1783	15.077627
1784	12.962042
1785	11.847577
1786	12.819613
1787	12.864315
1788	12.361106
1789	12.446659
1790	13.588957
1791	13.469055
1792	12.305780
1793	12.132477
1794	12.483721
1795	14.068421
1796	13.639273
1797	14.372764
1798	14.265209
1799	13.881773
1800	15.615241
1801	13.690279
1802	12.480923
1803	13.227814
1804	13.943532
1805	13.155856
1806	13.331696
1807	15.216420
1808	12.715463
1809	13.605815
1810	17.255541
1811	12.804833
1812	12.571852
1813	14.718907
1814	15.171383
1815	15.760550
1816	15.381406
1817	13.420711
1818	15.547005
1819	14.070358
1820	14.436747
1821	12.571357
1822	14.725722
1823	14.389005
1824	11.186241
1825	15.011056
1826	14.641319
1827	14.261380
1828	16.024237
1829	14.884704
1830	14.681419
1831	12.856539
1832	12.881845
1833	12.925995
1834	14.221449
1835	13.696755
1836	12.666807
1837	11.552546
1838	12.820061
1839	13.606727
1840	13.255450
1841	12.381628
1842	14.753868
1843	13.090387
1844	14.094114
1845	13.564945
1846	15.572738
1847	13.568254
1848	14.889200
1849	14.857700
1850	15.896348
1851	13.150068
1852	14.117867
1853	13.593734
1854	13.922945
1855	12.450325
1856	12.807385
1857	12.448582
1858	13.511339
1859	14.600902
1860	14.774997
1861	12.855320
1862	13.792374
1863	14.584071
1864	13.944191
1865	13.813600
1866	14.101367
1867	14.157060
1868	14.626630
1869	14.580013
1870	14.072689
1871	10.832105
