0	7.251215
1	11.466303
2	11.674420
3	11.532826
4	11.052059
5	10.160580
6	9.306096
7	11.125696
8	10.594094
9	9.941298
10	11.592814
11	11.477551
12	11.106710
13	10.897890
14	12.434826
15	11.621347
16	10.273582
17	10.937304
18	11.953099
19	11.338181
20	11.927867
21	12.373477
22	11.218974
23	11.058906
24	12.478366
25	12.705657
26	12.828998
27	11.412526
28	12.492117
29	10.525411
30	11.468941
31	10.198891
32	11.895437
33	12.111704
34	12.503750
35	11.678303
36	12.808178
37	10.570420
38	10.983580
39	12.150430
40	10.483600
41	10.054099
42	10.523068
43	12.024017
44	9.784013
45	10.426797
46	11.963139
47	11.826129
48	8.802808
49	11.318289
50	9.606630
51	10.310061
52	12.101297
53	12.037089
54	11.280683
55	11.941818
56	11.648199
57	12.164774
58	13.023313
59	11.407144
60	11.059948
61	11.462272
62	12.732207
63	12.171282
64	10.407288
65	10.403431
66	11.564456
67	11.156300
68	10.435754
69	10.895450
70	10.731165
71	10.972598
72	10.942749
73	11.316453
74	10.414390
75	13.156036
76	11.086126
77	11.020711
78	11.525298
79	10.741715
80	12.976647
81	12.145082
82	12.461944
83	11.775961
84	12.740177
85	13.670250
86	13.756876
87	10.923595
88	9.091068
89	9.572930
90	11.460079
91	11.008695
92	11.199992
93	10.864668
94	11.447317
95	10.258561
96	8.891400
97	8.861163
98	9.723034
99	12.842218
100	10.080942
101	10.154807
102	8.998458
103	8.220766
104	9.789521
105	11.488212
106	8.593514
107	9.218140
108	11.315184
109	9.621066
110	11.001043
111	11.450672
112	13.021879
113	8.949111
114	10.956913
115	11.438011
116	11.141134
117	12.121059
118	12.353627
119	10.573142
120	11.241499
121	10.235903
122	11.630108
123	11.322836
124	11.402514
125	8.611156
126	10.591913
127	12.445156
128	13.914087
129	12.903956
130	10.891726
131	12.663133
132	14.145437
133	10.987220
134	11.783097
135	11.192966
136	10.133134
137	9.045224
138	12.178911
139	12.601787
140	11.303734
141	10.965205
142	9.872225
143	11.779410
144	11.935650
145	13.866299
146	12.047113
147	10.452115
148	10.411153
149	10.813500
150	9.837206
151	10.767771
152	10.304858
153	9.253919
154	8.740034
155	7.715562
156	10.346059
157	8.853236
158	9.698320
159	9.336001
160	10.568277
161	11.504703
162	10.607140
163	8.722763
164	8.801420
165	9.547915
166	10.091294
167	9.223457
168	8.780210
169	9.243686
170	11.411906
171	12.580446
172	9.686381
173	10.101847
174	8.826068
175	10.026615
176	11.296383
177	11.695510
178	10.900731
179	13.370203
180	12.422183
181	8.831025
182	9.838194
183	7.786375
184	8.702399
185	7.681427
186	8.828884
187	11.181855
188	11.621291
189	9.927624
190	9.306287
191	8.672865
192	9.369373
193	10.374381
194	11.295000
195	11.442400
196	11.304538
197	12.280766
198	13.714082
199	12.219661
200	11.816808
201	11.586387
202	11.653575
203	12.256072
204	11.678359
205	12.848948
206	13.239502
207	12.509217
208	12.685547
209	11.804304
210	12.868772
211	12.114014
212	11.583212
213	10.069998
214	10.091349
215	10.013862
216	11.737714
217	11.705713
218	10.416655
219	8.935856
220	9.618625
221	7.788261
222	6.889710
223	9.001378
224	7.029375
225	7.914732
226	9.295169
227	9.288544
228	12.360501
229	10.379465
230	9.496010
231	12.199870
232	11.894464
233	10.013433
234	10.693121
235	11.064862
236	10.191351
237	7.230530
238	11.746025
239	9.693812
240	10.188467
241	10.258696
242	9.528179
243	9.721045
244	9.721728
245	8.638179
246	10.893252
247	9.015930
248	10.290514
249	8.967637
250	11.993640
251	8.833759
252	10.212820
253	10.604326
254	10.970542
255	11.942868
256	9.819742
257	10.872599
258	9.745218
259	10.027588
260	8.673858
261	13.417262
262	9.953623
263	12.437632
264	13.892350
265	11.859389
266	11.613639
267	11.012204
268	12.919677
269	10.999896
270	12.033943
271	13.021617
272	12.563319
273	12.366234
274	12.281974
275	11.750613
276	11.991689
277	12.023752
278	10.007564
279	11.504737
280	11.387587
281	9.578403
282	11.101318
283	12.801597
284	10.774259
285	11.812957
286	13.416629
287	13.063800
288	13.453316
289	11.659246
290	14.251757
291	10.659761
292	10.471288
293	7.854841
294	8.385607
295	9.620239
296	8.801962
297	7.992834
298	7.671838
299	7.005900
300	7.924758
301	6.858146
302	6.662330
303	8.822925
304	8.000003
305	7.828277
306	9.675529
307	7.548415
308	8.036374
309	6.478440
310	7.518998
311	11.217602
312	9.045636
313	9.891313
314	10.070054
315	9.936624
316	11.168244
317	8.841404
318	10.438148
319	8.174730
320	9.712531
321	8.946424
322	8.919875
323	9.452245
324	9.518582
325	8.300217
326	9.975881
327	9.441377
328	7.900597
329	8.232624
330	7.726176
331	7.535689
332	7.242122
333	8.377792
334	7.720239
335	7.987671
336	7.847202
337	7.888340
338	7.446093
339	7.762018
340	7.456254
341	7.308571
342	6.755093
343	10.574239
344	7.781472
345	11.372380
346	12.916675
347	12.581604
348	12.659268
349	12.616803
350	9.238805
351	13.524978
352	11.483252
353	11.337484
354	11.767350
355	9.215743
356	12.581577
357	9.573914
358	9.227833
359	10.175434
360	10.838647
361	11.364969
362	9.105937
363	9.301016
364	6.503567
365	7.583331
366	9.312808
367	9.961817
368	7.554674
369	5.170550
370	3.282455
371	5.865023
372	7.642735
373	5.211459
374	4.927797
375	3.428380
376	6.302610
377	5.615339
378	5.296527
379	5.860621
380	4.455773
381	4.332598
382	7.942720
383	8.229818
384	8.615966
385	8.111240
386	6.753349
387	7.810460
388	8.428648
389	6.691765
390	9.407252
391	14.549254
392	11.898252
393	11.021686
394	9.145761
395	7.148995
396	6.674202
397	6.663879
398	14.120827
399	13.743675
400	13.401230
401	13.361175
402	9.806329
403	5.732025
404	7.496672
405	6.810830
406	6.512487
407	9.231349
408	9.725375
409	6.264063
410	7.408597
411	7.710168
412	6.608176
413	9.195085
414	8.299598
415	7.919254
416	8.068660
417	8.318393
418	11.492373
419	9.312409
420	10.558606
421	8.350652
422	9.847038
423	17.173080
424	16.224144
425	16.676437
426	11.694192
427	11.773099
428	13.216221
429	13.845273
430	13.472613
431	13.100099
432	15.971937
433	19.188927
434	13.598313
435	15.125213
436	13.682766
437	13.039534
438	9.953819
439	10.483672
440	7.062960
441	8.790956
442	7.765700
443	7.916547
444	4.767778
445	4.115508
446	3.470391
447	4.664785
448	8.255538
449	4.731999
450	3.916847
451	4.285102
452	3.768819
453	4.127542
454	3.405260
455	4.104289
456	4.097331
457	7.341757
458	7.309680
459	7.005525
460	8.005804
461	7.787854
462	8.352268
463	7.377574
464	10.341954
465	10.993146
466	11.671065
467	11.259644
468	11.751974
469	11.657088
470	11.367448
471	12.044178
472	11.106384
473	12.762594
474	11.800092
475	10.057879
476	8.845214
477	10.513876
478	10.164693
479	11.439834
480	10.334448
481	10.535753
482	10.146770
483	10.401193
484	12.202625
485	11.850345
486	9.927244
487	10.269800
488	9.812487
489	9.813419
490	11.377948
491	10.605215
492	11.592593
493	12.055040
494	11.862451
495	11.624030
496	12.658444
497	11.405427
498	12.357387
499	10.861852
500	11.180223
501	9.934083
502	10.233958
503	10.365447
504	9.490022
505	9.594556
506	10.166813
507	10.307828
508	9.380240
509	9.752517
510	10.633084
511	10.086124
512	10.190866
513	9.685757
514	9.450239
515	10.426860
516	9.708289
517	10.774297
518	9.741355
519	9.741608
520	10.379618
521	9.612272
522	10.900764
523	10.831384
524	10.135942
525	10.039779
526	10.631742
527	10.005191
528	10.368963
529	9.448139
530	9.602295
531	10.489135
532	9.336591
533	8.305836
534	8.203773
535	10.145959
536	10.311687
537	10.190687
538	9.248818
539	9.792214
540	9.371351
541	9.764046
542	9.858937
543	9.410580
544	9.429167
545	10.427608
546	9.927269
547	9.654802
548	9.911054
549	10.111009
550	9.764754
551	10.015593
552	9.578340
553	9.717476
554	10.223794
555	10.394600
556	10.621059
557	9.558475
558	9.626182
559	9.629653
560	9.628303
561	9.220026
562	9.719305
563	9.669384
564	10.253530
565	10.899248
566	10.083418
567	10.486781
568	9.416036
569	10.043560
570	10.826472
571	9.113951
572	11.148682
573	10.997409
574	11.609278
575	12.345595
576	11.465195
577	10.336391
578	11.667884
579	10.240081
580	12.277160
581	12.479926
582	11.537355
583	12.196533
584	12.781013
585	11.483917
586	11.734785
587	12.571126
588	12.056224
589	12.282663
590	12.252204
591	12.186721
592	11.727697
593	12.403361
594	12.830198
595	12.848202
596	9.619394
597	12.127086
598	12.267897
599	11.279582
600	10.795684
601	11.752156
602	12.372892
603	12.078837
604	12.759138
605	10.618229
606	12.960800
607	11.659963
608	11.463295
609	12.618251
610	12.438709
611	11.091976
612	10.942166
613	11.508283
614	11.925031
615	13.555694
616	13.145509
617	13.195426
618	14.194925
619	13.794676
620	13.208755
621	14.690827
622	13.979692
623	14.238202
624	13.515229
625	12.996844
626	13.592290
627	13.606605
628	11.385721
629	13.599176
630	13.130422
631	12.540422
632	13.651294
633	14.901745
634	14.070547
635	14.251757
636	12.751644
637	13.935284
638	13.859772
639	13.854078
640	13.539463
641	13.082733
642	13.728800
643	13.560325
644	13.881870
645	12.669604
646	14.005754
647	12.531260
648	12.572071
649	12.378733
650	11.379374
651	11.316998
652	9.717962
653	11.357619
654	11.171769
655	10.099032
656	11.241485
657	10.426169
658	12.905043
659	12.398238
660	12.052436
661	11.733553
662	12.086775
663	11.991116
664	12.133348
665	12.236526
666	12.916960
667	12.733337
668	12.110167
669	13.187100
670	11.726334
671	12.479640
672	11.982171
673	11.705616
674	10.169660
675	10.426798
676	10.491395
677	11.887294
678	12.767683
679	12.442572
680	12.827492
681	12.707718
682	11.574215
683	11.152519
684	11.490805
685	11.733868
686	11.236504
687	12.225428
688	11.104986
689	10.893979
690	11.861183
691	12.184995
692	13.811976
693	12.947539
694	12.731199
695	13.600129
696	14.216257
697	13.389140
698	13.822482
699	14.158963
700	14.586086
701	13.784458
702	14.692689
703	13.308805
704	13.984149
705	13.258876
706	13.993542
707	13.625453
708	14.353529
709	13.493204
710	12.639297
711	12.858777
712	12.594518
713	13.365399
714	12.307019
715	14.016099
716	14.626324
717	13.536602
718	13.840859
719	13.802716
720	13.521346
721	12.487897
722	13.222348
723	14.468517
724	14.587950
725	13.399349
726	13.634585
727	13.420346
728	13.180706
729	13.428579
730	14.609961
731	12.969700
732	13.345097
733	14.642526
734	13.785685
735	17.854591
736	18.487972
737	17.088234
738	18.301731
739	21.881393
740	17.463369
741	21.773029
742	20.442062
743	25.291666
744	23.470564
745	25.155952
746	26.804010
747	27.227749
748	24.415512
749	26.339930
750	25.455296
751	25.730717
752	24.186171
753	22.223251
754	24.156284
755	25.097511
756	26.494406
757	26.195189
758	27.533756
759	26.450668
760	26.362474
761	27.046108
762	26.223452
763	25.960848
764	28.214310
765	27.805820
766	28.850340
767	27.934973
768	28.817247
769	26.480783
770	25.172802
771	26.338463
772	25.417934
773	26.837248
774	27.136286
775	26.176371
776	27.173046
777	25.421024
778	25.807667
779	26.453495
780	25.053516
781	25.731354
782	24.270506
783	23.739927
784	23.819365
785	23.123499
786	24.986374
787	26.350546
788	24.136202
789	24.851271
790	25.420958
791	25.423861
792	26.145008
793	26.211651
794	25.055199
795	25.947296
796	24.696436
797	23.405458
798	23.847746
799	23.262320
800	23.200603
801	25.389257
802	24.952255
803	26.780561
804	24.653849
805	25.442137
806	25.946398
807	26.379036
808	26.253523
809	26.251823
810	24.123402
811	24.658857
812	24.201635
813	26.039089
814	26.241150
815	25.666311
816	24.678516
817	25.630514
818	26.167496
819	25.397081
820	25.785397
821	23.365000
822	25.159872
823	26.611982
824	25.948572
825	26.575039
826	25.701647
827	24.763582
828	25.176916
829	25.466640
830	24.994003
831	26.166292
832	25.584499
833	25.516535
834	25.202528
835	25.502876
836	24.880129
837	26.462057
838	24.375217
839	26.655333
840	25.305758
841	30.132853
842	25.880825
843	25.739695
844	26.217960
845	24.668869
846	23.814842
847	25.771549
848	25.192970
849	26.844769
850	26.828259
851	25.141783
852	24.978849
853	25.753819
854	26.710560
855	26.243959
856	27.605116
857	26.171329
858	25.735825
859	24.663076
860	25.986031
861	25.552359
862	25.901033
863	24.613024
864	24.646315
865	23.971348
866	24.984432
867	26.276070
868	26.177214
869	26.627256
870	25.611713
871	25.150118
872	25.585197
873	25.919523
874	25.938133
875	24.002386
876	26.593634
877	24.947798
878	27.293770
879	25.941349
880	25.602015
881	26.001911
882	25.553904
883	25.182278
884	25.946661
885	25.667837
886	25.391035
887	24.599321
888	25.399479
889	25.958530
890	25.238947
891	25.407085
892	24.650084
893	23.949986
894	24.803679
895	24.833675
896	25.750246
897	25.386713
898	24.835764
899	23.793503
900	24.924128
901	24.558039
902	25.039141
903	24.691067
904	23.985233
905	26.524939
906	25.169456
907	25.448704
908	23.572712
909	26.176125
910	25.249853
911	25.146477
912	23.699413
913	26.635273
914	27.358456
915	25.661449
916	25.772869
917	23.561747
918	25.914576
919	26.531162
920	25.834311
921	26.105209
922	23.951599
923	22.876417
924	26.045671
925	24.012213
926	25.384357
927	23.868853
928	24.450869
929	26.248613
930	23.968637
931	24.673819
932	27.080027
933	25.761282
934	25.644394
935	24.401451
936	24.402086
937	25.027819
938	26.200275
939	25.857838
940	25.849283
941	23.688480
942	24.645693
943	25.278198
944	25.477804
945	26.503454
946	24.941910
947	25.227562
948	27.353104
949	25.686193
950	24.496498
951	25.450466
952	25.691347
953	25.989107
954	24.501715
955	25.701595
956	25.762438
957	25.038630
958	26.298695
959	26.135921
960	26.198019
961	27.388628
962	24.088131
963	26.617130
964	23.769920
965	24.561775
966	25.303705
967	26.358641
968	26.380934
969	25.346813
970	27.110640
971	24.577366
972	25.075232
973	23.990576
974	25.162115
975	25.811495
976	24.917582
977	23.465229
978	24.981575
979	26.231039
980	26.002169
981	25.731024
982	23.251202
983	25.702686
984	25.024778
985	25.539179
986	24.289835
987	25.714266
988	25.714548
989	25.097441
990	27.159391
991	24.748426
992	25.798492
993	24.904007
994	26.686703
995	25.379801
996	24.540066
997	25.726910
998	25.086250
999	27.262863
1000	25.301121
1001	25.430494
1002	21.659767
1003	25.225519
1004	24.334211
1005	24.474609
1006	26.546602
1007	23.526302
1008	23.692127
1009	23.701378
1010	25.250813
1011	23.163424
1012	21.173012
1013	19.465450
1014	18.891909
1015	21.238949
1016	24.449257
1017	25.194754
1018	26.364452
1019	28.310923
1020	27.371723
1021	24.182764
1022	23.742395
1023	26.766363
1024	27.017986
1025	27.021107
1026	29.429649
1027	28.418192
1028	26.882450
1029	31.133518
1030	28.632586
1031	28.315943
1032	28.692690
1033	28.004343
1034	28.174801
1035	27.366526
1036	29.702225
1037	27.515535
1038	28.069359
1039	28.664125
1040	28.260496
1041	26.390656
1042	25.873930
1043	27.192242
1044	28.279409
1045	28.601692
1046	30.956444
1047	28.215611
1048	30.189577
1049	28.685045
1050	29.995861
1051	27.109402
1052	29.105785
1053	28.766272
1054	28.461872
1055	27.398552
1056	29.572931
1057	29.847589
1058	32.869232
1059	32.089790
1060	32.218559
1061	32.690475
1062	32.805840
1063	32.956169
1064	31.442888
1065	31.452971
1066	31.299936
1067	31.853153
1068	31.573259
1069	31.351835
1070	31.829134
1071	31.103901
1072	31.517811
1073	30.301512
1074	31.892746
1075	27.555824
1076	31.039312
1077	31.758177
1078	30.520473
1079	28.522594
1080	30.723719
1081	31.544910
1082	31.530407
1083	29.303799
1084	29.561613
1085	30.447845
1086	31.083384
1087	30.083094
1088	29.965393
1089	27.627071
1090	29.716597
1091	29.289480
1092	29.716211
1093	29.324316
1094	28.891365
1095	30.083330
1096	29.051435
1097	29.891106
1098	29.374893
1099	31.398548
1100	30.141623
1101	31.602896
1102	31.414297
1103	31.087818
1104	33.996918
1105	32.188412
1106	31.564842
1107	32.607777
1108	30.869293
1109	30.986029
1110	31.440027
1111	31.766737
1112	33.334564
1113	29.336609
1114	32.250797
1115	32.923534
1116	33.074596
1117	31.260731
1118	30.845539
1119	32.243301
1120	29.979849
1121	29.227013
1122	27.686373
1123	27.621767
1124	26.764866
1125	28.518120
1126	28.775480
1127	29.175852
1128	30.144859
1129	29.405962
1130	29.728683
1131	27.609903
1132	29.815825
1133	29.629580
1134	29.792871
1135	29.545506
1136	30.393370
1137	28.499626
1138	29.230055
1139	28.333992
1140	30.971872
1141	29.642265
1142	30.407545
1143	30.082920
1144	28.793249
1145	29.981075
1146	30.107618
1147	30.832647
1148	30.670235
1149	30.451574
1150	29.776947
1151	29.521053
1152	30.221689
1153	29.436970
1154	30.024370
1155	30.592457
1156	29.248993
1157	29.252739
1158	28.716722
1159	29.716969
1160	29.534973
1161	29.140739
1162	28.597210
1163	28.232204
1164	28.352732
1165	29.690241
1166	29.553511
1167	30.760376
1168	30.605970
1169	31.572317
1170	30.519012
1171	30.387690
1172	29.106876
1173	31.639038
1174	30.241245
1175	29.679472
1176	27.918499
1177	29.457394
1178	29.396523
1179	29.546587
1180	29.202501
1181	28.743587
1182	27.986320
1183	29.996426
1184	29.070753
1185	31.080370
1186	29.119429
1187	28.426695
1188	28.186152
1189	29.524397
1190	29.113401
1191	30.049374
1192	27.804787
1193	30.055058
1194	30.373440
1195	29.999632
1196	28.390327
1197	29.386759
1198	30.433798
1199	30.599346
1200	29.631624
1201	29.792330
1202	28.709854
1203	29.712801
1204	28.632370
1205	28.293589
1206	26.597784
1207	28.434820
1208	28.320799
1209	28.506203
1210	29.408541
1211	28.258564
1212	28.378426
1213	28.684385
1214	27.814289
1215	28.770311
1216	28.697275
1217	28.077753
1218	29.159830
1219	28.605558
1220	28.855415
1221	30.151136
1222	28.268888
1223	28.674337
1224	28.024614
1225	28.843309
1226	28.320414
1227	27.806465
1228	29.707922
1229	28.327227
1230	28.969095
1231	28.184479
1232	28.079290
1233	28.510704
1234	28.533920
1235	28.256351
1236	28.175259
1237	28.924805
1238	27.954662
1239	27.762177
1240	27.653316
1241	27.948679
1242	29.508232
1243	28.924349
1244	29.224216
1245	28.534391
1246	29.493305
1247	28.681715
1248	28.563587
1249	28.092699
1250	28.582130
1251	28.661531
1252	28.481134
1253	28.641468
1254	27.797997
1255	28.079561
1256	27.620548
1257	28.074512
1258	28.425703
1259	28.680262
1260	27.971008
1261	27.815516
1262	26.470560
1263	28.943338
1264	29.090300
1265	29.022209
1266	29.209532
1267	29.711107
1268	28.656052
1269	29.219225
1270	28.943333
1271	28.841553
1272	29.945559
1273	28.894213
1274	29.169493
1275	28.962912
1276	28.673119
1277	28.401876
1278	29.625074
1279	29.112242
1280	27.814838
1281	28.984303
1282	28.957867
1283	28.187824
1284	27.209518
1285	29.082319
1286	28.232637
1287	27.387871
1288	27.982723
1289	27.884367
1290	28.395586
1291	28.627911
1292	28.871006
1293	27.874369
1294	27.931063
1295	27.601423
1296	29.660563
1297	27.385895
1298	27.416908
1299	27.624689
1300	28.640640
1301	28.151777
1302	30.118521
1303	28.827164
1304	28.467245
1305	27.317575
1306	29.114346
1307	29.442566
1308	28.288525
1309	27.467337
1310	28.305902
1311	28.641762
1312	28.045109
1313	28.670517
1314	29.234936
1315	28.172531
1316	28.499067
1317	29.038954
1318	28.935421
1319	28.924578
1320	28.304764
1321	27.541803
1322	29.432602
1323	28.078320
1324	28.952147
1325	29.477909
1326	28.383699
1327	27.517813
1328	27.876579
1329	28.192467
1330	29.631445
1331	28.130953
1332	28.923973
1333	27.975336
1334	28.182312
1335	26.719507
1336	27.946911
1337	27.684700
1338	27.885134
1339	27.962952
1340	28.812119
1341	25.952667
1342	28.175627
1343	28.976278
1344	27.699751
1345	29.016502
1346	26.970306
1347	27.234358
1348	27.938192
1349	27.204565
1350	27.630529
1351	28.141230
1352	26.876665
1353	28.279255
1354	28.315685
1355	28.640560
1356	27.994759
1357	26.751225
1358	28.017757
1359	28.859350
1360	27.959875
1361	27.895855
1362	28.551584
1363	29.348475
1364	29.774284
1365	27.759905
1366	27.822660
1367	27.401743
1368	27.639675
1369	28.906031
1370	28.829315
1371	28.162689
1372	27.132164
1373	28.071333
1374	28.677193
1375	28.385386
1376	28.206615
1377	27.682100
1378	27.153965
1379	27.498405
1380	27.678619
1381	28.665859
1382	29.458065
1383	28.229866
1384	28.433954
1385	27.287674
1386	27.678051
1387	28.399208
1388	28.544226
1389	27.190470
1390	26.689520
1391	26.484507
1392	27.538055
1393	27.408457
1394	27.585333
1395	27.727770
1396	28.811882
1397	28.083361
1398	27.183630
1399	28.550062
1400	28.337147
1401	27.544390
1402	28.570505
1403	27.908342
1404	28.182920
1405	28.502680
1406	27.656668
1407	29.375038
1408	27.883856
1409	28.854788
1410	27.161930
1411	27.930347
1412	28.896555
1413	28.534924
1414	29.798578
1415	29.898447
1416	28.966599
1417	26.126013
1418	26.438192
1419	27.876131
1420	28.294792
1421	27.413095
1422	28.547644
1423	28.814388
1424	27.609499
1425	27.905828
1426	28.654427
1427	27.595501
1428	29.141829
1429	27.398554
1430	28.226665
1431	26.765640
1432	29.420362
1433	28.059736
1434	28.180443
1435	26.621361
1436	26.975826
1437	26.683863
1438	27.193548
1439	27.104439
1440	28.726469
1441	28.319782
1442	27.047449
1443	28.963511
1444	27.736374
1445	29.259735
1446	27.068665
1447	27.763231
1448	28.149679
1449	28.554487
1450	28.002150
1451	27.253111
1452	28.691746
1453	27.941906
1454	28.919172
1455	28.369770
1456	28.115980
1457	28.667011
1458	28.782499
1459	27.552618
1460	27.766342
1461	27.954254
1462	27.964113
1463	27.339207
1464	27.712936
1465	28.113436
1466	27.861029
1467	28.530645
1468	28.918619
1469	25.860371
1470	27.802219
1471	26.274555
1472	26.618244
1473	26.848436
1474	28.478514
1475	28.472878
1476	27.439892
1477	28.908676
1478	27.280766
1479	28.452911
1480	27.724365
1481	28.986168
1482	27.150574
1483	27.068100
1484	27.718634
1485	28.463654
1486	26.958673
1487	27.556601
1488	27.984735
1489	27.924231
1490	28.514904
1491	28.818268
1492	28.140366
1493	28.936337
1494	27.662460
1495	28.592422
1496	26.501633
1497	28.461609
1498	27.246416
1499	27.582390
1500	27.039572
1501	27.567055
1502	26.891453
1503	28.393202
1504	26.600807
1505	26.875650
1506	27.329414
1507	28.321503
1508	26.299116
1509	26.393120
1510	27.435509
1511	28.645565
1512	27.229065
1513	28.385849
1514	29.237642
1515	27.850281
1516	27.305428
1517	27.462822
1518	27.019178
1519	28.279051
1520	27.819376
1521	27.247572
1522	27.983519
1523	28.061392
1524	27.261494
1525	27.924212
1526	29.456276
1527	27.683542
1528	28.408695
1529	28.336395
1530	27.940710
1531	26.540630
1532	25.953068
1533	27.738251
1534	27.540932
1535	27.119398
1536	26.131714
1537	26.125715
1538	27.775028
1539	26.518585
1540	26.876623
1541	27.417068
1542	27.947643
1543	26.713989
1544	26.976244
1545	26.877972
1546	27.177702
1547	24.426529
1548	26.915051
1549	26.213907
1550	26.548197
1551	25.318899
1552	25.682390
1553	26.536417
1554	27.242252
1555	26.276653
1556	26.539690
1557	25.644341
1558	24.948833
1559	24.940445
1560	27.090502
1561	25.158321
1562	24.541962
1563	27.002867
1564	26.269579
1565	27.237837
1566	28.022345
1567	27.448608
1568	25.416548
1569	26.716215
1570	26.668831
1571	25.789501
1572	25.622898
1573	25.844622
1574	26.912004
1575	26.997765
1576	27.236570
1577	27.411110
1578	26.626364
1579	26.871878
1580	25.433493
1581	26.827158
1582	28.415241
1583	25.886848
1584	25.629299
1585	25.035475
1586	25.177757
1587	25.457775
1588	25.561325
1589	25.851030
1590	26.185835
1591	26.475334
1592	25.543692
1593	23.802612
1594	25.007866
1595	25.418146
1596	25.614317
1597	24.797855
1598	25.339018
1599	25.224930
1600	26.561813
1601	23.774481
1602	25.493305
1603	22.644831
1604	23.685223
1605	24.065264
1606	25.396362
1607	23.923275
1608	25.813601
1609	25.834738
1610	24.497772
1611	26.470634
1612	25.204739
1613	24.996473
1614	24.854256
1615	24.006344
1616	25.204060
1617	27.734478
1618	27.396751
1619	27.152451
1620	26.829239
1621	24.999561
1622	26.683306
1623	26.622959
1624	26.671288
1625	27.544230
1626	26.938932
1627	26.546207
1628	28.009886
1629	26.947033
1630	27.545694
1631	26.015913
1632	26.933260
1633	26.334011
1634	26.573847
1635	25.811834
1636	25.858288
1637	26.040930
1638	26.375877
1639	26.824982
1640	26.645010
1641	25.913528
1642	26.393475
1643	26.340946
1644	27.139610
1645	23.980349
1646	26.157499
1647	25.568344
1648	24.927591
1649	26.261223
1650	28.017803
1651	27.229111
1652	24.638153
1653	24.895905
1654	24.983395
1655	26.438787
1656	24.675396
1657	24.768547
1658	25.663317
1659	24.007664
1660	24.687824
1661	25.011726
1662	26.477690
1663	25.952799
1664	25.319860
1665	25.039694
1666	25.886923
1667	26.294504
1668	26.284706
1669	25.826042
1670	25.416227
1671	24.615545
1672	26.262102
1673	25.008509
1674	24.660458
1675	24.627378
1676	25.464428
1677	24.961540
1678	25.097422
1679	25.839733
1680	25.344721
1681	24.512573
1682	24.142788
1683	25.172985
1684	24.604126
1685	24.738750
1686	27.267431
1687	26.083323
1688	24.154913
1689	26.020205
1690	24.833155
1691	25.671394
1692	25.158718
1693	24.853291
1694	25.518314
1695	25.629601
1696	24.549807
1697	25.786993
1698	24.921057
1699	24.510580
1700	25.733507
1701	24.483124
1702	25.135399
1703	24.463655
1704	24.640236
1705	23.797264
1706	23.473021
1707	23.113352
1708	23.064363
1709	23.144651
1710	24.920099
1711	24.554352
1712	24.303614
1713	23.334259
1714	24.372393
1715	24.834946
1716	24.556379
1717	26.275732
1718	23.663277
1719	25.571838
1720	23.971937
1721	24.322691
1722	26.648535
1723	25.649746
1724	24.947531
1725	24.159525
1726	24.293665
1727	23.989059
1728	24.693863
1729	25.074917
1730	25.161650
1731	25.006266
1732	26.344149
1733	25.945826
1734	26.128633
1735	24.268120
1736	24.755596
1737	24.656305
1738	24.740908
1739	25.492950
1740	25.172876
1741	24.018602
1742	25.371471
1743	25.760187
1744	23.975279
1745	25.607941
1746	24.750660
1747	25.520666
1748	25.945211
1749	24.338297
1750	24.731005
1751	24.309961
1752	23.371899
1753	22.975664
1754	23.514069
1755	23.195934
1756	25.405750
1757	24.386921
1758	26.815954
1759	26.706161
1760	25.932981
1761	27.083134
1762	24.564514
1763	24.581263
1764	25.208408
1765	24.454058
1766	22.835361
1767	25.599400
1768	26.387764
1769	26.863180
1770	26.809893
1771	26.486099
1772	26.995678
1773	26.382952
1774	24.137169
1775	24.576960
1776	25.388083
1777	25.689833
1778	25.019110
1779	25.331299
1780	24.743183
1781	25.595129
1782	24.931118
1783	26.212849
1784	26.087944
1785	27.046755
1786	26.164698
1787	25.694696
1788	26.097315
1789	24.693214
1790	25.912123
1791	26.915916
1792	26.260010
0	7.389288
1	6.745844
2	9.805641
3	7.919832
4	7.330982
5	7.722965
6	8.125399
7	7.573054
8	6.690262
9	7.328705
10	7.841498
11	7.737145
12	7.485726
13	6.872118
14	7.903708
15	6.688714
16	6.322633
17	6.868553
18	7.210444
19	7.879417
20	8.169442
21	8.084757
22	7.866726
23	6.457150
24	7.495854
25	6.643349
26	8.631787
27	9.072261
28	8.882314
29	6.893599
30	7.532160
31	7.585844
32	5.900527
33	7.059698
34	6.638858
35	8.982499
36	8.484078
37	10.953830
38	9.910831
39	10.414466
40	8.127668
41	10.560787
42	9.231795
43	9.819936
44	9.628423
45	10.218760
46	10.793412
47	9.778840
48	12.287475
49	11.922865
50	9.824492
51	7.097136
52	4.963244
53	5.463899
54	6.751570
55	4.914151
56	8.300946
57	6.357872
58	6.652194
59	6.007703
60	5.946898
61	5.913766
62	9.338374
63	6.140407
64	6.819714
65	7.480173
66	7.533481
67	9.205308
68	10.066448
69	9.105019
70	7.763159
71	10.649550
72	10.347350
73	11.985474
74	10.452453
75	11.968164
76	10.628452
77	5.902704
78	3.671228
79	6.547931
80	7.041547
81	6.708272
82	7.276606
83	5.690992
84	6.717767
85	10.529891
86	11.511412
87	10.615673
88	9.707981
89	10.882030
90	11.125223
91	11.907187
92	11.149681
93	13.306021
94	11.448582
95	15.598093
96	13.398632
97	12.013861
98	13.505888
99	15.502349
100	12.952453
101	14.223315
102	14.994897
103	14.171278
104	13.359152
105	13.297433
106	14.141448
107	13.491127
108	13.408422
109	14.097925
110	13.227125
111	13.468498
112	12.306981
113	12.777816
114	13.108526
115	11.974326
116	11.378324
117	12.883565
118	14.656213
119	15.647456
120	13.259274
121	13.188229
122	11.828016
123	13.791786
124	13.748912
125	12.270899
126	13.057311
127	11.597645
128	15.322456
129	13.782731
130	15.225916
131	13.935610
132	13.881821
133	14.172386
134	15.112782
135	13.550547
136	12.102333
137	11.990388
138	13.205386
139	12.071007
140	13.086806
141	12.942602
142	12.872094
143	12.633390
144	14.375555
145	13.399635
146	12.477699
147	13.314715
148	13.210259
149	13.200850
150	13.290482
151	11.987216
152	12.153144
153	14.873836
154	11.716851
155	14.093761
156	13.897892
157	14.248665
158	13.222046
159	10.182838
160	10.913100
161	10.282731
162	14.318732
163	14.285107
164	14.560705
165	14.701909
166	12.762210
167	13.614877
168	14.354770
169	16.331425
170	14.809609
171	13.085021
172	13.272720
173	13.406897
174	13.964584
175	14.958094
176	13.496538
177	13.657684
178	14.416997
179	13.568327
180	14.599956
181	14.175143
182	13.864569
183	12.865614
184	13.869810
185	14.750158
186	13.794115
187	14.272010
188	14.371376
189	14.501517
190	16.319849
191	13.439100
192	13.500271
193	13.633282
194	13.596298
195	12.687053
196	13.672168
197	12.530864
198	14.782809
199	13.672961
200	14.293021
201	15.772595
202	12.513655
203	12.216316
204	11.405285
205	11.922691
206	10.264760
207	11.330618
208	10.463043
209	10.752236
210	12.067940
211	12.091323
212	12.328644
213	11.776084
214	12.227987
215	12.255208
216	11.851096
217	12.765540
218	11.793768
219	11.124352
220	9.037734
221	13.027147
222	14.879857
223	14.569585
224	15.279884
225	14.591623
226	13.206929
227	14.321957
228	12.972313
229	13.872035
230	11.755529
231	13.263016
232	10.206288
233	9.196978
234	11.048147
235	11.805546
236	12.225138
237	14.766818
238	14.240046
239	13.198178
240	13.247524
241	14.401655
242	14.899617
243	13.388712
244	14.495067
245	15.283921
246	14.669241
247	14.254863
248	14.027266
249	14.024472
250	13.941211
251	16.087133
252	14.625972
253	13.874959
254	15.453574
255	14.991254
256	14.568990
257	14.363858
258	13.682390
259	13.186238
260	12.613901
261	13.455327
262	13.963831
263	13.575727
264	14.627798
265	13.005600
266	12.102052
267	15.404282
268	13.828371
269	13.274236
270	12.180154
271	11.536741
272	12.856317
273	11.690171
274	11.126343
275	11.974945
276	11.092254
277	10.064254
278	11.320256
279	10.836805
280	11.625735
281	10.814967
282	11.504711
283	16.320353
284	17.756536
285	14.006892
286	13.481981
287	14.103894
288	13.401379
289	13.910494
290	14.611218
291	8.329304
292	13.242491
293	10.970663
294	11.241463
295	10.245946
296	12.372334
297	12.365265
298	11.964273
299	13.399076
300	11.463403
301	12.054762
302	12.186523
303	14.354715
304	13.919003
305	15.811836
306	12.398530
307	12.235283
308	12.676503
309	11.777746
310	12.154778
311	11.952214
312	10.479545
313	11.984342
314	11.455626
315	12.508475
316	13.234898
317	12.490771
318	14.572844
319	12.187653
320	11.139105
321	11.380849
322	13.667781
323	11.047215
324	14.621649
325	17.115158
326	14.997002
327	11.753149
328	11.987707
329	12.926575
330	10.916341
331	11.620193
332	9.996720
333	14.137621
334	12.483836
335	10.848309
336	11.868324
337	10.684247
338	11.583411
339	10.147967
340	10.179564
341	8.696068
342	11.376431
343	12.168850
344	12.645733
345	11.925407
346	12.331558
347	11.696449
348	12.187047
349	11.569929
350	11.507710
351	11.766654
352	10.834670
353	11.727935
354	12.376904
355	14.304561
356	12.292524
357	11.687456
358	10.820080
359	10.910572
360	12.698053
361	11.484518
362	12.986861
363	11.655580
364	11.533678
365	12.315341
366	11.821594
367	11.824724
368	11.326344
369	11.900746
370	12.388665
371	12.390457
372	11.285054
373	12.242735
374	11.329871
375	12.129736
376	12.252038
377	11.720415
378	12.040779
379	10.921263
380	11.634672
381	11.550489
382	10.353538
383	10.261214
384	11.699679
385	11.560657
386	11.390750
387	11.158827
388	11.288973
389	11.762126
390	10.801916
391	12.057718
392	12.089145
393	11.516577
394	11.461104
395	10.097499
396	11.185822
397	11.905401
398	10.874584
399	12.327474
400	11.038682
401	10.997281
402	11.646102
403	11.553182
404	11.041825
405	11.030305
406	11.331716
407	12.504869
408	12.688282
409	11.121529
410	12.137697
411	11.571491
412	10.984543
413	11.596618
414	11.367898
415	11.476197
416	12.426324
417	11.041989
418	10.909141
419	11.143744
420	11.034942
421	11.652493
422	11.759657
423	11.532154
424	12.007407
425	10.607738
426	11.605378
427	11.872561
428	13.179297
429	11.252685
430	11.133379
431	12.216996
432	11.331037
433	11.549074
434	11.557556
435	10.688396
436	11.408995
437	11.597260
438	11.370891
439	11.087637
440	11.920462
441	12.713059
442	12.045465
443	10.920188
444	11.404499
445	11.903366
446	11.112313
447	12.601099
448	11.279849
449	12.479239
450	11.595696
451	11.364162
452	11.365765
453	13.830911
454	11.121893
455	11.478876
456	11.277273
457	10.987848
458	11.036530
459	11.423698
460	10.690529
461	12.412356
462	11.468845
463	12.485595
464	10.994206
465	11.880984
466	11.412704
467	11.486870
468	10.807220
469	11.481010
470	11.028713
471	16.251627
472	14.209201
473	14.670444
474	15.715534
475	15.798018
476	16.117165
477	15.085284
478	14.855610
479	11.411844
480	11.022972
481	10.929277
482	10.934665
483	11.040195
484	11.894612
485	10.967522
486	11.475029
487	12.336648
488	12.064761
489	10.998186
490	14.632581
491	15.144435
492	16.656929
493	15.500528
494	15.419970
495	14.299419
496	12.068462
497	14.381142
498	14.183828
499	15.015224
500	14.628291
501	14.228967
502	15.559481
503	15.214264
504	15.158948
505	14.690967
506	14.709282
507	14.408376
508	13.581027
509	12.514775
510	12.259016
511	17.500967
512	15.487677
513	15.897629
514	14.946701
515	13.081802
516	14.511168
517	14.491924
518	14.249623
519	12.041285
520	13.164107
521	13.036795
522	14.664085
523	13.981117
524	13.132558
525	12.962248
526	13.337573
527	14.675455
528	12.827147
529	12.893531
530	12.864393
531	12.256228
532	12.271238
533	12.330224
534	12.678186
535	12.218763
536	12.141945
537	11.218761
538	11.901822
539	12.349813
540	11.755373
541	15.624770
542	12.094068
543	11.781256
544	11.541871
545	12.569988
546	13.376400
547	13.475087
548	13.106953
549	11.706567
550	12.670405
551	12.820975
552	12.841487
553	12.110932
554	13.699095
555	14.097582
556	11.867574
557	11.733340
558	13.449495
559	12.537543
560	13.760976
561	12.322390
562	14.064620
563	11.305268
564	12.899321
565	11.212538
566	10.843869
567	11.570407
568	11.864042
569	11.347074
570	14.243729
571	13.944654
572	11.966478
573	13.680976
574	13.837931
575	12.941044
576	12.871430
577	14.785879
578	12.121922
579	12.222364
580	11.661534
581	11.867325
582	11.127395
583	11.567856
584	13.420123
585	12.165977
586	12.233226
587	11.281871
588	12.669664
589	11.124820
590	11.787889
591	11.704797
592	11.602262
593	12.374599
594	12.200294
595	11.746964
596	12.627199
597	13.581935
598	13.895562
599	13.214040
600	13.182384
601	13.782104
602	15.044432
603	13.790237
604	13.100618
605	12.231585
606	13.508636
607	13.842854
608	14.652848
609	13.779386
610	13.352486
611	13.990246
612	15.248036
613	13.475245
614	14.040915
615	12.047930
616	12.609604
617	14.703676
618	12.618732
619	12.122050
620	10.893022
621	11.676459
622	14.045092
623	11.606765
624	11.140018
625	11.795401
626	11.427315
627	12.498069
628	12.021154
629	12.081121
630	13.314974
631	13.364662
632	12.955423
633	15.219573
634	12.144155
635	13.711634
636	13.503804
637	14.679737
638	13.430777
639	13.654803
640	12.597857
641	13.064993
642	13.068309
643	12.667173
644	13.392781
645	13.448531
646	14.506968
647	14.615502
648	15.694703
649	14.364191
650	13.452067
651	15.573582
652	14.209071
653	13.823441
654	13.367857
655	12.064571
656	14.704537
657	11.863799
658	12.972194
659	12.807137
660	13.477133
661	14.280641
662	13.303778
663	12.448934
664	13.069872
665	11.728203
666	13.454624
667	13.273914
668	12.770459
669	12.439001
670	13.720609
671	12.401287
672	13.345457
673	11.866136
674	12.567276
675	12.564183
676	12.272151
677	14.497893
678	13.368264
679	12.255383
680	13.076268
681	13.150136
682	14.093879
683	12.971734
684	14.602771
685	13.110385
686	12.499524
687	13.013670
688	13.784022
689	12.599833
690	13.359921
691	12.549635
692	13.827690
693	14.407116
694	13.134812
695	12.710508
696	12.238535
697	11.730036
698	12.440196
699	11.209852
700	11.882988
701	13.408565
702	11.699082
703	11.709521
704	12.587019
705	12.159232
706	11.337310
707	11.607088
708	12.145296
709	11.911832
710	12.566901
711	12.461696
712	13.209270
713	12.800270
714	14.136957
715	15.080585
716	13.916889
717	11.011240
718	14.075775
719	11.741844
720	13.161463
721	11.506927
722	12.358968
723	12.463619
724	12.583481
725	13.047027
726	12.469438
727	12.383482
728	12.204418
729	12.869169
730	13.155753
731	13.121676
732	13.808870
733	12.972725
734	13.092708
735	12.075073
736	15.539480
737	13.348535
738	11.884365
739	12.792693
740	14.028935
741	11.680711
742	12.970351
743	12.071087
744	15.232038
745	12.543452
746	14.769812
747	10.751724
748	13.564731
749	11.621294
750	12.841839
751	12.334367
752	12.095281
753	12.925365
754	13.321547
755	13.461847
756	14.846079
757	13.070408
758	13.558205
759	14.425913
760	14.231827
761	13.971341
762	14.184763
763	11.651403
764	14.178675
765	13.947547
766	12.823981
767	13.791017
768	13.059890
769	14.288950
770	15.380153
771	13.822321
772	12.328094
773	13.775430
774	13.290921
775	12.762255
776	12.845698
777	13.065579
778	11.603354
779	11.653485
780	14.846150
781	13.731750
782	13.806764
783	13.688342
784	11.202834
785	14.483592
786	13.722632
787	13.047230
788	12.566120
789	11.845467
790	13.702645
791	13.589952
792	13.263449
793	13.851249
794	13.667414
795	13.764894
796	12.630155
797	13.665979
798	14.571867
799	14.211129
800	13.028316
801	13.760036
802	12.671152
803	12.884371
804	14.752829
805	13.136079
806	12.592196
807	13.654441
808	12.929814
809	12.839152
810	12.761901
811	12.719688
812	12.203104
813	13.539774
814	13.063407
815	13.321704
816	13.726897
817	14.050678
818	13.076485
819	13.805916
820	13.958525
821	14.406790
822	13.149696
823	14.562273
824	13.309685
825	14.319990
826	15.438414
827	12.559852
828	13.836239
829	13.894246
830	14.789539
831	14.334298
832	15.477965
833	13.688907
834	15.049046
835	13.556984
836	13.888920
837	13.931869
838	12.000679
839	11.598423
840	13.560503
841	13.551421
842	12.416105
843	14.561885
844	14.242176
845	16.325041
846	12.008966
847	12.926764
848	13.270085
849	12.704894
850	14.015447
851	13.812655
852	15.195813
853	13.808539
854	16.165207
855	13.830599
856	13.570866
857	12.206702
858	13.916270
859	11.918243
860	11.499951
861	11.713450
862	13.473012
863	13.112814
864	14.491350
865	14.294167
866	14.104523
867	12.785072
868	12.721489
869	13.094418
870	12.054305
871	11.696921
872	12.731135
873	13.799243
874	12.762664
875	14.380492
876	12.252999
877	12.290095
878	14.665015
879	11.577072
880	12.189757
881	13.053962
882	14.009868
883	12.562168
884	12.300993
885	14.560806
886	13.582217
887	13.633727
888	13.631130
889	15.571526
890	14.629457
891	14.142175
892	13.829494
893	12.290176
894	13.169335
895	14.412969
896	14.444583
897	14.375917
898	13.896284
899	14.424746
900	15.464059
901	13.815634
902	12.138268
903	12.939653
904	14.619612
905	14.419676
906	13.272273
907	12.959333
908	14.596892
909	11.041299
910	11.619952
911	12.025166
912	12.971418
913	12.283392
914	14.038992
915	14.878352
916	14.456338
917	14.028763
918	11.375961
919	11.864455
920	12.266409
921	11.732911
922	13.490565
923	11.430616
924	11.497282
925	11.665689
926	11.262530
927	12.484055
928	11.779177
929	11.399285
930	10.694344
931	11.599401
932	12.002575
933	13.039639
934	10.898674
935	14.108921
936	13.663898
937	16.135567
938	11.102829
939	11.433461
940	13.010604
941	16.109158
942	12.929606
943	13.808846
944	11.851521
945	12.115869
946	11.024688
947	12.999143
948	14.014900
949	13.023026
950	12.721354
951	12.055646
952	13.618635
953	12.958539
954	14.422833
955	14.323483
956	14.263474
957	12.309223
958	12.174685
959	10.586715
960	11.292003
961	11.606386
962	12.609854
963	13.016985
964	12.362982
965	11.601210
966	13.750480
967	13.305890
968	14.245072
969	12.467899
970	11.650291
971	11.741345
972	10.761516
973	12.104615
974	11.362469
975	10.952160
976	11.764379
977	11.761803
978	12.766914
979	13.530831
980	11.472114
981	13.807961
982	13.324145
983	13.768396
984	11.726077
985	11.629630
986	12.110347
987	14.175182
988	12.845952
989	14.741071
990	15.925202
991	15.314637
992	15.377728
993	16.301523
994	15.724392
995	15.154364
996	13.958523
997	14.859455
998	15.250903
999	13.089508
1000	14.905724
1001	16.496977
1002	14.584387
1003	15.294538
1004	13.983380
1005	12.184092
1006	14.248492
1007	12.259552
1008	12.950356
1009	11.401739
1010	13.472522
1011	12.582382
1012	12.166268
1013	13.662057
1014	11.688533
1015	12.959865
1016	12.709786
1017	14.994829
1018	13.956454
1019	12.726492
1020	14.525305
1021	11.510082
1022	13.539783
1023	15.353420
1024	15.964981
1025	15.733717
1026	15.446452
1027	14.964787
1028	13.849191
1029	12.790638
1030	11.862093
1031	13.198974
1032	13.923040
1033	14.176097
1034	13.465069
1035	15.249866
1036	16.456505
1037	15.396097
1038	15.669287
1039	13.272261
1040	15.447127
1041	14.851644
1042	15.058661
1043	14.477175
1044	16.714714
1045	12.117314
1046	11.529496
1047	14.107265
1048	13.993835
1049	15.299321
1050	14.345920
1051	13.857224
1052	11.543660
1053	11.487463
1054	14.297751
1055	12.196450
1056	10.953035
1057	11.872355
1058	11.423182
1059	11.251226
1060	10.978803
1061	11.868496
1062	10.986214
1063	12.927489
1064	14.379948
1065	13.177107
1066	13.940560
1067	13.850606
1068	13.492083
1069	11.499720
1070	10.728060
1071	13.373087
1072	14.857663
1073	14.970365
1074	14.070825
1075	12.146381
1076	15.755336
1077	14.075177
1078	11.674099
1079	13.596606
1080	11.918033
1081	11.045152
1082	13.072468
1083	11.738116
1084	11.245294
1085	13.335102
1086	13.340172
1087	15.272766
1088	14.073844
1089	12.259568
1090	11.954970
1091	12.937365
1092	15.624400
1093	11.818550
1094	13.428618
1095	11.398967
1096	13.647537
1097	13.719581
1098	12.783792
1099	13.547891
1100	12.067322
1101	11.260257
1102	13.688440
1103	13.314636
1104	11.219046
1105	11.078727
1106	10.788727
1107	10.895032
1108	11.677011
1109	11.822310
1110	11.753251
1111	13.502228
1112	12.616223
1113	12.596785
1114	10.139821
1115	10.846111
1116	10.521394
1117	10.366062
1118	8.649868
1119	8.934409
1120	9.169088
1121	8.504263
1122	7.356617
1123	8.317048
1124	9.247749
1125	8.578188
1126	9.260508
1127	7.208641
1128	7.756559
1129	8.128110
1130	8.917747
1131	8.169411
1132	7.106342
1133	7.628409
1134	8.824161
1135	7.883660
1136	8.197499
1137	7.992983
1138	8.287805
1139	9.367065
1140	8.232491
1141	7.314272
1142	6.884612
1143	7.210193
1144	6.769608
1145	8.305120
1146	8.757656
1147	7.792876
1148	8.459682
1149	7.010746
1150	6.679298
1151	6.006214
1152	7.137009
1153	8.437570
1154	7.871473
1155	6.394287
1156	7.263574
1157	7.454342
1158	8.593287
1159	7.072898
1160	8.679667
1161	6.619690
1162	6.685648
1163	6.561654
1164	8.082604
1165	7.951889
1166	6.556082
1167	6.312416
1168	6.843760
1169	8.467779
1170	7.540245
1171	9.995323
1172	9.663595
1173	10.419106
1174	11.663643
1175	10.581554
1176	12.838734
1177	11.318785
1178	10.003563
1179	10.138535
1180	11.897315
1181	10.982267
1182	11.122705
1183	10.685195
1184	12.083690
1185	11.231874
1186	11.988882
1187	12.311923
1188	9.315761
1189	9.933079
1190	8.933050
1191	9.168691
1192	11.903717
1193	13.631027
1194	12.224570
1195	12.435662
1196	11.829021
1197	11.594564
1198	12.097177
1199	11.882046
1200	11.515910
1201	13.822279
1202	13.126120
1203	12.283888
1204	14.148714
1205	13.030614
1206	13.198302
1207	13.261963
1208	13.460549
1209	13.712162
1210	11.934429
1211	11.892418
1212	12.364038
1213	13.538442
1214	11.077694
1215	14.744318
1216	12.239547
1217	13.722411
1218	12.831659
1219	14.201556
1220	15.665152
1221	13.518436
1222	13.898824
1223	13.179115
1224	12.321745
1225	15.107332
1226	13.719399
1227	13.173147
1228	13.688294
1229	12.621418
1230	14.975210
1231	13.654017
1232	15.018088
1233	16.134462
1234	15.679518
1235	15.862248
1236	15.669715
1237	15.392901
1238	16.042187
1239	16.675476
1240	12.817128
1241	12.414811
1242	14.897735
1243	14.256047
1244	13.587352
1245	13.633816
1246	14.357945
1247	14.935290
1248	15.838989
1249	14.723752
1250	13.529987
1251	13.890805
1252	13.253329
1253	14.714789
1254	14.991647
1255	11.808897
1256	14.662452
1257	14.305434
1258	13.982708
1259	13.767560
1260	13.583266
1261	14.626351
1262	17.289408
1263	14.109493
1264	14.566349
1265	14.317135
1266	14.687753
1267	15.043091
1268	14.371281
1269	15.206251
1270	15.388546
1271	14.239841
1272	14.518757
1273	13.729747
1274	13.640065
1275	14.936814
1276	13.416903
1277	14.100997
1278	15.072312
1279	12.884701
1280	12.390265
1281	11.562271
1282	11.700770
1283	11.570943
1284	11.562624
1285	12.523671
1286	11.640108
1287	11.764434
1288	14.635836
1289	13.892280
1290	13.925864
1291	13.599695
1292	13.527358
1293	11.788156
1294	12.911112
1295	13.545291
1296	13.750911
1297	13.878069
1298	12.971882
1299	14.142467
1300	14.756538
1301	13.540856
1302	14.344191
1303	11.363955
1304	10.264429
1305	11.287745
1306	12.789816
1307	11.735166
1308	11.470801
1309	10.971417
1310	11.235703
1311	11.317712
1312	11.491497
1313	11.012408
1314	10.734030
1315	10.742858
1316	11.058973
1317	11.114334
1318	10.386573
1319	10.437049
1320	10.716686
1321	13.311360
1322	11.778413
1323	11.080467
1324	11.722561
1325	10.800320
1326	10.641629
1327	10.962242
1328	11.214602
1329	12.189916
1330	13.024676
1331	11.204668
1332	10.398702
1333	11.799307
1334	12.015383
1335	12.544845
1336	13.150994
1337	11.713181
1338	12.069320
1339	10.433911
1340	11.610241
1341	12.089082
1342	11.046605
1343	10.816215
1344	10.702341
1345	11.137150
1346	11.512029
1347	12.981353
1348	10.991852
1349	11.246818
1350	10.560322
1351	11.471761
1352	12.414303
1353	12.563427
1354	12.310981
1355	11.881330
1356	11.716057
1357	11.986983
1358	10.817399
1359	10.906637
1360	12.696041
1361	11.359446
1362	11.599337
1363	11.874110
1364	10.876350
1365	11.463795
1366	11.882843
1367	11.458485
1368	13.955014
1369	14.742080
1370	13.663008
1371	11.540348
1372	12.003187
1373	11.302185
1374	14.160688
1375	13.670062
1376	12.244884
1377	12.426094
1378	11.131111
1379	12.246822
1380	13.958532
1381	11.502789
1382	12.005822
1383	13.189101
1384	14.757813
1385	14.426922
1386	11.802852
1387	10.435962
1388	12.099548
1389	10.897694
1390	11.702601
1391	10.171697
1392	14.365089
1393	12.088284
1394	13.317637
1395	10.975931
1396	11.160831
1397	10.999569
1398	11.596926
1399	12.016848
1400	10.851498
1401	10.951817
1402	10.523830
1403	11.235463
1404	11.257215
1405	11.505866
1406	10.901394
1407	12.330362
1408	10.972259
1409	12.018644
1410	12.315577
1411	12.780393
1412	11.956905
1413	11.571843
1414	11.710751
1415	11.170298
1416	12.735188
1417	11.304144
1418	11.970753
1419	11.150363
1420	11.544180
1421	11.360721
1422	10.969180
1423	11.695626
1424	10.937802
1425	12.238762
1426	11.566713
1427	10.798193
1428	10.808258
1429	11.152978
1430	11.129081
1431	10.835809
1432	11.175549
1433	10.359832
1434	11.816849
1435	11.286028
1436	10.869473
1437	11.950849
1438	10.042687
1439	8.715074
1440	10.636475
1441	9.289062
1442	10.525992
1443	11.448902
1444	11.824459
1445	12.595604
1446	10.455974
1447	9.678389
1448	10.922483
1449	11.339437
1450	11.126899
1451	11.891721
1452	14.561898
1453	11.959405
1454	10.987353
1455	11.502521
1456	11.843194
1457	11.394211
1458	10.958329
1459	12.615408
1460	11.557191
1461	11.750394
1462	12.767827
1463	10.386483
1464	11.129123
1465	12.652308
1466	12.119148
1467	10.780770
1468	11.952721
1469	11.731622
1470	11.391475
1471	11.018084
1472	11.096237
1473	12.712916
1474	11.608015
1475	12.868579
1476	11.787736
1477	12.021209
1478	10.735900
1479	13.307837
1480	11.620265
1481	10.494897
1482	11.613773
1483	12.405881
1484	11.226652
1485	11.937575
1486	11.461196
1487	11.727123
1488	10.968830
1489	11.964418
1490	11.812387
1491	13.379183
1492	11.679614
1493	11.855048
1494	11.879578
1495	11.567580
1496	10.419085
1497	10.056769
1498	11.785352
1499	11.085089
1500	10.756640
1501	11.076356
1502	10.929760
1503	10.601256
1504	10.896274
1505	10.516207
1506	11.517574
1507	12.721804
1508	13.929036
1509	14.044323
1510	10.880405
1511	11.312654
1512	11.482449
1513	11.537912
1514	10.746336
1515	13.633650
1516	11.414075
1517	11.481565
1518	12.017980
1519	13.955603
1520	13.819842
1521	15.589800
1522	15.104518
1523	12.773355
1524	12.737317
1525	12.079417
1526	14.157771
1527	14.599913
1528	13.575850
1529	13.859846
1530	13.903502
1531	12.611433
1532	15.459941
1533	14.000021
1534	13.043607
1535	15.395092
1536	14.649818
1537	14.839639
1538	14.181485
1539	14.149280
1540	12.191283
1541	11.625132
1542	12.431111
1543	12.477809
1544	11.979881
1545	10.986099
1546	12.856668
1547	12.330524
1548	11.743711
1549	12.284155
1550	14.300669
1551	13.516498
1552	11.403460
1553	15.572624
1554	14.974878
1555	15.756694
1556	14.280244
1557	15.825747
1558	16.004103
1559	15.844460
1560	12.463740
1561	13.699629
1562	13.403674
1563	15.954610
1564	11.997822
1565	12.351850
1566	12.567692
1567	11.422494
1568	12.229302
1569	12.593633
1570	12.148124
1571	12.199224
1572	11.915511
1573	12.145922
1574	12.649987
1575	11.911534
1576	15.478580
1577	11.958638
1578	14.079662
1579	11.196616
1580	11.912171
1581	11.870998
1582	13.082483
1583	14.139215
1584	12.166265
1585	11.330071
1586	12.018179
1587	12.096962
1588	11.999954
1589	12.569650
1590	12.699973
1591	12.044360
1592	12.674527
1593	12.413030
1594	12.710489
1595	14.042348
1596	13.339537
1597	13.107927
1598	15.677805
1599	15.223457
1600	15.580697
1601	13.730602
1602	12.088078
1603	12.648241
1604	15.063603
1605	15.369275
1606	14.276958
1607	13.718726
1608	13.320109
1609	13.339972
1610	15.203533
1611	11.388123
1612	10.694081
1613	11.459148
1614	11.897701
1615	11.832373
1616	11.257927
1617	10.409471
1618	10.580364
1619	12.654349
1620	11.018591
1621	11.767608
1622	11.811845
1623	13.029972
1624	13.885496
1625	12.199487
1626	11.814954
1627	14.198489
1628	14.430765
1629	15.911209
1630	15.730026
1631	14.721688
1632	14.097076
1633	14.633816
1634	14.854140
1635	13.678745
1636	13.713393
1637	14.543773
1638	15.140969
1639	14.297182
1640	14.593538
1641	15.582614
1642	14.233490
1643	16.397421
1644	13.719049
1645	13.743903
1646	15.431051
1647	14.229668
1648	14.304212
1649	14.367828
1650	14.698507
1651	12.518645
1652	14.675930
1653	13.590631
1654	15.486423
1655	13.889342
1656	15.272699
1657	14.993804
1658	15.166110
1659	14.525939
1660	14.591441
1661	14.292341
1662	14.060243
1663	11.879472
1664	14.844816
1665	13.926472
1666	14.924130
1667	12.508272
1668	15.124227
1669	12.463976
1670	12.291906
1671	11.770821
1672	10.828526
1673	10.912563
1674	15.335180
1675	16.067497
1676	11.675147
1677	12.377728
1678	10.465055
1679	11.174664
1680	11.712117
1681	11.050611
1682	10.581895
1683	11.028893
1684	10.914289
1685	11.355326
1686	11.133813
1687	13.806977
1688	15.535023
1689	15.689682
1690	14.796894
1691	15.817703
1692	14.225602
1693	13.327786
1694	13.575010
1695	12.853569
1696	13.490134
1697	15.021041
1698	12.338999
1699	12.922694
1700	12.091831
1701	11.432344
1702	12.222530
1703	13.564732
1704	13.639758
1705	13.491136
1706	11.530785
1707	13.402067
1708	12.514527
1709	13.631303
1710	14.256981
1711	11.676342
1712	13.855072
1713	14.768636
1714	12.144831
1715	12.861499
1716	12.616452
1717	12.615903
1718	13.786761
1719	12.190702
1720	14.176533
1721	13.007009
1722	12.669319
1723	13.027560
1724	12.574934
1725	15.056840
1726	14.244426
1727	15.103142
1728	14.998974
1729	12.600356
1730	12.876559
1731	13.544319
1732	13.284376
1733	15.224869
1734	11.924870
1735	12.420105
1736	12.550125
1737	12.495834
1738	12.652575
1739	12.339080
1740	10.408962
1741	13.198417
1742	12.343127
1743	13.018870
1744	11.937279
1745	13.259669
1746	13.230833
1747	12.723497
1748	12.964478
1749	14.821107
1750	11.565895
1751	13.229843
1752	13.747049
1753	12.956995
1754	14.576006
1755	12.982929
1756	15.108269
1757	11.837575
1758	13.573373
1759	12.684525
1760	13.558895
1761	14.138315
1762	12.876691
1763	11.755330
1764	12.766416
1765	13.912382
1766	13.024460
1767	12.410163
1768	12.598342
1769	13.730564
1770	13.822303
1771	12.464264
1772	13.888157
1773	15.641422
1774	12.063937
1775	12.219941
1776	12.091881
1777	13.507018
1778	11.767410
1779	13.475100
1780	11.851773
1781	14.211032
1782	14.590653
1783	13.799879
1784	14.325379
1785	15.465117
1786	14.679027
1787	14.884537
1788	15.690053
1789	15.505006
1790	11.675144
1791	11.559691
1792	11.338424
1793	11.869666
1794	11.861100
1795	11.805449
1796	11.456763
1797	15.442882
1798	12.722433
1799	11.563815
1800	9.528221
1801	12.972433
1802	12.888168
1803	13.497237
1804	12.698252
1805	11.038651
1806	11.660403
1807	12.687963
1808	9.889661
1809	10.608676
1810	10.482677
1811	10.392511
1812	10.030407
1813	9.576764
1814	10.867310
1815	10.190491
1816	11.085868
1817	10.076783
1818	11.110179
1819	11.152560
1820	10.824437
1821	12.263384
1822	9.736140
1823	9.960689
1824	12.456006
1825	11.561202
1826	9.362513
1827	10.601930
1828	11.034791
1829	10.845500
1830	10.358271
1831	8.992786
1832	10.686207
1833	11.368353
1834	11.515036
1835	10.871176
1836	10.990218
1837	13.010477
1838	12.137830
1839	11.552750
1840	11.563952
1841	11.833010
1842	12.620199
1843	12.590158
1844	13.062141
1845	12.894903
1846	10.552955
1847	12.123881
1848	12.552016
1849	12.167205
1850	11.815565
1851	12.023552
1852	11.041058
1853	12.549581
1854	12.740996
1855	9.633802
1856	12.022685
1857	10.613448
1858	9.453948
1859	12.805036
1860	11.981823
1861	10.959380
1862	11.525164
1863	12.114639
1864	13.387908
1865	10.321801
1866	10.562943
1867	10.170135
1868	11.091571
0	7.543228
1	7.388331
2	8.885903
3	7.235309
4	8.987665
5	9.240725
6	11.224377
7	8.144257
8	11.266437
9	7.970314
10	7.742408
11	6.113339
12	6.302974
13	8.488302
14	8.976848
15	8.613483
16	8.367970
17	10.450979
18	11.914944
19	14.209388
20	11.233210
21	11.176091
22	12.423984
23	11.817026
24	10.292176
25	11.066194
26	10.706910
27	11.743606
28	12.173053
29	12.556871
30	14.934087
31	11.879922
32	11.367025
33	10.741970
34	13.490964
35	13.860672
36	14.160176
37	14.146361
38	10.127604
39	14.119541
40	11.132519
41	10.126658
42	8.268352
43	7.044580
44	9.498827
45	9.706987
46	10.483829
47	11.345277
48	10.494154
49	10.812503
50	13.202598
51	13.300563
52	11.723178
53	12.478631
54	11.406709
55	13.850740
56	14.273136
57	12.754399
58	10.854986
59	12.458621
60	14.158761
61	19.525927
62	11.955675
63	12.360607
64	13.734312
65	14.908816
66	17.824202
67	15.771940
68	13.901413
69	11.878598
70	11.752869
71	14.828787
72	16.596640
73	12.434435
74	14.247366
75	16.460051
76	12.793759
77	11.684238
78	12.746486
79	11.804570
80	8.024474
81	11.026195
82	9.760371
83	11.346864
84	12.331944
85	8.683116
86	11.145094
87	8.956635
88	8.869848
89	6.653368
90	7.946125
91	5.902522
92	10.268814
93	10.623155
94	8.357290
95	9.910095
96	13.409082
97	13.239648
98	12.946875
99	12.598263
100	12.678535
101	12.327972
102	13.534628
103	11.160988
104	12.781193
105	6.782955
106	5.785879
107	6.137564
108	12.183106
109	14.697496
110	9.093436
111	11.128172
112	11.308887
113	9.341221
114	10.858222
115	11.927243
116	9.708868
117	9.301323
118	10.561034
119	11.737843
120	10.626278
121	12.836776
122	11.443859
123	10.620286
124	5.915033
125	9.011087
126	8.347300
127	9.322409
128	9.844339
129	8.386453
130	9.815023
131	9.347267
132	8.977452
133	9.081198
134	9.844070
135	10.286482
136	7.065771
137	9.154499
138	7.956487
139	8.414074
140	9.795510
141	8.087372
142	8.617522
143	8.086317
144	8.971436
145	8.349281
146	8.271221
147	8.135146
148	9.081167
149	12.492537
150	12.420540
151	10.641963
152	13.879773
153	15.587782
154	17.041452
155	12.830416
156	14.459695
157	17.637873
158	17.212749
159	16.777428
160	13.173933
161	12.170688
162	10.953744
163	12.702997
164	11.591352
165	13.051920
166	13.654345
167	12.696701
168	13.221085
169	12.995337
170	13.511998
171	12.222245
172	12.547565
173	13.203671
174	12.152781
175	12.638618
176	12.550300
177	12.836008
178	11.924737
179	11.856126
180	12.640943
181	12.420548
182	11.469564
183	13.409163
184	12.402330
185	13.542725
186	12.558970
187	12.224291
188	10.626317
189	11.549604
190	12.785935
191	12.411550
192	12.375919
193	12.414561
194	12.043279
195	11.426953
196	11.680351
197	10.139789
198	9.805760
199	8.556169
200	8.536253
201	10.434931
202	11.755424
203	11.001095
204	10.352622
205	14.875836
206	11.322601
207	10.793651
208	10.470309
209	11.882545
210	12.032564
211	10.967941
212	12.143812
213	12.085813
214	12.220267
215	11.757265
216	12.434687
217	11.448031
218	10.877634
219	10.059708
220	9.776754
221	10.367205
222	10.496765
223	10.913392
224	11.554684
225	12.902310
226	13.889001
227	12.701154
228	12.162235
229	12.143861
230	12.092227
231	13.859934
232	11.942043
233	12.070269
234	13.392827
235	12.029420
236	13.234702
237	11.158122
238	11.342055
239	12.198405
240	12.245115
241	10.975291
242	9.969559
243	10.139512
244	9.181966
245	10.261895
246	9.229940
247	10.764103
248	10.537593
249	11.253291
250	12.343169
251	11.307542
252	11.224734
253	14.546329
254	13.361619
255	16.346851
256	17.874693
257	15.507999
258	12.574507
259	14.433907
260	16.096533
261	16.812033
262	18.756014
263	15.213536
264	16.932968
265	16.319710
266	17.037310
267	16.471968
268	14.082595
269	17.365587
270	14.362568
271	15.038250
272	17.194201
273	17.874998
274	16.744951
275	15.163652
276	15.248353
277	15.025928
278	14.610581
279	16.879932
280	16.683023
281	17.031950
282	16.240303
283	16.020857
284	16.951143
285	15.436591
286	15.796690
287	16.858974
288	15.874661
289	16.331659
290	17.333164
291	18.025991
292	15.001179
293	16.047136
294	14.714127
295	16.974749
296	17.050802
297	16.494633
298	17.470985
299	15.985700
300	17.100513
301	16.466621
302	16.306091
303	16.209715
304	16.693552
305	18.006952
306	15.822013
307	17.258240
308	17.339863
309	15.857743
310	15.940071
311	16.638596
312	14.664425
313	15.772792
314	15.057399
315	15.698415
316	14.657511
317	17.974195
318	14.510025
319	16.411341
320	15.708719
321	15.980659
322	15.925440
323	15.331319
324	14.285440
325	15.364003
326	16.855932
327	17.085203
328	16.062721
329	16.389965
330	16.372393
331	16.460358
332	15.072809
333	15.537946
334	15.635260
335	16.714579
336	15.074037
337	14.833956
338	13.900551
339	15.199951
340	16.320427
341	15.827143
342	17.609810
343	15.833638
344	13.469302
345	15.426332
346	15.254037
347	13.662311
348	14.103101
349	16.249998
350	15.684085
351	15.629284
352	13.984336
353	15.377472
354	14.873301
355	15.619462
356	16.252178
357	16.478842
358	16.279902
359	17.945591
360	17.758137
361	15.839860
362	15.125412
363	14.153434
364	15.416943
365	15.787004
366	15.724595
367	15.659778
368	16.609293
369	14.732090
370	16.029991
371	15.830385
372	13.888733
373	14.160410
374	15.415610
375	14.083187
376	15.291906
377	15.987811
378	16.408670
379	16.025679
380	16.635441
381	15.935861
382	15.357409
383	16.599949
384	17.889683
385	14.782903
386	15.884697
387	15.399505
388	16.341190
389	15.694194
390	14.711917
391	15.378718
392	17.350210
393	16.359247
394	16.151070
395	17.006781
396	16.340830
397	17.187941
398	17.324562
399	18.303572
400	17.327982
401	15.858285
402	15.882129
403	15.775668
404	16.457041
405	17.591604
406	15.274353
407	15.359486
408	16.230024
409	16.598972
410	16.298424
411	15.649698
412	16.725100
413	16.760839
414	17.159388
415	17.539608
416	16.083761
417	17.215422
418	17.142761
419	15.358483
420	17.493710
421	16.044384
422	15.104155
423	15.328833
424	15.898044
425	15.974857
426	16.135712
427	15.652178
428	14.994756
429	16.004253
430	15.229386
431	13.696263
432	13.495078
433	13.562932
434	15.146751
435	15.240426
436	15.190932
437	15.811137
438	15.912492
439	14.011946
440	16.463665
441	15.766424
442	16.647919
443	17.892000
444	16.129345
445	15.648904
446	14.801217
447	17.029003
448	14.907314
449	16.411507
450	15.911300
451	15.145740
452	17.610126
453	16.839960
454	15.477263
455	15.314717
456	16.497843
457	14.030558
458	14.125545
459	15.347292
460	13.836344
461	14.561611
462	13.725880
463	14.233739
464	17.526337
465	16.325581
466	16.767643
467	15.187102
468	17.592878
469	15.505864
470	16.167803
471	16.327347
472	15.197103
473	15.117752
474	14.911928
475	16.493372
476	14.419629
477	15.573840
478	17.413176
479	16.927969
480	16.251387
481	16.435843
482	16.746866
483	17.877569
484	17.539654
485	16.686695
486	18.306263
487	16.614357
488	18.000463
489	16.294407
490	16.990515
491	16.049866
492	15.649324
493	15.579802
494	16.627487
495	17.143995
496	17.157722
497	16.657879
498	15.715360
499	16.171484
500	16.231037
501	16.276722
502	16.082630
503	17.496319
504	14.965814
505	17.813292
506	15.857964
507	17.997124
508	14.096059
509	18.051107
510	15.607730
511	15.067865
512	14.429871
513	17.200228
514	17.402979
515	16.204975
516	17.596941
517	18.298012
518	16.794224
519	16.539351
520	17.576490
521	17.600750
522	18.803276
523	17.424015
524	17.607729
525	16.892176
526	17.945051
527	16.425249
528	17.259108
529	16.908579
530	16.907848
531	16.128544
532	16.068459
533	15.643775
534	16.818552
535	17.333237
536	17.357595
537	16.367987
538	16.415771
539	17.015743
540	16.627556
541	16.925425
542	16.747459
543	18.141556
544	17.337265
545	16.852720
546	16.318308
547	17.292971
548	15.212286
549	15.062740
550	15.784945
551	16.554749
552	17.456188
553	15.903230
554	15.862889
555	15.228855
556	16.401125
557	17.218832
558	19.130632
559	15.825411
560	17.412113
561	16.049265
562	14.987097
563	16.042368
564	15.863887
565	18.900766
566	14.895736
567	16.395510
568	17.094797
569	16.149212
570	17.477715
571	16.151987
572	16.782177
573	17.554522
574	16.294666
575	16.060619
576	17.189207
577	17.166616
578	16.258362
579	16.867754
580	15.154956
581	13.751352
582	13.904044
583	16.042639
584	16.005836
585	15.022728
586	15.749635
587	15.709780
588	13.846839
589	16.829359
590	14.739368
591	14.262253
592	14.199014
593	16.184191
594	17.110336
595	17.621613
596	16.715191
597	16.421551
598	17.570454
599	17.132019
600	16.237610
601	16.722847
602	17.568893
603	17.314562
604	16.751999
605	16.186150
606	18.260578
607	16.174982
608	18.677786
609	17.264677
610	16.661104
611	15.532823
612	14.206573
613	15.109662
614	16.055294
615	16.701103
616	15.232102
617	14.301800
618	14.467837
619	14.699130
620	14.347015
621	12.841741
622	15.753267
623	14.689743
624	14.322041
625	14.418327
626	14.193716
627	13.457433
628	15.731658
629	15.036265
630	15.895038
631	16.361200
632	17.823465
633	17.542053
634	15.724586
635	17.430120
636	16.217642
637	17.139841
638	16.834074
639	16.398945
640	17.852917
641	16.052395
642	16.274734
643	15.890485
644	16.023174
645	15.659375
646	15.157393
647	15.911455
648	16.346210
649	14.038178
650	16.994318
651	16.323286
652	16.213776
653	15.826960
654	16.541836
655	15.986765
656	16.357544
657	17.718496
658	16.308704
659	16.355761
660	16.088621
661	17.981171
662	16.919199
663	15.011211
664	16.804770
665	17.742599
666	17.592054
667	16.715471
668	17.521000
669	16.481039
670	15.087057
671	15.601185
672	18.263681
673	16.575481
674	15.607173
675	16.765612
676	16.909266
677	15.571997
678	16.522266
679	16.925465
680	15.838714
681	14.985222
682	16.305561
683	15.502804
684	16.211826
685	15.981937
686	16.186522
687	16.538601
688	16.842962
689	16.871092
690	16.316477
691	15.933904
692	16.080248
693	16.633539
694	17.173462
695	15.322542
696	15.664909
697	15.944937
698	16.249472
699	16.275948
700	16.394453
701	15.693473
702	14.828475
703	14.490451
704	14.980179
705	16.321472
706	16.533085
707	18.953337
708	16.111814
709	16.926893
710	15.679879
711	17.299936
712	16.045193
713	17.210245
714	17.043358
715	16.456371
716	15.654035
717	15.578824
718	15.995431
719	16.746513
720	15.645454
721	17.083311
722	15.394651
723	15.296448
724	14.882410
725	13.580888
726	14.724281
727	14.316041
728	13.577432
729	16.072996
730	14.823772
731	15.585879
732	14.369234
733	15.155016
734	13.606079
735	15.046311
736	14.962896
737	15.389728
738	15.990815
739	16.624397
740	16.530594
741	14.599516
742	15.758321
743	16.351816
744	16.885435
745	16.426020
746	16.681158
747	15.659393
748	17.169254
749	18.568630
750	18.460711
751	19.213318
752	17.512732
753	17.250940
754	16.789850
755	16.399841
756	15.167960
757	17.604719
758	15.789757
759	16.500380
760	16.624279
761	16.920368
762	15.300675
763	16.770962
764	15.765989
765	15.718936
766	16.116205
767	16.413336
768	15.653477
769	18.303968
770	15.764901
771	17.144663
772	15.471940
773	17.536135
774	14.453723
775	15.538898
776	16.134031
777	15.812109
778	14.376749
779	16.667698
780	16.949368
781	16.489101
782	16.184776
783	16.604856
784	16.445555
785	16.283178
786	16.492281
787	15.872131
788	14.911323
789	15.892103
790	15.945070
791	17.913492
792	14.877820
793	15.325124
794	15.560061
795	14.934988
796	13.516381
797	14.866321
798	15.446358
799	13.516412
800	13.937679
801	16.314869
802	16.155708
803	15.349039
804	14.626746
805	14.643839
806	13.966410
807	15.571853
808	15.973264
809	15.764076
810	15.885610
811	16.324799
812	16.033670
813	17.774920
814	17.408220
815	16.179253
816	16.604124
817	15.612192
818	15.114738
819	15.556523
820	16.052839
821	15.968697
822	16.368183
823	14.798932
824	14.516615
825	16.007755
826	12.459702
827	14.695294
828	15.215078
829	14.186110
830	15.093423
831	16.458761
832	15.751424
833	15.253516
834	16.099285
835	15.625348
836	14.546605
837	15.705770
838	16.792969
839	15.798155
840	13.763267
841	15.425719
842	15.511839
843	14.969756
844	14.999164
845	15.361083
846	16.470861
847	15.087654
848	16.198135
849	15.648807
850	15.783442
851	16.052418
852	15.461980
853	12.851103
854	14.874920
855	14.502195
856	14.294784
857	15.369159
858	13.552530
859	14.661519
860	14.818124
861	15.697293
862	14.327311
863	16.195730
864	14.177551
865	12.861858
866	15.543200
867	13.570821
868	14.520805
869	15.815212
870	14.297595
871	13.821768
872	14.535295
873	15.317923
874	14.027581
875	14.638098
876	15.283334
877	15.957100
878	14.956122
879	15.918284
880	15.205450
881	14.592686
882	16.966116
883	15.848695
884	15.676604
885	15.581226
886	14.027100
887	17.226503
888	16.671839
889	16.517220
890	16.281794
891	15.907815
892	17.076241
893	15.081559
894	16.648935
895	16.515932
896	15.420413
897	15.120667
898	15.015409
899	14.148900
900	16.028093
901	13.529532
902	15.185606
903	15.562344
904	15.648805
905	15.848523
906	14.874339
907	13.738096
908	14.385864
909	14.776393
910	13.865762
911	15.151307
912	16.641455
913	16.208496
914	14.694832
915	17.966532
916	16.194696
917	16.293646
918	15.895196
919	16.358253
920	16.678789
921	17.709875
922	15.033110
923	16.275562
924	16.508005
925	17.807533
926	16.883804
927	17.194710
928	15.697267
929	16.278168
930	16.915468
931	15.542954
932	14.954715
933	16.507774
934	15.549298
935	16.118448
936	15.299553
937	15.339036
938	16.720924
939	15.032611
940	15.086492
941	13.184604
942	14.140219
943	14.525104
944	15.743013
945	15.892958
946	13.923255
947	13.494252
948	14.882992
949	14.612893
950	14.476981
951	15.086746
952	14.681661
953	15.982303
954	15.266912
955	16.083588
956	16.204172
957	15.582164
958	15.319078
959	15.222052
960	15.726181
961	15.916550
962	16.146667
963	15.699659
964	17.562248
965	15.056548
966	15.022570
967	15.665739
968	13.856745
969	13.759596
970	12.753005
971	14.253673
972	15.568926
973	14.639743
974	12.543097
975	13.940121
976	15.370234
977	14.076086
978	15.383527
979	14.121842
980	16.661373
981	14.815938
982	12.683527
983	14.998801
984	14.269188
985	13.840440
986	13.404554
987	14.310804
988	13.828503
989	14.075614
990	14.741589
991	14.659588
992	14.772508
993	14.287094
994	13.945821
995	15.450996
996	15.360702
997	14.982143
998	15.112326
999	14.251076
1000	14.875875
1001	15.388268
1002	15.034394
1003	13.581714
1004	15.781082
1005	13.752343
1006	15.973964
1007	15.614371
1008	14.267078
1009	14.079760
1010	15.331413
1011	16.839750
1012	18.692163
1013	14.522900
1014	15.390399
1015	16.067053
1016	15.488860
1017	13.556353
1018	14.277906
1019	17.272017
1020	16.723650
1021	17.628799
1022	14.997824
1023	15.889148
1024	14.184580
1025	17.457251
1026	14.090713
1027	17.011927
1028	15.851374
1029	15.058653
1030	15.849671
1031	16.021379
1032	14.429056
1033	16.644489
1034	14.843469
1035	15.716523
1036	14.158866
1037	15.258195
1038	16.565002
1039	16.241308
1040	15.027952
1041	14.148535
1042	15.055343
1043	14.271961
1044	13.672426
1045	15.732635
1046	14.419684
1047	15.510988
1048	14.961048
1049	13.512177
1050	14.525520
1051	15.835134
1052	16.526110
1053	16.003372
1054	16.000332
1055	15.117624
1056	16.137848
1057	14.862168
1058	14.451468
1059	15.433983
1060	14.262853
1061	16.566751
1062	13.950807
1063	15.347791
1064	16.595161
1065	14.143798
1066	14.331354
1067	14.199176
1068	12.924650
1069	15.964995
1070	14.967623
1071	14.032630
1072	16.705189
1073	15.500344
1074	15.349394
1075	16.945621
1076	15.730927
1077	15.488168
1078	15.076837
1079	15.515393
1080	15.048458
1081	18.494267
1082	15.883759
1083	13.835623
1084	13.265542
1085	16.302839
1086	15.271091
1087	15.453714
1088	14.977351
1089	16.392931
1090	15.621759
1091	16.425138
1092	14.171833
1093	15.445267
1094	15.295901
1095	17.452530
1096	16.980593
1097	16.411180
1098	16.026937
1099	15.266921
1100	15.261077
1101	15.361540
1102	16.592325
1103	17.391113
1104	16.400906
1105	15.220553
1106	15.050852
1107	15.137561
1108	14.162798
1109	14.639351
1110	17.729704
1111	17.646221
1112	14.257774
1113	13.677519
1114	13.227719
1115	13.265539
1116	15.287000
1117	14.253458
1118	14.965571
1119	14.910034
1120	14.657213
1121	14.840821
1122	14.125674
1123	13.874228
1124	11.711532
1125	14.559551
1126	13.801394
1127	15.288463
1128	16.051971
1129	13.966589
1130	14.038075
1131	14.066729
1132	12.409806
1133	13.916648
1134	14.245665
1135	13.105441
1136	13.273319
1137	13.288675
1138	13.485566
1139	13.826712
1140	15.031054
1141	12.054967
1142	12.696417
1143	13.974312
1144	13.669871
1145	13.146649
1146	13.131202
1147	12.079343
1148	12.634731
1149	12.174049
1150	14.524680
1151	12.760392
1152	13.597967
1153	12.661019
1154	12.485119
1155	11.744675
1156	13.088546
1157	13.509100
1158	13.813323
1159	13.285191
1160	13.280503
1161	13.673233
1162	12.694803
1163	13.700471
1164	12.697342
1165	12.872938
1166	11.428208
1167	12.579940
1168	14.776370
1169	12.492182
1170	13.512268
1171	13.844140
1172	13.811429
1173	13.745577
1174	13.583542
1175	13.626202
1176	14.724332
1177	13.792804
1178	12.506289
1179	13.478257
1180	12.653907
1181	14.305533
1182	12.568128
1183	12.284695
1184	13.307707
1185	12.210197
1186	13.067669
1187	13.223116
1188	14.801737
1189	15.713951
1190	13.704657
1191	13.416535
1192	12.790316
1193	13.037887
1194	12.823346
1195	13.191061
1196	13.609825
1197	12.545336
1198	14.548212
1199	13.941479
1200	15.088784
1201	14.611191
1202	16.197144
1203	14.359618
1204	14.959587
1205	13.491409
1206	15.217336
1207	14.322214
1208	15.310526
1209	13.613898
1210	14.469837
1211	14.734318
1212	14.891316
1213	13.193622
1214	14.107942
1215	13.394451
1216	15.248148
1217	15.239820
1218	14.359283
1219	14.539981
1220	13.809079
1221	14.791984
1222	13.262490
1223	14.314195
1224	14.114270
1225	13.432607
1226	13.118918
1227	13.597079
1228	14.409588
1229	11.563198
1230	14.962097
1231	14.135337
1232	13.605232
1233	15.164595
1234	15.275581
1235	14.159108
1236	14.595192
1237	14.610697
1238	13.250921
1239	14.149465
1240	15.044419
1241	13.466280
1242	12.087687
1243	14.553185
1244	14.686987
1245	13.338103
1246	14.142941
1247	14.548181
1248	13.133611
1249	13.371496
1250	13.707006
1251	13.375255
1252	13.418416
1253	13.696485
1254	13.509398
1255	13.821918
1256	12.687957
1257	14.358342
1258	12.374980
1259	13.093749
1260	13.095010
1261	12.949085
1262	11.970043
1263	13.326689
1264	14.986211
1265	14.889002
1266	13.861644
1267	13.978040
1268	12.580244
1269	14.452891
1270	14.271559
1271	16.342855
1272	15.841023
1273	14.869208
1274	15.045710
1275	16.810427
1276	16.174267
1277	16.955622
1278	14.531695
1279	14.553668
1280	16.571676
1281	14.538929
1282	14.597606
1283	13.463040
1284	15.026501
1285	14.405713
1286	15.143977
1287	16.068392
1288	13.972505
1289	15.767401
1290	15.720979
1291	15.379020
1292	15.511987
1293	13.543870
1294	14.067704
1295	13.859530
1296	15.677261
1297	13.712684
1298	12.808521
1299	14.803803
1300	14.819813
1301	15.387775
1302	12.897832
1303	12.723997
1304	14.492169
1305	18.519876
1306	16.627697
1307	15.862714
1308	14.447047
1309	14.145056
1310	13.147838
1311	13.832952
1312	13.113965
1313	12.858700
1314	15.249990
1315	13.475570
1316	15.482096
1317	13.367894
1318	13.092263
1319	14.392071
1320	14.087175
1321	14.616435
1322	14.082709
1323	13.858557
1324	13.330117
1325	13.480319
1326	13.514960
1327	13.304485
1328	13.365700
1329	14.027089
1330	13.817995
1331	13.372958
1332	15.182571
1333	15.404823
1334	15.782555
1335	15.455505
1336	16.278788
1337	16.059938
1338	13.849308
1339	16.371799
1340	14.195580
1341	17.485643
1342	12.545943
1343	12.495170
1344	14.306091
1345	15.484320
1346	15.045114
1347	17.119419
1348	15.032463
1349	14.632365
1350	13.692793
1351	16.311176
1352	14.495443
1353	13.838533
1354	15.382939
1355	15.127171
1356	13.223800
1357	13.224956
1358	14.043112
1359	13.829679
1360	11.590624
1361	14.185585
1362	12.704302
1363	12.691219
1364	11.903348
1365	14.283392
1366	13.368053
1367	15.468489
1368	13.533797
1369	14.168959
1370	12.096803
1371	13.138164
1372	11.882821
1373	14.908589
1374	15.609285
1375	16.532547
1376	13.086152
1377	11.264778
1378	12.388050
1379	11.424225
1380	13.221592
1381	13.769293
1382	14.829737
1383	13.601265
1384	13.413792
1385	16.531593
1386	15.932122
1387	16.515619
1388	13.692953
1389	14.014951
1390	14.113232
1391	15.233455
1392	15.279013
1393	14.100112
1394	13.981979
1395	13.654840
1396	14.568224
1397	14.689954
1398	15.265254
1399	14.164591
1400	16.208578
1401	13.794160
1402	15.412925
1403	15.152164
1404	13.975892
1405	14.769232
1406	15.721092
1407	13.982346
1408	15.535542
1409	16.424294
1410	16.107141
1411	15.409466
1412	15.691897
1413	15.526186
1414	14.805152
1415	15.248940
1416	16.342468
1417	15.793015
1418	16.065647
1419	15.174876
1420	13.679816
1421	13.996176
1422	14.298988
1423	13.902730
1424	15.173319
1425	14.523844
1426	15.209188
1427	14.514702
1428	15.102407
1429	15.234850
1430	15.404641
1431	15.679232
1432	15.015796
1433	14.186297
1434	12.368903
1435	12.927385
1436	14.250791
1437	13.856572
1438	15.256187
1439	13.260787
1440	14.314555
1441	13.377747
1442	14.230144
1443	16.007887
1444	11.837481
1445	15.134528
1446	16.575249
1447	14.470799
1448	14.403029
1449	16.112591
1450	16.555740
1451	16.533484
1452	17.125004
1453	15.233136
1454	15.731623
1455	15.053273
1456	11.393844
1457	12.143134
1458	12.944584
1459	13.086129
1460	15.466417
1461	12.999804
1462	14.253712
1463	13.821439
1464	15.311157
1465	14.065726
1466	13.089190
1467	14.792879
1468	15.619966
1469	15.332830
1470	13.245639
1471	12.794282
1472	14.275270
1473	12.275380
1474	13.042982
1475	13.654437
1476	12.361428
1477	12.494958
1478	12.669641
1479	11.361274
1480	13.490631
1481	14.585121
1482	13.104077
1483	15.251992
1484	13.304777
1485	14.910307
1486	14.048538
1487	14.804879
1488	13.083063
1489	15.363534
1490	13.916171
1491	14.324578
1492	13.260811
1493	14.470200
1494	14.161927
1495	15.365876
1496	15.079212
1497	16.499054
1498	15.819983
1499	16.103149
1500	14.309445
1501	14.506243
1502	15.476980
1503	15.373444
1504	16.923916
1505	14.714128
1506	14.656425
1507	15.198795
1508	16.463064
1509	15.039594
1510	14.818429
1511	15.096230
1512	16.671635
1513	17.117107
1514	14.721080
1515	15.494350
1516	15.776150
1517	15.057546
1518	15.810239
1519	14.968625
1520	16.000902
1521	14.496031
1522	15.453090
1523	15.121376
1524	14.357789
1525	15.177704
1526	15.319536
1527	15.648927
1528	14.059793
1529	13.924922
1530	13.534909
1531	16.086683
1532	14.696259
1533	14.273622
1534	14.663162
1535	15.673153
1536	14.719112
1537	14.580132
1538	14.712960
1539	16.671305
1540	15.338744
1541	14.527318
1542	13.385686
1543	15.998969
1544	13.839217
1545	14.328709
1546	13.883094
1547	15.239680
1548	16.447483
1549	14.547441
1550	14.282269
1551	15.556191
1552	12.896555
1553	13.899191
1554	14.909450
1555	14.982009
1556	15.536968
1557	14.203065
1558	15.669323
1559	15.030456
1560	14.703407
1561	15.633773
1562	15.783125
1563	15.906048
1564	15.388478
1565	16.685448
1566	15.650005
1567	16.637144
1568	16.449854
1569	14.666570
1570	14.789826
1571	14.291064
1572	15.614332
1573	14.986908
1574	15.278932
1575	15.177407
1576	15.340101
1577	15.465452
1578	14.847316
1579	14.920651
1580	15.071451
1581	15.068650
1582	16.549210
1583	16.492697
1584	16.920586
1585	15.198479
1586	16.148153
1587	15.358271
1588	14.654888
1589	16.016542
1590	14.985978
1591	15.552374
1592	15.128533
1593	14.993662
1594	14.466916
1595	16.837000
1596	16.344105
1597	16.401299
1598	16.097090
1599	15.686343
1600	15.362258
1601	16.150709
1602	15.210055
1603	15.583463
1604	15.764646
1605	15.830851
1606	16.824865
1607	15.711571
1608	15.815955
1609	16.488083
1610	17.757063
1611	15.488869
1612	16.449783
1613	15.363607
1614	15.363104
1615	15.303551
1616	16.281776
1617	15.993575
1618	15.771222
1619	16.377474
1620	15.652885
1621	15.467472
1622	16.126093
1623	14.728182
1624	15.545373
1625	16.607058
1626	15.863836
1627	16.262796
1628	15.199556
1629	15.213305
1630	15.924650
1631	16.077814
1632	14.828397
1633	15.596091
1634	15.944942
1635	16.332741
1636	15.818650
1637	14.939651
1638	15.558936
1639	16.119907
1640	15.019805
1641	15.886102
1642	14.813797
1643	17.216913
1644	16.921362
1645	17.320721
1646	16.028067
1647	16.223991
1648	16.521822
1649	17.901926
1650	15.993801
1651	15.634785
1652	15.277187
1653	15.217666
1654	17.181080
1655	16.699781
1656	16.094193
1657	15.073199
1658	14.894729
1659	15.431749
1660	14.231662
1661	14.288095
1662	15.668571
1663	15.067086
1664	13.733742
1665	13.926394
1666	14.660554
1667	15.333693
1668	14.340226
1669	16.529322
1670	14.485591
1671	13.590650
1672	13.976072
1673	16.014835
1674	14.024679
1675	15.286746
1676	17.851114
1677	16.239107
1678	16.573849
1679	15.615142
1680	15.948043
1681	17.508558
1682	17.458765
1683	18.810635
1684	14.250988
1685	15.507788
1686	15.674647
1687	14.436047
1688	15.205015
1689	15.921494
1690	14.625679
1691	14.675630
1692	14.243660
1693	12.939897
1694	13.211311
1695	13.067648
1696	12.900266
1697	13.988510
1698	13.914225
1699	13.689085
1700	14.859589
1701	13.461172
1702	14.616095
1703	14.939227
1704	16.473934
1705	13.683609
1706	15.177455
1707	14.619720
1708	14.007193
1709	14.654339
1710	13.916389
1711	12.462861
1712	13.868546
1713	14.299324
1714	14.841631
1715	15.859385
1716	14.127488
1717	15.098115
1718	13.154868
1719	14.274107
1720	13.987977
1721	14.683352
1722	13.345028
1723	13.762763
1724	14.430696
1725	13.329216
1726	13.546798
1727	13.472480
1728	13.417875
1729	13.104088
1730	13.742974
1731	12.899726
1732	13.199459
1733	13.529767
1734	12.882387
1735	13.493087
1736	13.513403
1737	12.977238
1738	13.214733
1739	15.691034
1740	12.727646
1741	14.500466
1742	13.333059
1743	15.000629
1744	16.267515
1745	16.060659
1746	16.746407
1747	15.106368
1748	14.741177
1749	14.315479
1750	13.378149
1751	15.069291
1752	13.008384
1753	14.381744
1754	14.200658
1755	14.263448
1756	13.604767
1757	13.181599
1758	13.749987
1759	14.186185
1760	14.203358
1761	13.018023
1762	14.701188
1763	14.388624
1764	14.952358
1765	14.519797
1766	13.021659
1767	14.639091
1768	15.409492
1769	16.123550
1770	16.415146
1771	16.694635
1772	15.340735
1773	14.832764
1774	14.809361
1775	14.879763
1776	16.715147
1777	16.594349
1778	15.879718
1779	14.784744
1780	16.136326
1781	16.415171
1782	16.077719
1783	16.090982
1784	14.527560
1785	13.193894
1786	13.004192
1787	13.415889
1788	14.044940
1789	14.270743
1790	14.208131
1791	14.620447
1792	14.217065
1793	13.483008
1794	14.441448
1795	15.168193
1796	14.819786
1797	14.395457
1798	15.468578
1799	15.992852
1800	15.867901
1801	15.179175
1802	14.692016
1803	15.124253
1804	14.775184
1805	13.613718
1806	13.562972
1807	15.997735
1808	14.395208
1809	14.431056
1810	14.069718
1811	13.053448
1812	12.387461
1813	15.974961
1814	15.737792
1815	17.156673
1816	15.639688
1817	14.988853
1818	15.133826
1819	15.215102
1820	16.845636
1821	14.986140
1822	17.309662
1823	14.479331
1824	13.559608
1825	16.236420
1826	16.321136
1827	16.112595
1828	17.426792
1829	17.036213
1830	15.968119
1831	14.146540
1832	14.781224
1833	13.799948
1834	16.018665
1835	14.715015
1836	14.589509
1837	13.397171
1838	14.009892
1839	15.024346
1840	15.603842
1841	14.735453
1842	15.796831
1843	14.665389
1844	14.096274
1845	15.548941
1846	14.887509
1847	14.645666
1848	16.021152
1849	16.837555
1850	18.231131
1851	14.464161
1852	15.650623
1853	15.464089
1854	16.162003
1855	14.601520
1856	14.155285
1857	14.822109
1858	15.277475
1859	17.491404
1860	16.588366
1861	13.822597
1862	16.093618
1863	15.603354
1864	15.449250
1865	15.079290
1866	16.315096
1867	14.767993
1868	14.604043
1869	16.085337
1870	15.937706
1871	12.228156
