0	6.255952
1	6.283463
2	6.604006
3	5.131873
4	6.606277
5	6.962198
6	5.302162
7	6.246582
8	6.427918
9	7.186837
10	7.948907
11	6.710186
12	7.100289
13	6.452108
14	7.269520
15	7.173096
16	7.678266
17	6.747896
18	5.925564
19	7.935244
20	7.735437
21	8.476438
22	7.181100
23	6.725572
24	5.300160
25	6.223464
26	8.046591
27	5.868399
28	8.160363
29	5.654408
30	6.588845
31	6.196409
32	5.248447
33	5.928853
34	6.759246
35	6.326459
36	6.060414
37	7.014824
38	4.619418
39	6.135553
40	5.673559
41	5.878523
42	5.138462
43	6.623753
44	6.942975
45	5.262747
46	4.402877
47	6.030300
48	5.604652
49	6.799338
50	5.283798
51	5.347698
52	5.401673
53	5.440763
54	6.079317
55	8.163160
56	6.396513
57	4.253763
58	6.146879
59	7.249668
60	5.983276
61	6.975068
62	5.792761
63	6.356582
64	7.842865
65	7.201242
66	6.138346
67	6.263179
68	5.795488
69	5.254380
70	6.496967
71	5.924344
72	7.386777
73	5.693251
74	5.452046
75	7.085538
76	4.982228
77	6.851341
78	5.179317
79	6.717000
80	6.461710
81	6.218591
82	6.646699
83	7.763714
84	7.650548
85	5.350196
86	4.539582
87	4.619708
88	5.412977
89	4.512537
90	7.137807
91	6.295562
92	6.091938
93	5.598038
94	8.731695
95	7.578376
96	6.554854
97	7.438779
98	8.215203
99	11.018688
100	8.939313
101	13.085033
102	16.184713
103	13.904546
104	14.055710
105	10.043641
106	6.618346
107	7.090706
108	4.596184
109	5.994563
110	6.544555
111	7.375134
112	9.383801
113	9.676615
114	8.998632
115	7.427171
116	8.287491
117	8.803500
118	10.288814
119	8.967307
120	9.655125
121	8.847179
122	10.174228
123	10.675767
124	11.004993
125	9.416438
126	9.504750
127	5.375222
128	5.009012
129	6.835796
130	5.453338
131	5.108522
132	9.991862
133	9.009706
134	10.113111
135	10.748097
136	9.890142
137	11.011707
138	10.026139
139	11.427567
140	10.797425
141	9.742781
142	9.920752
143	6.467040
144	6.313240
145	11.502668
146	12.438704
147	10.309670
148	11.983671
149	8.949805
150	11.518660
151	8.808832
152	11.005985
153	9.103675
154	9.547597
155	9.831124
156	9.832767
157	9.260680
158	7.082895
159	7.670971
160	8.507286
161	7.225822
162	9.821904
163	7.990005
164	5.637810
165	5.690641
166	9.028848
167	12.063247
168	11.629650
169	11.123343
170	16.406683
171	17.043003
172	12.818068
173	10.792285
174	13.169227
175	14.434796
176	11.855430
177	11.003492
178	13.761965
179	16.133320
180	15.621334
181	14.338065
182	12.838166
183	10.859019
184	12.331616
185	10.940642
186	12.530721
187	15.148078
188	13.085049
189	11.848379
190	11.619953
191	11.488818
192	10.851231
193	13.179678
194	13.304117
195	12.877196
196	10.824468
197	7.343031
198	12.057485
199	7.320123
200	9.735737
201	10.736506
202	7.875188
203	9.086720
204	9.658938
205	8.497950
206	8.325110
207	8.413234
208	10.956304
209	11.128946
210	14.814653
211	14.381553
212	14.834325
213	15.374009
214	14.741821
215	13.759686
216	16.093506
217	15.797980
218	14.102345
219	13.017876
220	13.470836
221	13.168777
222	12.786049
223	13.002796
224	12.446260
225	13.087926
226	13.975347
227	15.830211
228	16.465910
229	15.614339
230	15.001857
231	17.964020
232	17.504869
233	15.553032
234	15.593588
235	16.330627
236	16.073435
237	13.036625
238	17.764116
239	14.412758
240	15.386474
241	16.276421
242	14.650350
243	14.637300
244	14.287570
245	13.029425
246	16.050644
247	14.882369
248	15.813737
249	14.708138
250	17.193253
251	14.778827
252	15.612828
253	16.094452
254	16.100626
255	17.293196
256	15.662827
257	16.189213
258	14.943947
259	14.647565
260	13.774099
261	15.948965
262	15.227463
263	17.515831
264	18.724630
265	16.001677
266	15.479743
267	15.468478
268	17.134836
269	15.485140
270	16.804550
271	16.625120
272	17.436457
273	17.367538
274	17.051435
275	15.721299
276	16.427423
277	16.231413
278	15.264929
279	14.867393
280	15.930816
281	14.698287
282	14.707209
283	15.044714
284	14.339044
285	15.847633
286	17.302214
287	16.811918
288	16.619989
289	16.070723
290	16.315704
291	15.520828
292	15.804788
293	13.174113
294	14.040719
295	14.920648
296	14.132360
297	13.326608
298	13.367447
299	11.936692
300	13.173563
301	12.479746
302	12.741179
303	14.620933
304	13.800073
305	12.510036
306	13.558884
307	12.998324
308	13.875833
309	11.884116
310	12.808394
311	17.150030
312	14.912724
313	15.696729
314	15.197301
315	15.370755
316	15.782667
317	12.182276
318	15.294124
319	14.602127
320	15.064508
321	14.126088
322	15.038345
323	14.276114
324	14.660926
325	14.603583
326	15.731707
327	17.679905
328	16.330719
329	16.172478
330	14.991649
331	15.071150
332	15.696394
333	17.079172
334	16.041531
335	15.475019
336	14.639811
337	15.411197
338	14.397798
339	14.006447
340	14.650251
341	14.220092
342	13.949768
343	16.371954
344	15.891912
345	17.746115
346	18.406046
347	18.625607
348	19.508173
349	19.766220
350	15.792007
351	20.312309
352	19.049885
353	18.794914
354	16.168812
355	15.461534
356	17.293358
357	17.701464
358	16.571770
359	17.137989
360	15.735928
361	15.291545
362	12.305033
363	13.055673
364	12.345755
365	13.599343
366	14.012490
367	13.121538
368	13.155367
369	14.726593
370	12.485696
371	12.894175
372	12.448512
373	12.919013
374	12.757233
375	13.387459
376	11.797227
377	13.024540
378	12.389516
379	9.696331
380	11.666127
381	11.168353
382	16.979240
383	16.443565
384	15.034255
385	17.415775
386	13.054921
387	13.680955
388	14.408306
389	14.724141
390	15.741238
391	19.372854
392	18.076532
393	17.073616
394	16.645615
395	16.234680
396	13.249937
397	13.557267
398	15.807576
399	16.254164
400	15.934968
401	15.000439
402	14.966233
403	12.524016
404	13.591207
405	12.181211
406	11.443530
407	14.124910
408	13.465324
409	14.450254
410	13.938413
411	15.104404
412	12.505009
413	15.368807
414	13.533442
415	11.810205
416	12.816368
417	13.163595
418	11.246852
419	11.487698
420	10.111844
421	10.657906
422	13.381995
423	14.135600
424	15.511923
425	19.700665
426	11.628160
427	14.385829
428	16.951799
429	16.144861
430	14.827681
431	14.110770
432	14.441316
433	17.050442
434	12.084393
435	13.274370
436	13.034369
437	13.385324
438	11.425368
439	14.115650
440	11.544582
441	11.918433
442	11.826669
443	11.741962
444	10.661094
445	8.198227
446	9.347364
447	8.755896
448	9.611193
449	7.862577
450	9.652493
451	12.195877
452	10.762258
453	11.018725
454	8.525426
455	10.007954
456	11.590881
457	11.732697
458	8.036928
459	7.747960
460	6.707764
461	6.047875
462	6.787540
463	6.528445
464	7.867618
465	5.465317
466	4.447144
467	5.521241
468	5.403351
469	3.363645
470	5.092406
471	3.847831
472	3.776214
473	4.163243
474	4.130291
475	5.183763
476	3.698825
477	4.397705
478	5.172773
479	5.306157
480	5.116123
481	4.559756
482	5.119514
483	4.872761
484	5.781902
485	4.246423
486	3.569843
487	3.655435
488	3.587240
489	3.604193
490	6.259762
491	5.431006
492	4.947896
493	4.650118
494	4.773492
495	4.244313
496	5.335673
497	4.517589
498	4.012156
499	3.482615
500	4.219479
501	3.675173
502	3.943058
503	3.497284
504	3.888984
505	3.580069
506	3.854570
507	3.888624
508	3.807900
509	3.833222
510	3.659222
511	3.511936
512	3.526499
513	3.821557
514	3.642088
515	3.595511
516	3.581691
517	3.870570
518	3.754691
519	3.612312
520	3.817669
521	3.610510
522	3.738889
523	3.912684
524	4.249306
525	3.667928
526	5.051793
527	3.896421
528	3.763483
529	4.808296
530	3.548888
531	4.186121
532	3.734656
533	4.151793
534	3.304571
535	3.794813
536	3.937473
537	3.836287
538	3.355190
539	3.995010
540	3.388701
541	3.721479
542	3.554069
543	3.626031
544	3.678070
545	4.222581
546	4.085168
547	4.012655
548	3.690759
549	3.756820
550	3.683395
551	3.655187
552	3.827976
553	3.693860
554	4.059569
555	4.246987
556	4.426568
557	3.727640
558	3.753293
559	3.744984
560	3.538786
561	3.666510
562	3.624650
563	3.503213
564	3.685553
565	3.464174
566	3.863276
567	3.939060
568	3.575976
569	3.736763
570	4.349403
571	3.703242
572	4.127106
573	3.341811
574	4.361985
575	6.825232
576	7.796466
577	7.083149
578	7.500300
579	6.312291
580	8.543180
581	8.474984
582	8.164521
583	9.314965
584	9.341292
585	8.911688
586	7.556064
587	9.581755
588	9.485811
589	8.237051
590	9.032420
591	7.845973
592	7.541605
593	8.085166
594	9.522630
595	8.860399
596	6.351512
597	7.986570
598	9.723664
599	7.686150
600	7.550437
601	7.780109
602	8.905060
603	7.613637
604	9.091353
605	7.516803
606	9.306625
607	7.869118
608	7.288380
609	8.475901
610	8.630476
611	7.163759
612	8.213546
613	7.077246
614	9.049818
615	9.505880
616	9.962029
617	9.434463
618	9.786003
619	9.561596
620	9.394983
621	10.710012
622	10.456720
623	10.529249
624	8.949239
625	9.024331
626	9.989400
627	10.682544
628	7.291999
629	9.783850
630	8.803034
631	7.981393
632	9.451258
633	10.376155
634	10.323760
635	11.002021
636	9.668598
637	11.029729
638	11.000978
639	9.756671
640	9.446170
641	9.448236
642	9.829629
643	9.627629
644	9.490783
645	8.890318
646	8.804468
647	8.053892
648	8.442926
649	8.874883
650	8.690203
651	7.261114
652	6.663231
653	7.949625
654	8.009163
655	7.188768
656	8.224627
657	6.718533
658	9.704071
659	8.667952
660	7.589737
661	8.037131
662	9.538218
663	7.328990
664	8.379127
665	8.040551
666	8.576295
667	8.680135
668	8.368970
669	8.512561
670	9.464932
671	9.509400
672	8.645006
673	8.128478
674	6.544082
675	6.273445
676	6.192550
677	7.382020
678	9.002961
679	7.462523
680	8.194675
681	8.669543
682	7.604269
683	7.315318
684	7.277020
685	7.269132
686	7.348079
687	8.057346
688	7.059209
689	8.076615
690	8.403652
691	8.905870
692	10.042728
693	9.218817
694	8.120526
695	10.244617
696	10.054186
697	9.854165
698	9.897305
699	10.216588
700	13.086246
701	14.315791
702	15.797734
703	17.636349
704	18.341595
705	17.686396
706	18.675438
707	18.778788
708	23.707699
709	18.596098
710	19.814665
711	18.949362
712	15.358040
713	20.805269
714	22.569815
715	22.063023
716	22.597967
717	22.003418
718	20.993690
719	20.380936
720	20.321558
721	19.005077
722	18.744268
723	20.967415
724	19.929365
725	21.320089
726	22.376911
727	15.197767
728	15.877889
729	13.989892
730	14.560328
731	16.684021
732	18.103003
733	13.475887
734	16.685650
735	17.472887
736	16.376595
737	13.889425
738	15.004825
739	15.206852
740	14.166460
741	18.128838
742	15.431343
743	22.909145
744	18.880033
745	23.461285
746	25.238167
747	25.596252
748	21.496906
749	22.636589
750	24.529440
751	25.334955
752	23.620766
753	23.001627
754	21.506155
755	25.977528
756	24.853003
757	25.008898
758	26.592215
759	25.789326
760	26.274797
761	25.967321
762	26.382528
763	24.520647
764	25.556870
765	25.732609
766	25.329138
767	24.232256
768	25.326780
769	24.454288
770	28.454517
771	26.791550
772	23.536781
773	26.012644
774	27.525700
775	25.406618
776	25.302530
777	22.411957
778	25.249569
779	22.528067
780	23.302032
781	22.773129
782	20.740845
783	20.695230
784	20.654274
785	20.814051
786	22.076164
787	22.724247
788	21.831198
789	21.898968
790	22.145384
791	21.841488
792	22.982235
793	23.251617
794	22.329105
795	22.662407
796	21.896557
797	20.963133
798	20.399578
799	21.382423
800	20.078644
801	22.400553
802	22.912674
803	22.957989
804	23.049402
805	22.093519
806	21.780157
807	22.339846
808	24.147495
809	21.876854
810	20.353975
811	22.773491
812	21.379927
813	23.803818
814	22.496212
815	22.503572
816	21.566015
817	21.564474
818	22.805916
819	22.168386
820	23.199507
821	25.024637
822	21.883469
823	24.345356
824	22.901924
825	24.050943
826	22.941971
827	22.574366
828	23.786812
829	23.712519
830	22.538528
831	24.253038
832	22.624071
833	22.643297
834	21.029997
835	22.856302
836	21.104540
837	23.571228
838	22.127560
839	23.791592
840	24.012985
841	24.139866
842	24.647367
843	25.866354
844	23.570925
845	23.605274
846	25.515564
847	23.348879
848	22.718878
849	23.170212
850	23.020884
851	21.750023
852	21.261169
853	21.083843
854	22.790354
855	23.202724
856	21.531033
857	21.358232
858	22.987505
859	21.998833
860	23.267292
861	22.474333
862	21.697708
863	22.894209
864	22.482651
865	21.132957
866	21.787920
867	22.639622
868	22.691221
869	21.392687
870	24.620316
871	22.395771
872	23.998613
873	24.093502
874	23.781620
875	23.482676
876	22.262327
877	21.494465
878	23.097565
879	23.658373
880	23.867540
881	23.859968
882	22.280729
883	22.459728
884	22.593704
885	22.500179
886	23.078970
887	22.464968
888	22.477066
889	23.239201
890	23.175594
891	22.379454
892	22.970364
893	22.111914
894	22.275913
895	21.671616
896	22.292465
897	23.017614
898	22.008186
899	20.328367
900	22.513941
901	21.106289
902	24.656652
903	22.951578
904	22.563410
905	22.845942
906	23.895842
907	23.107214
908	22.638773
909	25.206274
910	22.650297
911	23.256369
912	22.828560
913	20.251299
914	20.501570
915	20.702389
916	20.840212
917	19.312647
918	19.905514
919	20.791929
920	22.510046
921	23.620779
922	22.208790
923	22.644751
924	26.902506
925	23.589989
926	23.832333
927	22.433901
928	22.756626
929	24.210470
930	21.727333
931	23.524000
932	23.966122
933	22.577978
934	23.957653
935	22.261662
936	23.365309
937	23.722839
938	21.743288
939	21.584784
940	24.820986
941	23.033596
942	21.429230
943	22.388124
944	21.672859
945	23.262892
946	21.784271
947	23.102127
948	22.271725
949	22.744900
950	22.599613
951	23.497360
952	22.360527
953	22.171515
954	23.812048
955	23.598713
956	24.387222
957	21.120331
958	23.513613
959	22.672358
960	23.396662
961	22.909714
962	22.393646
963	22.705711
964	23.990929
965	23.128939
966	23.682352
967	24.321447
968	23.053009
969	23.215834
970	25.371845
971	22.978430
972	23.480095
973	24.102478
974	23.976892
975	23.849485
976	22.821772
977	23.930761
978	23.963707
979	24.537073
980	21.329884
981	22.956650
982	21.869551
983	22.936098
984	21.721363
985	25.427187
986	23.990002
987	22.454933
988	25.008801
989	22.261168
990	27.120718
991	20.866117
992	23.796265
993	21.961700
994	20.014462
995	21.739094
996	23.003368
997	23.228054
998	23.865976
999	20.229504
1000	20.440516
1001	23.173111
1002	22.558874
1003	21.905100
1004	23.771833
1005	23.367815
1006	25.219946
1007	22.776096
1008	22.100218
1009	20.761774
1010	21.510359
1011	20.010986
1012	20.877901
1013	21.699718
1014	19.838942
1015	19.947624
1016	21.782610
1017	20.313095
1018	20.663149
1019	21.381470
1020	20.235357
1021	22.081669
1022	21.300886
1023	22.309189
1024	23.024298
1025	20.854990
1026	19.779428
1027	18.950644
1028	18.029673
1029	20.516998
1030	20.258820
1031	21.122023
1032	20.944818
1033	21.086327
1034	19.269051
1035	21.150644
1036	20.590458
1037	19.804806
1038	19.837046
1039	19.557039
1040	19.583767
1041	19.622597
1042	19.643234
1043	19.110428
1044	19.478203
1045	19.343964
1046	19.371973
1047	20.447567
1048	21.336542
1049	20.532356
1050	21.564863
1051	19.638405
1052	20.979664
1053	20.748413
1054	20.831789
1055	19.692207
1056	21.184624
1057	22.972538
1058	22.310522
1059	21.906824
1060	21.699892
1061	22.239012
1062	22.071589
1063	21.780910
1064	21.411976
1065	22.101637
1066	20.477711
1067	21.018950
1068	21.357689
1069	20.905321
1070	20.420984
1071	20.386789
1072	20.518053
1073	21.202957
1074	20.556654
1075	20.638821
1076	21.335972
1077	22.962662
1078	20.762722
1079	19.691868
1080	21.095474
1081	21.925793
1082	22.009037
1083	21.204811
1084	21.346918
1085	21.446867
1086	21.630978
1087	20.882742
1088	21.700686
1089	19.492655
1090	21.894665
1091	21.093718
1092	21.038872
1093	21.270409
1094	20.939400
1095	21.043299
1096	21.734751
1097	22.191792
1098	21.252153
1099	21.560949
1100	21.739937
1101	21.084066
1102	20.689400
1103	21.189854
1104	21.756458
1105	21.826561
1106	22.074062
1107	22.758051
1108	21.735920
1109	20.944069
1110	21.576532
1111	21.943813
1112	23.148842
1113	18.993490
1114	21.784452
1115	22.121828
1116	22.311766
1117	21.079079
1118	22.186380
1119	21.613054
1120	22.359331
1121	22.211142
1122	22.242727
1123	22.801449
1124	21.887348
1125	22.124174
1126	21.665964
1127	21.762934
1128	22.541725
1129	22.208561
1130	22.228098
1131	20.361528
1132	20.606953
1133	21.254595
1134	21.851006
1135	22.515293
1136	23.455006
1137	21.378510
1138	22.255400
1139	21.766182
1140	23.410301
1141	22.725832
1142	22.213295
1143	21.432674
1144	22.114773
1145	22.248108
1146	22.970646
1147	22.861040
1148	22.667215
1149	22.443876
1150	22.504189
1151	22.717682
1152	22.590235
1153	23.193754
1154	22.426426
1155	21.850506
1156	22.104004
1157	22.248556
1158	22.132069
1159	22.540434
1160	22.363222
1161	22.005852
1162	21.545559
1163	21.288265
1164	20.831310
1165	22.832090
1166	22.763035
1167	23.770918
1168	23.072327
1169	23.695419
1170	22.098309
1171	22.663418
1172	22.218603
1173	23.520920
1174	22.873192
1175	22.587561
1176	21.730558
1177	21.802458
1178	22.252373
1179	22.974934
1180	22.755808
1181	21.928102
1182	22.435295
1183	22.987213
1184	22.795288
1185	23.378534
1186	21.977571
1187	22.195906
1188	21.096195
1189	23.229839
1190	22.943996
1191	23.029856
1192	21.168915
1193	23.185991
1194	23.536865
1195	22.256348
1196	21.438753
1197	23.008589
1198	22.977274
1199	22.738953
1200	22.505398
1201	22.711672
1202	21.792255
1203	22.582539
1204	24.516453
1205	23.562592
1206	20.150759
1207	22.626150
1208	22.133278
1209	22.383808
1210	22.684641
1211	22.950949
1212	25.133451
1213	23.455763
1214	24.467783
1215	23.118391
1216	22.393902
1217	22.663193
1218	23.525959
1219	23.107172
1220	22.207378
1221	24.370380
1222	21.644831
1223	22.224567
1224	23.099352
1225	22.726589
1226	22.219452
1227	22.142044
1228	23.803501
1229	21.601601
1230	22.347202
1231	20.571688
1232	22.268530
1233	21.826632
1234	22.661148
1235	21.955704
1236	21.679937
1237	23.506020
1238	22.141693
1239	21.493713
1240	21.506861
1241	21.728161
1242	23.598661
1243	22.808636
1244	23.245481
1245	21.793966
1246	23.045225
1247	21.709396
1248	22.856936
1249	21.775082
1250	21.680153
1251	21.591375
1252	22.571383
1253	23.265808
1254	21.489544
1255	21.918331
1256	21.908039
1257	21.377359
1258	21.546436
1259	22.373173
1260	22.064461
1261	22.207680
1262	21.885235
1263	22.238962
1264	22.458344
1265	22.496626
1266	21.763458
1267	23.364422
1268	21.462811
1269	23.127735
1270	22.292244
1271	22.489689
1272	23.848059
1273	23.271246
1274	22.415659
1275	21.653337
1276	22.144016
1277	23.225733
1278	23.147678
1279	23.564476
1280	23.625872
1281	22.598005
1282	22.768230
1283	22.587246
1284	24.411430
1285	23.804886
1286	23.606346
1287	24.230883
1288	23.390730
1289	22.637259
1290	21.844175
1291	22.482861
1292	21.260347
1293	22.960072
1294	24.068443
1295	24.323769
1296	25.797499
1297	25.659153
1298	22.842577
1299	23.166531
1300	23.808998
1301	22.906515
1302	23.960873
1303	22.383640
1304	22.229183
1305	22.493376
1306	24.174923
1307	23.138849
1308	22.611166
1309	22.469086
1310	22.960609
1311	21.493132
1312	22.050957
1313	22.781540
1314	22.962313
1315	22.059996
1316	21.788704
1317	22.541721
1318	22.595011
1319	22.695442
1320	22.704666
1321	21.530838
1322	22.990068
1323	21.124441
1324	21.779219
1325	23.006310
1326	20.849157
1327	21.762606
1328	22.054728
1329	20.634541
1330	22.208483
1331	21.488094
1332	22.808954
1333	21.009478
1334	21.595633
1335	20.883318
1336	21.804819
1337	22.504681
1338	21.364466
1339	22.206627
1340	22.754988
1341	20.159523
1342	22.226671
1343	22.143946
1344	21.778461
1345	22.089058
1346	20.834839
1347	21.833317
1348	21.280483
1349	21.638626
1350	22.867037
1351	22.203407
1352	23.020979
1353	26.599295
1354	26.735445
1355	27.840525
1356	27.746586
1357	26.275854
1358	27.447880
1359	26.758482
1360	25.708250
1361	27.232929
1362	27.150328
1363	28.954657
1364	28.290203
1365	26.359592
1366	26.353630
1367	25.122015
1368	27.035812
1369	26.768898
1370	27.538015
1371	25.799318
1372	25.710915
1373	25.344379
1374	26.758123
1375	25.541391
1376	27.027706
1377	26.188040
1378	25.185339
1379	26.209429
1380	26.385260
1381	26.297884
1382	27.157745
1383	27.817238
1384	28.405127
1385	26.250610
1386	25.641739
1387	26.931700
1388	25.768496
1389	25.974667
1390	26.663692
1391	24.805277
1392	26.801344
1393	26.631073
1394	25.568577
1395	26.241926
1396	26.145962
1397	23.867418
1398	26.000593
1399	25.362770
1400	26.349796
1401	24.974970
1402	26.546476
1403	26.655243
1404	27.109209
1405	26.047483
1406	25.035036
1407	26.981318
1408	25.414209
1409	25.694170
1410	26.901766
1411	27.330097
1412	27.670734
1413	25.609135
1414	26.680454
1415	28.539726
1416	27.293442
1417	25.999836
1418	25.286713
1419	27.547590
1420	26.751200
1421	26.592695
1422	26.508354
1423	25.262201
1424	24.618856
1425	28.090612
1426	27.704170
1427	25.764929
1428	28.346462
1429	26.019924
1430	26.283302
1431	23.580946
1432	27.362833
1433	27.495663
1434	25.545193
1435	26.202375
1436	26.686296
1437	25.682072
1438	28.011480
1439	28.154953
1440	27.245558
1441	29.719929
1442	24.919868
1443	26.794825
1444	26.282240
1445	27.938025
1446	25.686491
1447	27.129776
1448	26.189735
1449	27.578335
1450	26.940399
1451	23.258558
1452	24.901878
1453	24.415981
1454	25.851246
1455	25.164274
1456	26.936432
1457	25.862360
1458	26.141422
1459	22.166151
1460	21.644403
1461	21.143581
1462	20.009920
1463	22.006044
1464	22.268591
1465	24.643932
1466	22.887575
1467	22.580915
1468	23.002092
1469	21.305719
1470	23.441715
1471	21.152353
1472	21.410612
1473	22.508520
1474	23.611145
1475	23.582376
1476	22.316816
1477	23.998594
1478	23.657223
1479	23.320629
1480	22.754757
1481	23.009850
1482	21.969877
1483	21.994209
1484	24.885229
1485	25.244913
1486	24.442673
1487	22.109694
1488	24.773689
1489	21.905729
1490	26.370171
1491	29.273962
1492	29.491781
1493	26.527382
1494	25.913780
1495	27.249043
1496	24.631248
1497	26.673992
1498	26.768789
1499	25.224710
1500	26.224712
1501	26.786823
1502	27.252968
1503	27.042879
1504	27.863888
1505	27.765383
1506	27.313963
1507	27.082813
1508	26.147177
1509	25.965834
1510	26.760246
1511	26.661783
1512	26.921873
1513	28.216400
1514	26.726593
1515	26.628548
1516	28.193604
1517	26.351526
1518	26.194353
1519	27.898525
1520	25.373390
1521	26.913910
1522	25.871155
1523	24.723644
1524	22.971594
1525	23.317280
1526	24.977785
1527	22.442038
1528	22.913315
1529	23.850666
1530	21.882111
1531	23.137512
1532	22.836948
1533	23.659851
1534	24.005928
1535	24.053699
1536	23.879316
1537	25.052492
1538	25.759630
1539	23.020855
1540	25.093676
1541	24.181009
1542	24.069334
1543	24.072670
1544	24.373713
1545	25.118284
1546	22.414080
1547	22.688972
1548	23.251160
1549	22.320068
1550	23.445818
1551	23.139174
1552	22.471745
1553	23.541666
1554	24.537371
1555	23.875689
1556	23.198767
1557	23.955938
1558	21.310791
1559	24.729830
1560	23.262962
1561	25.256090
1562	22.920237
1563	23.780001
1564	22.970196
1565	23.897598
1566	25.662533
1567	24.292360
1568	24.893942
1569	23.909119
1570	24.254883
1571	23.817526
1572	22.786173
1573	23.212250
1574	24.410027
1575	23.584108
1576	24.370626
1577	24.971235
1578	23.442383
1579	22.676582
1580	22.718569
1581	23.859098
1582	26.098484
1583	23.186138
1584	24.333971
1585	24.532017
1586	24.017088
1587	23.928949
1588	25.320736
1589	23.421614
1590	24.196211
1591	24.741362
1592	24.098803
1593	23.872686
1594	23.354578
1595	23.643105
1596	23.419252
1597	23.486681
1598	24.113508
1599	23.430099
1600	25.878088
1601	23.832773
1602	24.772512
1603	22.062723
1604	23.537399
1605	24.872873
1606	25.436794
1607	23.941133
1608	22.326384
1609	24.211147
1610	25.534370
1611	24.173748
1612	25.000341
1613	23.171661
1614	24.409548
1615	23.896078
1616	23.942303
1617	24.993889
1618	24.087120
1619	23.795805
1620	23.762302
1621	22.854267
1622	23.667719
1623	23.634096
1624	24.062910
1625	24.560350
1626	23.992395
1627	23.907621
1628	25.212721
1629	23.729961
1630	24.545023
1631	25.226492
1632	24.607912
1633	23.872591
1634	24.768503
1635	24.180969
1636	23.339117
1637	23.487387
1638	23.824310
1639	23.733835
1640	23.841671
1641	23.338650
1642	23.651628
1643	23.813955
1644	24.015486
1645	23.853643
1646	24.262199
1647	24.695185
1648	25.371403
1649	23.845558
1650	24.509651
1651	23.983530
1652	21.815006
1653	24.650637
1654	23.003519
1655	24.288343
1656	23.805460
1657	22.617346
1658	24.008509
1659	24.632793
1660	23.719059
1661	25.136980
1662	25.058008
1663	23.964293
1664	24.365477
1665	24.328342
1666	23.887365
1667	24.891121
1668	25.207308
1669	24.832739
1670	23.282349
1671	23.322845
1672	23.563311
1673	24.102545
1674	24.036102
1675	25.125446
1676	28.260773
1677	27.380512
1678	26.866568
1679	26.512331
1680	25.347239
1681	25.244640
1682	25.206871
1683	26.413652
1684	26.489628
1685	29.409126
1686	27.587402
1687	30.496113
1688	26.579947
1689	27.655331
1690	27.765902
1691	27.627535
1692	26.080969
1693	26.920937
1694	25.926651
1695	26.916838
1696	26.453451
1697	28.060410
1698	28.554754
1699	28.590700
1700	27.753284
1701	30.561186
1702	30.407953
1703	27.859171
1704	24.429155
1705	24.615639
1706	25.541014
1707	24.414551
1708	26.305298
1709	25.606178
1710	25.919643
1711	27.657827
1712	25.240076
1713	26.611027
1714	27.034889
1715	26.439726
1716	25.188734
1717	25.944885
1718	24.546707
1719	28.064728
1720	30.008595
1721	29.933409
1722	27.409973
1723	26.608076
1724	26.247166
1725	24.260521
1726	25.505379
1727	24.217262
1728	25.791550
1729	23.592503
1730	25.758955
1731	24.463673
1732	25.952240
1733	29.832441
1734	24.755131
1735	25.752806
1736	26.357332
1737	24.915266
1738	25.783377
1739	24.536381
1740	26.740587
1741	25.292814
1742	24.488407
1743	24.782665
1744	26.254757
1745	26.164000
1746	24.948679
1747	23.802092
1748	24.831213
1749	25.027554
1750	24.466221
1751	24.344448
1752	22.317268
1753	21.757334
1754	22.816374
1755	26.171896
1756	23.562956
1757	23.968727
1758	24.878620
1759	24.310020
1760	23.450186
1761	28.484289
1762	26.256172
1763	25.581417
1764	26.403105
1765	24.956684
1766	23.066015
1767	25.075043
1768	25.270292
1769	25.482988
1770	25.401114
1771	25.216652
1772	25.169107
1773	25.643154
1774	23.511391
1775	23.155672
1776	23.714125
1777	23.326054
1778	24.230896
1779	24.260965
1780	23.601208
1781	24.731295
1782	24.570412
1783	24.685358
1784	24.854418
1785	25.427969
1786	24.398306
1787	25.706127
1788	24.645842
1789	23.393335
1790	23.977613
1791	24.886225
1792	24.132151
0	6.102859
1	6.404068
2	6.946315
3	7.403553
4	7.734416
5	7.381383
6	6.203758
7	7.370020
8	6.734850
9	6.882645
10	6.693316
11	7.054424
12	7.083968
13	6.488466
14	7.245101
15	6.496845
16	6.731165
17	5.968207
18	7.869160
19	7.406680
20	6.794630
21	6.469604
22	8.131081
23	5.582517
24	5.083914
25	5.254540
26	5.171713
27	3.922105
28	3.966537
29	3.860335
30	4.230947
31	4.342685
32	4.454369
33	3.454343
34	4.058399
35	4.003122
36	3.502126
37	5.230697
38	4.654244
39	3.277819
40	3.576674
41	4.119297
42	3.979713
43	4.545341
44	4.344018
45	4.290758
46	3.253027
47	4.394647
48	5.458835
49	5.774362
50	4.720373
51	4.003497
52	4.509645
53	4.371487
54	4.669490
55	4.961028
56	5.491601
57	6.735578
58	11.903317
59	9.936426
60	11.450812
61	10.504254
62	12.614993
63	8.623893
64	10.456625
65	11.300735
66	10.361512
67	11.883413
68	13.629027
69	12.136581
70	10.870907
71	13.886006
72	12.377692
73	14.227724
74	14.940434
75	12.784632
76	14.415781
77	10.817298
78	9.674548
79	10.163834
80	10.413572
81	11.830187
82	10.866478
83	11.238837
84	10.106084
85	11.618403
86	11.168954
87	11.564120
88	10.495894
89	11.698613
90	11.662364
91	12.601801
92	10.959242
93	11.064223
94	11.681458
95	10.914678
96	12.256450
97	12.462411
98	12.393538
99	12.331850
100	12.345981
101	12.516946
102	12.032730
103	12.316247
104	12.141822
105	12.312053
106	11.412068
107	11.546161
108	12.380672
109	11.860161
110	11.852972
111	13.920418
112	12.061819
113	12.320635
114	12.972643
115	12.519431
116	12.705668
117	12.860580
118	13.520394
119	13.525403
120	13.259792
121	13.225859
122	13.009128
123	13.909409
124	12.467753
125	11.711982
126	11.553174
127	10.779335
128	12.024649
129	11.621018
130	13.649332
131	12.713085
132	11.455602
133	11.941126
134	11.956477
135	12.460279
136	11.678436
137	12.894520
138	13.511982
139	12.355734
140	13.078756
141	11.396116
142	13.686133
143	12.425373
144	12.285809
145	12.686213
146	13.474917
147	13.074182
148	13.097566
149	13.912416
150	13.374860
151	14.291643
152	12.708618
153	13.489616
154	13.676113
155	14.096064
156	13.171914
157	13.234070
158	12.020461
159	12.717458
160	12.316743
161	12.637739
162	12.731778
163	11.120006
164	12.792580
165	13.136823
166	13.133098
167	13.119992
168	11.241925
169	11.949786
170	12.239450
171	13.862162
172	13.855667
173	13.652380
174	12.517054
175	11.943035
176	13.094600
177	13.613793
178	12.463394
179	11.382975
180	12.988277
181	12.844636
182	12.350801
183	12.868063
184	12.480209
185	12.545010
186	11.615317
187	11.686731
188	12.681411
189	12.065703
190	12.837770
191	12.329448
192	12.272536
193	11.486639
194	10.984695
195	11.590899
196	12.179839
197	11.628658
198	11.688380
199	13.022272
200	12.345093
201	12.039306
202	12.132710
203	13.038397
204	13.444661
205	13.079730
206	12.784750
207	13.652817
208	12.611819
209	12.504243
210	13.199130
211	13.410337
212	13.105955
213	12.445971
214	12.497732
215	13.806685
216	13.349648
217	12.292460
218	12.851944
219	13.146107
220	12.657353
221	13.353331
222	11.769291
223	13.568306
224	12.812634
225	11.555473
226	12.389923
227	11.787437
228	13.424565
229	13.921396
230	15.287431
231	13.932932
232	14.034483
233	12.675932
234	15.281066
235	13.419664
236	11.698312
237	12.789926
238	12.133936
239	11.781514
240	12.294185
241	11.548239
242	12.842854
243	13.089483
244	12.535808
245	12.144412
246	11.696308
247	11.637844
248	12.388980
249	11.876371
250	11.498804
251	11.778729
252	11.117255
253	11.864653
254	12.351523
255	11.660292
256	12.107047
257	11.517791
258	11.599301
259	11.817233
260	11.791352
261	11.228470
262	10.883175
263	11.630504
264	12.213378
265	12.713638
266	12.989337
267	12.200860
268	12.490656
269	11.958683
270	10.378927
271	11.640937
272	10.235195
273	10.163651
274	11.403324
275	11.695201
276	12.102090
277	11.167493
278	10.472607
279	11.337059
280	11.119039
281	11.088278
282	11.888065
283	11.724001
284	10.201279
285	11.152784
286	10.477156
287	10.312057
288	11.852065
289	10.837132
290	11.681155
291	11.224927
292	11.533347
293	10.792248
294	12.006501
295	11.523198
296	11.089780
297	11.010489
298	10.267488
299	12.582250
300	11.562616
301	11.225533
302	11.545496
303	11.233690
304	11.686864
305	12.428205
306	11.428586
307	11.478768
308	10.868237
309	11.770734
310	10.763777
311	10.852967
312	10.364757
313	10.776183
314	11.449366
315	10.854995
316	11.820109
317	11.266627
318	11.937899
319	11.337494
320	11.054294
321	11.643681
322	11.745250
323	11.425716
324	11.734893
325	12.292323
326	11.696298
327	10.253273
328	11.876738
329	11.401532
330	11.755972
331	11.306679
332	10.759266
333	11.249623
334	10.939921
335	11.622865
336	11.344876
337	10.242319
338	8.688797
339	9.544411
340	8.839011
341	9.701349
342	10.976343
343	11.565168
344	11.963366
345	11.511842
346	10.812330
347	11.165722
348	11.926299
349	11.302361
350	12.130033
351	11.671354
352	10.785129
353	10.427665
354	11.828053
355	12.409630
356	11.777751
357	11.408107
358	11.320550
359	10.691221
360	11.761312
361	11.335976
362	11.709590
363	10.891364
364	11.819306
365	11.476991
366	11.080009
367	11.056171
368	11.475931
369	10.996593
370	12.200927
371	11.310787
372	11.356444
373	12.101922
374	10.871789
375	10.425934
376	11.903496
377	11.288707
378	11.670754
379	11.294918
380	11.127955
381	11.781616
382	11.095941
383	10.365167
384	11.011020
385	11.509331
386	10.754921
387	11.152483
388	11.851720
389	11.566141
390	10.907158
391	11.099523
392	11.597207
393	10.864060
394	11.380959
395	11.092065
396	10.902468
397	11.424920
398	10.720409
399	12.208756
400	11.294197
401	11.697033
402	11.183140
403	12.035292
404	11.508232
405	11.177081
406	11.474140
407	11.347501
408	11.459757
409	11.272683
410	11.999058
411	11.606916
412	11.494608
413	11.719049
414	10.741811
415	11.078205
416	11.728677
417	11.222177
418	11.587807
419	10.775204
420	10.995070
421	11.387304
422	11.156624
423	10.926973
424	11.448564
425	10.748628
426	11.424417
427	12.355170
428	12.026646
429	11.133039
430	11.126320
431	11.611318
432	11.272361
433	11.012004
434	11.121159
435	10.606630
436	11.086493
437	10.183416
438	11.098049
439	10.536474
440	11.129794
441	11.266025
442	11.276714
443	10.812259
444	10.845147
445	10.945015
446	11.294154
447	10.320864
448	10.995767
449	10.758834
450	10.844639
451	11.175120
452	10.979489
453	10.805022
454	10.650099
455	10.815701
456	10.968163
457	10.477489
458	10.778378
459	10.737612
460	11.433543
461	11.219510
462	11.634969
463	11.100964
464	11.043048
465	11.418459
466	10.867589
467	11.078691
468	10.879385
469	11.612295
470	10.655206
471	11.277593
472	11.178609
473	11.667879
474	11.550272
475	10.974452
476	11.059035
477	11.746857
478	11.761642
479	9.654046
480	10.224236
481	10.177062
482	10.967844
483	10.938784
484	11.609879
485	10.760396
486	11.076394
487	11.085242
488	11.801681
489	10.884350
490	11.017041
491	11.135622
492	11.422373
493	10.859525
494	10.943445
495	11.064384
496	11.705502
497	12.644987
498	11.988177
499	11.318666
500	11.889827
501	10.886734
502	11.388582
503	11.678480
504	11.672982
505	11.769982
506	11.538223
507	11.750854
508	11.272219
509	10.877803
510	11.261494
511	11.266318
512	11.923788
513	10.851572
514	11.736949
515	10.430083
516	11.584481
517	11.208192
518	11.604717
519	11.088270
520	11.685042
521	11.063849
522	11.450162
523	11.058139
524	11.308178
525	11.371996
526	11.310283
527	11.715663
528	11.764098
529	12.005286
530	10.852562
531	10.785165
532	11.529085
533	11.379508
534	11.633976
535	10.909743
536	12.389261
537	11.808289
538	11.880073
539	11.501765
540	11.266095
541	11.575461
542	11.533278
543	11.584145
544	11.519062
545	11.461628
546	11.395968
547	11.155863
548	11.017010
549	10.976907
550	11.137877
551	12.246101
552	11.193414
553	10.968983
554	10.867448
555	11.761930
556	10.887612
557	11.262282
558	11.610720
559	10.624241
560	11.120293
561	11.572834
562	11.347149
563	12.193072
564	11.120764
565	11.503916
566	9.984833
567	11.241885
568	11.423573
569	11.176357
570	11.653438
571	12.328928
572	10.594079
573	11.050589
574	10.683211
575	11.158540
576	11.515903
577	10.767829
578	12.043447
579	11.888001
580	11.263081
581	12.017697
582	11.338611
583	11.728691
584	10.609019
585	11.116874
586	11.305371
587	11.774133
588	12.049278
589	11.443515
590	11.920052
591	11.697595
592	12.426981
593	12.125600
594	12.541313
595	11.195248
596	11.887489
597	11.451854
598	11.645378
599	11.750434
600	12.523392
601	11.008884
602	11.108255
603	11.561064
604	11.357495
605	11.748719
606	11.418438
607	11.092247
608	11.663132
609	11.593594
610	12.019775
611	11.863209
612	12.303114
613	10.974357
614	11.240392
615	11.440616
616	12.371062
617	11.162536
618	11.851261
619	11.724253
620	10.995939
621	11.389030
622	11.679016
623	11.593097
624	12.205073
625	11.971278
626	11.830917
627	11.215794
628	12.316377
629	12.231981
630	11.413614
631	12.382027
632	11.510670
633	11.718537
634	12.420555
635	11.547416
636	10.933842
637	11.744785
638	11.273159
639	11.114977
640	10.553075
641	11.119883
642	10.760641
643	11.368769
644	11.335876
645	11.466442
646	11.184834
647	9.608694
648	11.528335
649	11.371372
650	11.217919
651	11.015492
652	11.560921
653	11.418427
654	11.920886
655	10.809260
656	11.541897
657	11.038270
658	12.301440
659	11.247649
660	11.295177
661	11.701918
662	11.028825
663	11.543894
664	11.295769
665	11.636560
666	12.140853
667	11.480720
668	12.186780
669	11.650431
670	11.280144
671	11.692250
672	11.110757
673	11.548418
674	11.229498
675	10.971901
676	11.264812
677	11.482552
678	10.989162
679	11.334642
680	11.414398
681	11.615618
682	11.899055
683	11.184140
684	11.886989
685	10.825046
686	11.029828
687	11.577313
688	10.976311
689	11.202763
690	11.163718
691	11.137299
692	11.676036
693	11.953267
694	11.476088
695	12.064179
696	12.046627
697	10.710672
698	11.360752
699	10.719150
700	11.724320
701	11.546375
702	11.260406
703	10.939641
704	10.944409
705	11.190304
706	11.288782
707	10.877301
708	11.104900
709	11.007271
710	10.808982
711	12.569864
712	12.030271
713	11.133590
714	11.639538
715	11.254585
716	11.996168
717	11.375733
718	11.584694
719	11.004618
720	10.631204
721	10.674408
722	10.060621
723	11.327360
724	10.891524
725	10.538073
726	11.534821
727	11.159916
728	11.242803
729	11.677869
730	11.639716
731	11.844698
732	11.093102
733	12.117929
734	11.317424
735	11.055225
736	11.248299
737	11.484707
738	11.415301
739	10.996478
740	10.742951
741	10.821170
742	11.283306
743	10.443871
744	11.978518
745	10.580222
746	12.022304
747	11.575319
748	10.956071
749	11.128364
750	11.333021
751	11.145070
752	11.816433
753	10.989391
754	12.047611
755	11.000896
756	11.112196
757	11.897773
758	11.871950
759	11.343102
760	11.683167
761	11.270772
762	11.304880
763	12.011965
764	11.767225
765	10.458197
766	10.946386
767	11.091639
768	11.683754
769	11.280494
770	11.655134
771	11.499933
772	10.497555
773	11.587728
774	11.111548
775	11.086710
776	10.980442
777	11.523859
778	10.526489
779	10.774976
780	11.225035
781	11.417903
782	10.030723
783	11.156594
784	11.054543
785	11.452948
786	11.151780
787	11.519409
788	10.526890
789	11.094315
790	11.647605
791	11.089166
792	11.336123
793	11.901869
794	11.413312
795	11.514252
796	10.626924
797	10.698799
798	12.200533
799	10.823566
800	11.141325
801	12.321112
802	11.493668
803	11.081683
804	11.151411
805	11.532957
806	11.038623
807	11.507620
808	11.828623
809	10.888910
810	11.533104
811	11.302823
812	11.455922
813	11.628540
814	11.158468
815	11.361079
816	12.057239
817	11.360864
818	11.469499
819	11.218867
820	10.747740
821	11.286204
822	10.740210
823	10.884089
824	10.889361
825	10.383222
826	11.357221
827	10.665946
828	11.127563
829	11.008738
830	11.726427
831	11.457218
832	11.782653
833	11.820289
834	11.434560
835	11.393006
836	12.182139
837	11.021044
838	11.646399
839	11.253711
840	10.761923
841	10.974107
842	11.871390
843	11.384068
844	11.467899
845	11.709772
846	11.124311
847	10.936187
848	11.800501
849	11.065327
850	10.551227
851	11.484189
852	11.903146
853	11.606431
854	11.361082
855	11.370351
856	12.609682
857	12.480902
858	11.325524
859	11.778308
860	11.597248
861	10.392130
862	11.263757
863	11.281904
864	11.797772
865	11.043022
866	11.113804
867	11.792106
868	11.570645
869	10.868121
870	9.807220
871	11.464147
872	11.624083
873	11.465908
874	10.628726
875	11.131625
876	10.209275
877	11.074836
878	11.380747
879	11.029709
880	10.391981
881	11.354352
882	10.767644
883	11.421318
884	11.117540
885	11.695340
886	11.053493
887	11.812815
888	10.345864
889	11.162079
890	10.660961
891	11.102905
892	11.558455
893	11.340982
894	10.377769
895	11.756147
896	11.168505
897	11.447218
898	11.340419
899	11.447076
900	11.583728
901	11.249868
902	11.071771
903	10.489953
904	11.518361
905	11.748980
906	11.943754
907	11.049011
908	10.692383
909	11.508362
910	11.968509
911	12.474287
912	11.395034
913	11.224206
914	12.688427
915	12.158378
916	10.752511
917	11.078940
918	11.274117
919	11.555951
920	12.340397
921	10.889312
922	11.816889
923	10.688527
924	11.948330
925	11.427799
926	11.629505
927	9.725241
928	10.982758
929	11.686131
930	11.738007
931	11.373337
932	10.775120
933	10.695994
934	10.480825
935	11.296035
936	10.685710
937	11.346585
938	11.800330
939	10.925413
940	10.582504
941	11.443781
942	10.978711
943	11.542167
944	11.331676
945	11.403777
946	10.507421
947	11.711319
948	10.808935
949	10.508972
950	11.056616
951	10.198730
952	10.978735
953	11.867725
954	12.016501
955	11.197263
956	12.098616
957	12.238783
958	11.988169
959	11.152767
960	12.165994
961	11.381464
962	11.843285
963	11.408809
964	11.490590
965	12.466568
966	10.997795
967	10.832031
968	11.113398
969	11.430910
970	10.732534
971	11.418204
972	11.698295
973	10.971931
974	11.275486
975	10.259639
976	10.218752
977	11.528522
978	11.864586
979	11.732493
980	11.572097
981	11.277527
982	11.646412
983	11.190784
984	11.158606
985	10.417702
986	11.173366
987	10.512688
988	11.642598
989	11.447292
990	11.300251
991	12.707958
992	11.808906
993	11.489295
994	12.006350
995	11.507833
996	12.059862
997	11.879681
998	12.151502
999	11.496972
1000	12.108497
1001	11.197068
1002	11.411364
1003	12.219758
1004	11.939362
1005	11.788930
1006	11.366098
1007	11.517312
1008	11.899268
1009	11.824779
1010	11.844276
1011	11.559088
1012	10.848235
1013	11.627932
1014	11.040408
1015	11.036115
1016	11.441682
1017	11.769045
1018	11.408392
1019	11.473379
1020	11.619022
1021	11.719035
1022	11.010423
1023	11.946200
1024	11.473106
1025	11.690941
1026	11.482183
1027	11.415511
1028	10.839131
1029	11.254202
1030	11.579329
1031	11.085707
1032	12.236695
1033	11.657068
1034	12.549328
1035	11.856659
1036	12.138934
1037	11.210190
1038	11.847987
1039	11.788337
1040	11.636005
1041	10.724417
1042	10.765226
1043	11.468322
1044	12.008568
1045	10.727003
1046	10.832558
1047	11.215940
1048	12.397657
1049	11.118584
1050	10.801745
1051	10.722542
1052	11.742452
1053	11.148976
1054	11.220664
1055	11.734086
1056	11.261484
1057	10.468228
1058	10.338056
1059	10.717025
1060	10.871937
1061	9.460419
1062	12.349952
1063	10.734951
1064	10.947588
1065	10.895333
1066	11.201539
1067	11.001040
1068	10.951187
1069	10.853334
1070	11.631647
1071	9.709917
1072	10.380771
1073	11.702012
1074	10.900202
1075	10.881843
1076	11.966575
1077	11.277756
1078	11.295653
1079	11.455785
1080	11.744040
1081	10.450513
1082	11.380127
1083	11.424420
1084	10.994494
1085	10.882065
1086	11.388371
1087	12.011765
1088	10.820652
1089	11.136773
1090	11.681662
1091	10.852715
1092	11.244165
1093	11.788254
1094	11.015714
1095	11.378158
1096	11.013121
1097	10.022820
1098	10.373107
1099	11.042945
1100	10.984685
1101	11.246911
1102	11.998691
1103	11.616338
1104	10.986145
1105	9.900226
1106	10.386072
1107	10.210117
1108	10.994386
1109	9.834252
1110	9.935717
1111	9.963703
1112	10.033265
1113	10.379793
1114	10.623675
1115	11.264159
1116	11.271282
1117	11.143543
1118	10.163764
1119	11.406145
1120	11.317994
1121	10.262640
1122	10.692640
1123	11.242503
1124	11.265769
1125	11.003918
1126	12.231131
1127	10.584313
1128	10.795050
1129	11.730752
1130	11.378546
1131	10.960813
1132	10.803696
1133	10.853441
1134	11.447682
1135	11.546542
1136	11.539835
1137	11.595041
1138	11.454372
1139	11.261168
1140	11.627717
1141	11.538326
1142	10.256489
1143	10.392027
1144	10.573832
1145	10.030783
1146	9.617165
1147	9.520535
1148	10.582642
1149	10.004763
1150	11.615565
1151	10.836795
1152	11.170197
1153	11.039733
1154	10.893577
1155	10.287220
1156	10.611028
1157	11.516255
1158	10.705749
1159	10.408857
1160	10.508778
1161	10.899068
1162	10.579233
1163	10.540103
1164	10.963235
1165	10.125257
1166	10.528841
1167	10.672173
1168	10.108898
1169	10.876407
1170	10.377499
1171	10.918362
1172	10.735388
1173	11.850545
1174	10.990711
1175	11.610487
1176	11.145983
1177	10.431712
1178	11.055532
1179	11.196367
1180	11.821225
1181	10.652485
1182	11.008527
1183	10.684965
1184	10.885433
1185	10.738245
1186	11.286214
1187	11.424930
1188	11.184803
1189	10.891547
1190	11.266721
1191	10.594733
1192	11.627271
1193	11.562812
1194	10.992734
1195	11.521284
1196	11.408794
1197	11.350996
1198	11.143374
1199	12.831673
1200	11.177848
1201	11.239920
1202	11.467875
1203	11.937792
1204	11.563516
1205	10.539569
1206	11.034406
1207	11.327361
1208	11.574776
1209	10.681459
1210	12.154494
1211	11.679798
1212	11.388389
1213	11.089550
1214	10.220584
1215	12.201474
1216	11.224750
1217	11.548688
1218	11.092792
1219	10.771987
1220	11.287855
1221	11.464576
1222	11.304097
1223	11.377090
1224	11.515573
1225	11.775011
1226	10.636550
1227	11.226690
1228	10.834671
1229	12.255523
1230	10.577387
1231	11.126842
1232	10.199833
1233	11.022123
1234	10.627126
1235	11.160095
1236	10.824452
1237	9.608647
1238	11.071441
1239	10.523526
1240	10.034196
1241	9.865748
1242	10.155403
1243	11.753069
1244	11.479443
1245	11.276138
1246	11.071346
1247	11.298412
1248	11.039495
1249	10.812402
1250	10.170835
1251	10.447148
1252	11.070095
1253	11.729509
1254	11.463189
1255	10.938060
1256	12.426556
1257	11.074232
1258	11.225093
1259	11.182131
1260	11.739617
1261	11.181326
1262	11.299190
1263	10.502115
1264	10.910429
1265	9.795640
1266	10.816081
1267	10.575959
1268	9.983161
1269	10.160881
1270	11.036426
1271	10.058175
1272	9.741469
1273	10.565758
1274	11.237984
1275	11.508368
1276	10.849092
1277	11.261500
1278	11.692575
1279	11.640181
1280	11.926492
1281	11.395827
1282	11.986713
1283	12.015293
1284	11.119142
1285	12.690374
1286	12.400604
1287	11.624168
1288	10.931121
1289	11.604761
1290	11.364580
1291	10.216232
1292	10.989171
1293	10.975724
1294	10.854828
1295	10.473992
1296	11.847164
1297	11.402758
1298	11.074955
1299	11.957716
1300	11.140852
1301	11.206006
1302	11.333914
1303	10.797249
1304	11.791938
1305	11.720427
1306	11.907817
1307	11.241366
1308	11.877985
1309	11.426255
1310	11.450030
1311	12.150811
1312	11.685640
1313	11.024717
1314	11.464837
1315	10.995658
1316	11.926856
1317	11.820414
1318	11.325180
1319	9.581697
1320	10.539795
1321	11.780398
1322	11.110796
1323	12.213971
1324	11.273785
1325	11.285266
1326	10.650774
1327	12.327617
1328	11.266272
1329	11.419325
1330	10.998436
1331	11.673436
1332	11.851690
1333	10.354762
1334	11.524708
1335	11.293099
1336	10.758058
1337	11.277039
1338	11.251227
1339	11.049168
1340	11.238315
1341	10.781841
1342	12.550418
1343	11.637496
1344	11.988999
1345	11.653398
1346	10.867496
1347	10.969603
1348	12.105458
1349	11.436595
1350	11.503330
1351	10.719934
1352	10.898189
1353	11.103144
1354	11.416239
1355	12.213905
1356	11.268121
1357	11.235221
1358	11.221213
1359	11.070407
1360	11.549772
1361	11.686613
1362	11.139028
1363	11.326292
1364	11.376981
1365	11.204088
1366	10.986150
1367	11.212253
1368	11.034228
1369	10.816533
1370	11.176959
1371	12.099856
1372	11.343040
1373	10.639461
1374	11.424795
1375	11.685951
1376	11.200069
1377	12.316604
1378	11.666349
1379	11.517926
1380	11.299058
1381	11.574119
1382	11.970564
1383	11.878334
1384	11.543842
1385	11.049534
1386	10.594994
1387	10.775119
1388	11.128011
1389	12.190631
1390	11.465528
1391	11.525599
1392	10.835532
1393	10.979913
1394	10.316230
1395	10.098147
1396	10.923831
1397	11.492204
1398	10.845578
1399	11.454414
1400	10.396239
1401	11.305857
1402	11.108497
1403	11.739929
1404	11.075680
1405	11.223301
1406	10.545469
1407	11.339345
1408	11.034332
1409	10.855548
1410	11.307217
1411	11.077169
1412	10.464252
1413	10.825252
1414	11.820719
1415	11.615085
1416	11.461139
1417	11.007821
1418	11.326247
1419	11.160264
1420	11.263192
1421	10.563447
1422	11.285920
1423	11.765786
1424	11.066137
1425	11.797987
1426	10.522413
1427	11.659336
1428	11.632207
1429	11.946954
1430	10.731327
1431	11.536370
1432	11.370008
1433	11.536734
1434	12.331079
1435	11.168520
1436	11.418268
1437	11.655617
1438	11.984006
1439	11.039303
1440	11.435446
1441	11.196650
1442	11.009553
1443	10.615940
1444	11.422790
1445	11.611479
1446	11.215439
1447	10.913311
1448	11.168044
1449	10.920575
1450	10.782628
1451	11.829618
1452	10.743859
1453	11.794991
1454	12.412065
1455	11.209121
1456	13.349864
1457	11.495298
1458	10.590958
1459	10.348924
1460	11.242821
1461	11.646830
1462	11.978052
1463	11.248216
1464	10.176327
1465	11.052530
1466	11.609594
1467	10.891362
1468	11.115865
1469	11.501603
1470	10.926249
1471	12.246515
1472	10.963698
1473	11.514059
1474	11.292905
1475	11.107092
1476	10.903801
1477	12.345031
1478	11.865159
1479	11.226463
1480	11.180806
1481	12.436690
1482	11.319560
1483	11.716866
1484	11.617269
1485	11.265639
1486	11.512554
1487	10.910482
1488	11.244999
1489	11.283032
1490	9.719395
1491	10.215703
1492	11.080980
1493	11.961976
1494	10.114983
1495	10.586827
1496	10.300979
1497	9.647333
1498	11.511759
1499	10.520120
1500	11.241000
1501	11.296237
1502	10.222766
1503	10.731236
1504	10.221531
1505	10.844874
1506	11.125216
1507	10.241221
1508	10.575750
1509	11.176488
1510	11.065779
1511	11.399426
1512	9.905826
1513	11.567567
1514	9.369761
1515	12.208244
1516	9.040061
1517	11.732737
1518	10.356355
1519	11.999719
1520	11.497679
1521	10.777110
1522	11.892351
1523	10.932952
1524	11.892445
1525	10.934134
1526	11.416106
1527	11.401452
1528	10.747067
1529	11.304039
1530	11.434129
1531	11.120909
1532	11.679543
1533	11.280982
1534	11.246146
1535	12.015347
1536	11.765042
1537	11.995927
1538	11.290241
1539	11.357591
1540	11.397601
1541	11.001641
1542	12.101626
1543	11.449525
1544	10.220992
1545	10.873590
1546	11.423786
1547	11.509601
1548	11.525146
1549	10.753531
1550	10.204788
1551	10.957875
1552	10.894452
1553	10.450789
1554	10.180770
1555	11.051448
1556	10.972832
1557	10.102308
1558	10.850478
1559	10.511899
1560	10.653166
1561	10.811758
1562	10.024701
1563	11.295347
1564	10.514012
1565	10.635702
1566	11.571423
1567	11.064073
1568	10.692339
1569	11.392923
1570	10.020959
1571	11.086771
1572	10.858310
1573	10.824940
1574	11.051267
1575	10.977436
1576	10.982323
1577	10.247155
1578	11.234319
1579	10.684255
1580	10.490134
1581	10.650980
1582	10.859971
1583	10.531195
1584	11.155039
1585	11.210536
1586	11.357982
1587	10.121709
1588	10.450427
1589	11.315041
1590	11.029763
1591	11.228521
1592	10.800028
1593	11.301440
1594	11.551948
1595	10.849761
1596	10.742429
1597	10.511388
1598	11.038744
1599	11.867616
1600	11.672558
1601	11.065014
1602	11.631971
1603	11.063097
1604	10.915871
1605	10.826404
1606	11.356398
1607	11.103217
1608	11.534274
1609	10.551972
1610	11.288758
1611	10.065502
1612	11.564686
1613	10.933736
1614	10.929347
1615	10.635267
1616	10.996381
1617	10.705124
1618	11.192163
1619	10.657242
1620	11.289555
1621	11.211028
1622	12.297364
1623	11.413353
1624	10.954679
1625	11.110454
1626	11.543175
1627	11.373011
1628	10.599031
1629	11.066769
1630	10.582108
1631	10.174870
1632	10.034073
1633	10.233775
1634	10.785495
1635	10.872195
1636	11.390304
1637	10.714352
1638	10.810498
1639	10.920348
1640	12.079270
1641	11.022254
1642	10.590734
1643	11.217032
1644	11.129968
1645	10.959408
1646	10.499664
1647	11.587317
1648	11.160956
1649	10.667351
1650	11.299612
1651	10.562924
1652	11.246318
1653	11.303960
1654	11.277739
1655	11.189690
1656	11.042914
1657	11.204485
1658	11.008767
1659	11.393626
1660	10.739549
1661	11.879722
1662	11.098338
1663	11.277472
1664	10.672610
1665	10.896867
1666	11.460758
1667	11.589241
1668	10.642279
1669	11.417578
1670	10.899405
1671	11.079956
1672	11.150915
1673	11.122566
1674	11.459360
1675	10.815347
1676	10.654430
1677	9.945556
1678	11.034653
1679	10.915090
1680	10.783363
1681	11.044320
1682	10.644759
1683	9.751001
1684	10.428883
1685	11.546673
1686	11.339874
1687	8.542956
1688	10.903303
1689	11.218054
1690	11.293476
1691	10.428470
1692	10.613863
1693	11.782920
1694	10.498267
1695	11.241302
1696	10.723449
1697	10.658080
1698	10.782582
1699	10.402757
1700	11.467229
1701	11.267408
1702	10.150760
1703	11.176319
1704	11.284842
1705	10.993151
1706	10.965748
1707	11.595092
1708	11.537393
1709	11.518982
1710	11.577273
1711	10.779142
1712	11.442889
1713	11.171722
1714	10.838105
1715	11.309649
1716	11.595101
1717	10.920826
1718	11.250677
1719	11.296784
1720	11.059340
1721	11.306646
1722	11.237059
1723	10.876495
1724	11.014011
1725	11.859870
1726	11.642170
1727	11.961288
1728	11.329679
1729	11.631758
1730	11.867222
1731	11.103415
1732	11.630623
1733	11.459449
1734	11.031800
1735	11.795529
1736	11.790156
1737	11.699845
1738	11.112182
1739	10.709128
1740	11.147310
1741	11.771979
1742	10.896683
1743	10.302862
1744	10.379539
1745	11.624690
1746	11.679468
1747	11.632064
1748	11.263852
1749	11.351326
1750	11.285395
1751	10.779559
1752	10.985319
1753	10.963287
1754	11.083473
1755	11.929669
1756	12.067941
1757	10.886342
1758	11.457634
1759	11.248203
1760	11.880326
1761	12.080848
1762	11.009016
1763	10.435056
1764	11.049821
1765	11.486104
1766	11.330388
1767	10.784755
1768	10.790888
1769	11.412820
1770	11.055090
1771	10.840285
1772	11.575811
1773	11.462504
1774	10.975821
1775	11.401445
1776	11.300310
1777	12.199109
1778	11.519449
1779	11.629552
1780	10.854826
1781	9.779335
1782	9.947098
1783	10.576096
1784	12.560526
1785	11.550900
1786	12.248046
1787	10.455783
1788	11.190488
1789	11.889714
1790	11.961928
1791	11.004639
1792	11.384243
1793	10.753399
1794	11.269045
1795	11.276361
1796	11.430573
1797	11.969446
1798	12.124843
1799	11.551934
1800	11.972038
1801	11.697423
1802	12.009706
1803	10.422769
1804	11.553567
1805	11.141624
1806	10.053370
1807	11.640953
1808	10.903325
1809	11.246247
1810	11.035127
1811	11.849819
1812	10.808154
1813	10.174919
1814	10.186563
1815	9.718542
1816	10.200363
1817	9.877679
1818	10.573278
1819	11.212256
1820	10.279113
1821	10.350073
1822	12.136878
1823	10.227580
1824	10.920008
1825	10.510874
1826	10.984249
1827	10.229861
1828	11.122686
1829	10.759359
1830	10.241806
1831	10.198275
1832	8.755894
1833	9.565322
1834	9.413888
1835	9.490430
1836	10.279149
1837	10.323182
1838	9.932261
1839	11.099770
1840	10.821074
1841	11.546367
1842	10.690187
1843	10.436591
1844	10.198769
1845	12.286029
1846	11.422596
1847	11.118313
1848	11.212908
1849	10.490620
1850	10.635418
1851	11.444837
1852	11.729048
1853	12.415041
1854	10.152931
1855	8.784191
1856	9.800030
1857	10.334954
1858	9.658605
1859	10.617517
1860	11.163530
1861	9.661412
1862	10.044501
1863	10.587260
1864	8.697598
1865	9.957050
1866	9.542462
1867	9.993464
1868	10.266398
0	6.175409
1	6.317121
2	8.139937
3	6.684137
4	7.842175
5	6.638961
6	7.244369
7	6.066845
8	5.778277
9	5.838537
10	6.158945
11	5.497144
12	5.806696
13	4.920547
14	8.466551
15	6.832962
16	6.764453
17	5.419096
18	7.490132
19	4.976506
20	7.497074
21	5.937794
22	7.666642
23	6.627109
24	7.257609
25	8.052069
26	7.323948
27	7.084525
28	7.868729
29	7.547595
30	8.316395
31	5.878692
32	8.428349
33	7.864592
34	8.274940
35	7.595458
36	8.825172
37	8.039740
38	8.338517
39	9.259505
40	8.570653
41	9.223854
42	9.012222
43	8.164830
44	11.656441
45	8.411009
46	11.281996
47	11.052856
48	11.061255
49	10.729647
50	9.904292
51	8.409602
52	8.609718
53	8.638959
54	8.926156
55	8.271704
56	7.117627
57	9.019581
58	11.029206
59	9.562580
60	8.360323
61	8.504671
62	7.896189
63	7.647366
64	8.396226
65	8.930177
66	7.890540
67	3.454346
68	3.779020
69	4.576483
70	3.757416
71	3.568907
72	5.503506
73	3.904268
74	8.103863
75	9.095701
76	4.756491
77	6.599516
78	8.288049
79	10.026717
80	9.734013
81	13.012274
82	12.921072
83	15.288249
84	16.718735
85	11.886746
86	12.956562
87	11.405180
88	10.915210
89	8.598082
90	8.614373
91	7.909594
92	7.577048
93	9.771909
94	11.404499
95	10.153847
96	8.625508
97	6.766018
98	9.391756
99	8.271232
100	8.503095
101	11.399242
102	10.537904
103	8.602105
104	12.939510
105	11.510276
106	16.371334
107	12.214852
108	10.966723
109	15.600634
110	10.169274
111	10.919831
112	11.342817
113	7.843028
114	10.973802
115	13.881182
116	11.297390
117	14.402911
118	12.615177
119	12.647780
120	9.791210
121	8.563252
122	10.764531
123	13.072639
124	16.641361
125	19.403126
126	21.183672
127	13.999494
128	15.010108
129	15.642455
130	16.332884
131	16.113491
132	16.360487
133	15.613561
134	15.705993
135	14.713892
136	15.842823
137	17.450102
138	17.013901
139	17.359421
140	16.877314
141	15.317003
142	16.039787
143	17.080088
144	17.001436
145	15.755120
146	15.391614
147	14.988823
148	16.889959
149	17.646250
150	14.974252
151	14.772614
152	16.842958
153	14.980791
154	12.933744
155	13.739552
156	15.450315
157	14.385727
158	15.477093
159	14.010486
160	15.437469
161	13.455945
162	12.713714
163	12.208093
164	13.324972
165	12.649239
166	14.315438
167	15.772545
168	14.400879
169	14.541904
170	14.935700
171	11.871569
172	13.505777
173	11.932517
174	12.723824
175	12.711741
176	12.502555
177	14.635838
178	11.908427
179	11.412825
180	10.675246
181	11.262786
182	11.807976
183	12.267606
184	13.128673
185	14.359797
186	12.971891
187	12.061931
188	13.768777
189	12.863086
190	12.614298
191	12.688043
192	13.071657
193	13.283523
194	12.272326
195	14.031505
196	15.159562
197	11.814706
198	12.249048
199	11.661593
200	12.028707
201	14.723705
202	13.020181
203	14.746084
204	12.775795
205	12.654562
206	13.551995
207	11.897319
208	12.193484
209	11.497814
210	11.985044
211	11.694654
212	11.421212
213	13.455750
214	12.824740
215	12.318007
216	13.073094
217	13.028536
218	13.513315
219	12.462956
220	13.506306
221	11.239885
222	14.904519
223	13.200048
224	12.079967
225	13.128060
226	13.913624
227	13.856207
228	12.538335
229	12.119571
230	12.912604
231	14.785943
232	12.765021
233	11.806327
234	13.305161
235	11.876199
236	11.974360
237	14.251050
238	12.829797
239	12.413445
240	12.862015
241	11.057509
242	11.599781
243	14.023590
244	11.336697
245	10.643446
246	13.845304
247	13.934585
248	14.394638
249	11.590579
250	12.207052
251	12.230053
252	12.735814
253	14.414764
254	12.612917
255	11.556270
256	11.733088
257	10.618826
258	11.758554
259	11.904870
260	10.631287
261	10.549403
262	12.045260
263	11.079808
264	11.978169
265	10.752391
266	13.289824
267	11.263468
268	11.527471
269	13.880134
270	10.812998
271	11.632302
272	12.801148
273	14.662635
274	13.205233
275	11.806628
276	12.154181
277	12.146034
278	12.262256
279	13.582383
280	13.091043
281	10.540692
282	11.025352
283	10.477374
284	11.437754
285	12.725891
286	12.060341
287	12.215221
288	10.936552
289	11.801561
290	11.852597
291	11.981800
292	12.320915
293	11.124522
294	11.624297
295	12.148319
296	11.626915
297	10.190924
298	12.704751
299	10.657494
300	11.172012
301	12.081484
302	12.089725
303	12.417515
304	11.884053
305	12.708581
306	10.885995
307	11.389304
308	12.403097
309	14.668295
310	15.565482
311	15.635194
312	14.283408
313	14.762254
314	14.503535
315	14.443623
316	13.629640
317	16.887257
318	14.180256
319	17.693716
320	16.301233
321	15.036780
322	15.094975
323	15.158714
324	14.705365
325	15.753323
326	16.385988
327	17.223330
328	15.003625
329	14.423477
330	16.080095
331	14.988751
332	15.532859
333	15.643045
334	14.931811
335	15.236301
336	15.151044
337	15.164762
338	15.177072
339	14.670653
340	15.063431
341	15.069733
342	16.175959
343	14.381409
344	15.208223
345	15.528524
346	14.945106
347	14.833858
348	15.993908
349	13.986236
350	14.754323
351	14.616065
352	14.720685
353	15.301801
354	14.205922
355	14.781216
356	15.073516
357	15.216508
358	15.448065
359	17.388510
360	15.778793
361	15.075047
362	15.753847
363	15.019618
364	16.159140
365	15.085072
366	15.793509
367	15.406819
368	15.600217
369	14.876764
370	15.205164
371	15.036679
372	14.963942
373	15.918899
374	15.389997
375	14.392129
376	14.777429
377	14.879953
378	15.263184
379	15.225445
380	14.747938
381	14.149344
382	14.093921
383	15.492674
384	17.187445
385	15.499978
386	15.565411
387	15.761209
388	14.960202
389	15.220046
390	14.236793
391	14.884057
392	17.209372
393	16.432922
394	15.301201
395	15.595596
396	15.110935
397	16.627119
398	14.883486
399	17.017071
400	15.168827
401	15.525550
402	14.772173
403	15.349646
404	16.903559
405	16.365282
406	14.764242
407	14.809102
408	16.276171
409	14.866818
410	15.281102
411	15.846404
412	16.716208
413	14.502646
414	15.278859
415	16.195391
416	15.137525
417	15.589544
418	14.544564
419	15.557410
420	15.442351
421	14.912832
422	15.707213
423	15.013606
424	15.494777
425	14.627812
426	15.515477
427	15.743653
428	15.434834
429	14.989428
430	15.091264
431	15.714633
432	14.907646
433	15.618624
434	14.821890
435	15.244802
436	14.719827
437	14.969828
438	14.931667
439	15.430830
440	15.388615
441	14.825238
442	14.538438
443	16.980640
444	16.619864
445	16.840696
446	14.742574
447	17.058353
448	15.685619
449	15.883492
450	16.342609
451	16.397770
452	15.637613
453	13.698647
454	15.050907
455	14.184083
456	14.522711
457	12.206938
458	12.350067
459	14.065595
460	12.368665
461	12.799356
462	12.119032
463	11.309439
464	11.490056
465	12.617284
466	11.535309
467	11.846610
468	12.673045
469	11.407933
470	13.261569
471	12.937346
472	13.353091
473	12.868590
474	12.564852
475	14.673216
476	13.024939
477	13.221964
478	14.120749
479	12.483517
480	12.491702
481	12.367896
482	12.417427
483	14.255240
484	14.310862
485	16.188669
486	14.775730
487	14.605214
488	15.057707
489	12.158364
490	12.783564
491	12.470402
492	12.645404
493	12.121819
494	12.999158
495	14.498092
496	13.969185
497	11.904870
498	12.955503
499	12.232111
500	12.555692
501	12.274910
502	14.319110
503	13.427562
504	12.328410
505	14.677380
506	14.065295
507	14.222200
508	12.773005
509	13.463571
510	12.469792
511	14.026780
512	13.070918
513	13.415458
514	13.281032
515	13.179506
516	12.486577
517	13.743640
518	12.202897
519	13.124545
520	13.445744
521	13.900610
522	15.388789
523	12.581588
524	13.532904
525	13.000433
526	13.035774
527	12.449862
528	14.206636
529	11.917234
530	13.511600
531	12.826401
532	12.796115
533	12.677500
534	13.146882
535	12.957800
536	12.450514
537	12.861159
538	12.897207
539	13.087927
540	12.006173
541	14.615271
542	14.395520
543	13.207282
544	11.570025
545	12.571211
546	13.426468
547	13.904539
548	13.392999
549	13.603354
550	15.084459
551	13.965023
552	14.440345
553	15.112865
554	13.601679
555	13.426021
556	13.689301
557	13.714849
558	14.472146
559	11.648599
560	12.183333
561	11.731055
562	12.987307
563	12.654137
564	12.877754
565	13.303769
566	12.386786
567	13.496711
568	14.883785
569	14.220460
570	14.155149
571	14.637125
572	14.080211
573	13.668886
574	12.079272
575	11.529166
576	13.019405
577	13.019090
578	12.074111
579	13.137234
580	13.306751
581	11.985778
582	13.056814
583	12.352511
584	12.199117
585	13.722309
586	13.006378
587	14.303193
588	11.852448
589	12.670005
590	13.811600
591	12.663458
592	13.993329
593	13.195138
594	12.686153
595	13.419794
596	12.833510
597	13.014839
598	15.280053
599	12.751431
600	14.864230
601	13.147417
602	14.145871
603	15.107886
604	12.507071
605	12.587321
606	14.001492
607	12.549690
608	14.747064
609	14.748889
610	13.535160
611	12.124598
612	13.298460
613	12.643361
614	12.817925
615	13.829324
616	12.687184
617	12.209085
618	13.677403
619	12.931059
620	12.719613
621	12.688142
622	12.981320
623	12.694584
624	12.940795
625	12.151558
626	12.369368
627	12.664093
628	15.670236
629	13.850955
630	12.614340
631	13.042162
632	13.539447
633	13.675536
634	12.326795
635	13.519899
636	12.946817
637	12.549659
638	12.507644
639	12.349924
640	14.896102
641	12.145245
642	13.179695
643	11.922539
644	12.267147
645	12.616104
646	12.378907
647	12.583076
648	11.784146
649	13.105819
650	12.476100
651	12.294444
652	12.639792
653	12.439858
654	12.036319
655	12.534724
656	12.822125
657	14.295334
658	12.244515
659	12.515434
660	11.671331
661	13.602836
662	12.249870
663	12.637616
664	15.373851
665	14.310311
666	14.280396
667	12.615569
668	12.639811
669	13.708888
670	13.103976
671	12.418901
672	13.759980
673	13.076283
674	13.034958
675	12.401407
676	12.818564
677	13.073984
678	12.545514
679	12.615998
680	13.229142
681	12.158175
682	12.420200
683	12.677516
684	12.808825
685	13.684132
686	12.128918
687	11.654345
688	11.640843
689	12.112387
690	11.804560
691	12.953786
692	13.659801
693	12.195185
694	12.930738
695	12.530009
696	12.133835
697	12.559109
698	12.335872
699	12.679046
700	14.199441
701	12.681132
702	11.901332
703	13.195497
704	12.409533
705	13.950790
706	13.081337
707	14.596714
708	12.736209
709	13.184162
710	12.118285
711	13.363932
712	12.255779
713	13.616521
714	13.096160
715	13.097976
716	12.710458
717	12.886179
718	15.121271
719	14.525473
720	13.287039
721	13.653581
722	12.796614
723	12.983073
724	13.058985
725	12.863075
726	13.093457
727	11.775352
728	12.010217
729	13.160107
730	12.728135
731	12.370410
732	12.654046
733	12.789831
734	12.312383
735	12.236640
736	12.604463
737	12.470979
738	12.055244
739	12.797065
740	12.160315
741	12.518056
742	12.244895
743	13.705696
744	13.054995
745	12.503764
746	13.275184
747	12.608196
748	14.072613
749	15.356294
750	15.336496
751	15.216066
752	15.493188
753	14.827343
754	14.692665
755	14.132349
756	12.697928
757	13.946418
758	12.781155
759	12.436772
760	12.430209
761	13.572906
762	12.987306
763	12.861964
764	13.461276
765	12.324942
766	12.655453
767	14.878555
768	12.660937
769	14.708912
770	13.402699
771	13.366175
772	12.739958
773	12.514192
774	13.306389
775	12.931932
776	12.204597
777	12.404453
778	12.765520
779	13.059132
780	12.954590
781	14.648532
782	12.521381
783	14.486838
784	12.992830
785	12.682086
786	13.150150
787	13.965364
788	13.108875
789	13.148234
790	13.525461
791	15.270889
792	13.962668
793	13.222065
794	14.793969
795	12.900999
796	12.105462
797	13.924679
798	13.057322
799	12.398195
800	12.347629
801	13.610906
802	12.639588
803	13.579132
804	12.772615
805	12.706496
806	12.416101
807	12.043978
808	13.246395
809	12.766289
810	13.545962
811	12.119675
812	12.624852
813	12.544345
814	12.868536
815	12.303256
816	12.735267
817	12.245731
818	11.910503
819	12.342364
820	12.547215
821	12.300195
822	13.222453
823	13.665318
824	13.826200
825	13.689981
826	11.704726
827	11.924406
828	12.494001
829	12.641239
830	12.152411
831	12.548370
832	12.060558
833	12.401793
834	12.247994
835	12.633131
836	13.174099
837	12.337350
838	14.129084
839	12.525533
840	12.775859
841	13.650939
842	12.508544
843	12.534796
844	12.467830
845	12.234185
846	12.005544
847	12.283379
848	13.080690
849	13.548481
850	13.844773
851	12.448369
852	14.019745
853	13.181274
854	13.444517
855	13.577474
856	13.263885
857	13.584315
858	12.278724
859	12.445710
860	12.492860
861	12.115911
862	12.752798
863	13.370557
864	11.617545
865	12.607852
866	12.420028
867	12.414930
868	13.314060
869	13.455425
870	13.358012
871	12.512467
872	12.919559
873	13.139153
874	12.713328
875	12.754170
876	12.933433
877	11.960757
878	12.763740
879	12.691911
880	12.574024
881	12.376334
882	12.932113
883	12.705090
884	12.582059
885	12.198231
886	12.899943
887	14.191514
888	14.257083
889	14.743287
890	15.169165
891	12.086400
892	14.400564
893	14.850192
894	15.202925
895	14.160099
896	13.174721
897	12.158870
898	13.339048
899	11.724647
900	12.481901
901	13.028217
902	13.982167
903	13.896098
904	13.026791
905	13.157314
906	12.430161
907	12.625400
908	15.052735
909	13.356007
910	12.202396
911	13.192184
912	12.965932
913	12.057294
914	11.467390
915	13.378617
916	13.219262
917	11.256439
918	11.558547
919	11.962781
920	11.909853
921	15.035645
922	13.222058
923	11.898863
924	12.305947
925	12.597246
926	13.949254
927	12.261596
928	12.374479
929	15.889656
930	15.972336
931	12.931170
932	13.353010
933	13.826706
934	13.131966
935	12.378773
936	13.514098
937	13.009558
938	13.332631
939	12.054288
940	12.413415
941	12.014933
942	12.664819
943	11.874835
944	14.080164
945	14.245916
946	11.694101
947	13.020172
948	12.753313
949	12.126435
950	13.589952
951	14.180445
952	13.618861
953	12.490468
954	12.735831
955	13.650376
956	12.436321
957	13.818138
958	13.722910
959	14.298797
960	12.776532
961	14.634564
962	13.172654
963	13.868342
964	14.686462
965	12.769564
966	11.879647
967	13.598933
968	11.783299
969	13.702628
970	11.588976
971	11.895652
972	12.768169
973	12.046160
974	12.072258
975	12.517153
976	14.011246
977	13.897659
978	14.613521
979	14.125726
980	14.798396
981	12.058165
982	13.717230
983	13.424172
984	12.752768
985	14.070085
986	13.433634
987	13.525109
988	15.153845
989	12.607125
990	13.341859
991	12.114077
992	11.982137
993	13.001849
994	13.385823
995	12.918891
996	14.765732
997	13.143780
998	13.014546
999	13.519794
1000	12.320237
1001	14.036914
1002	12.975471
1003	13.532346
1004	12.974856
1005	12.421153
1006	12.693813
1007	12.632497
1008	13.745039
1009	13.713934
1010	13.044334
1011	14.721581
1012	15.528004
1013	12.873650
1014	11.520564
1015	14.409153
1016	12.003172
1017	14.551891
1018	13.040890
1019	12.582959
1020	11.575617
1021	13.904310
1022	12.201735
1023	14.606554
1024	11.260398
1025	13.880634
1026	12.851843
1027	14.501363
1028	13.821224
1029	13.896866
1030	14.660380
1031	13.588573
1032	13.605989
1033	12.862889
1034	14.530634
1035	14.623245
1036	13.244117
1037	12.222478
1038	14.616400
1039	13.412719
1040	13.444065
1041	12.625660
1042	12.131423
1043	13.350816
1044	12.870969
1045	14.007508
1046	13.790307
1047	13.431025
1048	14.202744
1049	12.692524
1050	14.250832
1051	14.721976
1052	14.258726
1053	14.369276
1054	14.151639
1055	14.014310
1056	15.052389
1057	13.460943
1058	14.837996
1059	14.798170
1060	12.744181
1061	14.187831
1062	12.975877
1063	13.976628
1064	12.780274
1065	13.105469
1066	13.564865
1067	13.391602
1068	12.343537
1069	14.135805
1070	12.173554
1071	12.533451
1072	12.970063
1073	13.795424
1074	13.522343
1075	13.181244
1076	12.789317
1077	13.394762
1078	12.112201
1079	13.079881
1080	12.611037
1081	14.859204
1082	13.711148
1083	12.426000
1084	12.658929
1085	12.581448
1086	13.886052
1087	13.145391
1088	12.601350
1089	12.181289
1090	13.337922
1091	12.736986
1092	12.406487
1093	13.120259
1094	12.785388
1095	13.184864
1096	13.665619
1097	15.009175
1098	13.899198
1099	13.117370
1100	13.260427
1101	12.580404
1102	13.837650
1103	14.522470
1104	13.391389
1105	11.657225
1106	13.587910
1107	13.207108
1108	12.746737
1109	14.143336
1110	13.752511
1111	13.794906
1112	12.203354
1113	11.831082
1114	12.882024
1115	12.951558
1116	13.710631
1117	11.814286
1118	11.886498
1119	12.467018
1120	12.704497
1121	12.707932
1122	14.496684
1123	13.694758
1124	12.599402
1125	13.741707
1126	12.968160
1127	12.437068
1128	12.390956
1129	14.026221
1130	13.598550
1131	12.996438
1132	12.081823
1133	13.272104
1134	12.516912
1135	12.345775
1136	13.919060
1137	12.419456
1138	12.691574
1139	13.295545
1140	13.766525
1141	12.546897
1142	12.657550
1143	13.521443
1144	13.277699
1145	14.134067
1146	13.412074
1147	12.856177
1148	13.743571
1149	13.109360
1150	14.224375
1151	12.253522
1152	12.620052
1153	13.130524
1154	12.527571
1155	13.080364
1156	13.144675
1157	12.759658
1158	13.407885
1159	12.676955
1160	13.127693
1161	11.882076
1162	12.420745
1163	12.284377
1164	12.704920
1165	12.555673
1166	13.386731
1167	13.631589
1168	12.326823
1169	11.692585
1170	12.764598
1171	13.047199
1172	12.768226
1173	12.464556
1174	13.061853
1175	12.307214
1176	13.623984
1177	12.675590
1178	12.392529
1179	12.506471
1180	12.792563
1181	14.152976
1182	12.232392
1183	12.470263
1184	13.612041
1185	13.306329
1186	12.975873
1187	14.634843
1188	14.459915
1189	14.420451
1190	12.177296
1191	12.242748
1192	13.952840
1193	13.672457
1194	13.224043
1195	13.686154
1196	12.756571
1197	12.496489
1198	12.070017
1199	13.833037
1200	13.394329
1201	12.760087
1202	12.930794
1203	12.802863
1204	13.401629
1205	13.516699
1206	13.641866
1207	12.752949
1208	14.297459
1209	14.320663
1210	12.435072
1211	12.012352
1212	13.238208
1213	13.630308
1214	13.277820
1215	12.836736
1216	14.348826
1217	14.567296
1218	12.613392
1219	12.776080
1220	12.892658
1221	12.107723
1222	14.106446
1223	12.223625
1224	12.588601
1225	12.770863
1226	12.561732
1227	13.064512
1228	13.193376
1229	12.215622
1230	14.772837
1231	13.455414
1232	13.284357
1233	13.188775
1234	13.508080
1235	12.707137
1236	13.318626
1237	13.920424
1238	13.300711
1239	12.945754
1240	13.619716
1241	12.271779
1242	12.398842
1243	12.418085
1244	14.361345
1245	13.991494
1246	12.303969
1247	13.578413
1248	12.549975
1249	13.564145
1250	13.089488
1251	13.262236
1252	13.279139
1253	13.186010
1254	13.115313
1255	14.120461
1256	13.169061
1257	13.026503
1258	12.320852
1259	13.457630
1260	13.176451
1261	12.611776
1262	12.544155
1263	12.483729
1264	14.317558
1265	13.609263
1266	13.984701
1267	13.039686
1268	13.640710
1269	13.347604
1270	13.269040
1271	14.864897
1272	14.095853
1273	14.354491
1274	13.870058
1275	13.740384
1276	14.135493
1277	14.008631
1278	12.740242
1279	13.708322
1280	13.824723
1281	14.845479
1282	14.006743
1283	13.270559
1284	13.138116
1285	14.026860
1286	14.759695
1287	14.829409
1288	12.506962
1289	12.023002
1290	13.788332
1291	12.355865
1292	14.035562
1293	12.571034
1294	13.223015
1295	12.388241
1296	13.191123
1297	13.368374
1298	12.680763
1299	14.217636
1300	13.391006
1301	13.162858
1302	12.950570
1303	12.900673
1304	13.296832
1305	14.200004
1306	12.898088
1307	13.251348
1308	13.461465
1309	13.163664
1310	12.624743
1311	12.911271
1312	13.251191
1313	13.407787
1314	12.472279
1315	11.821376
1316	13.758519
1317	12.208124
1318	13.748998
1319	13.245411
1320	13.967253
1321	13.932160
1322	13.552243
1323	13.343662
1324	12.872968
1325	13.203460
1326	13.509744
1327	13.203341
1328	12.927513
1329	13.335516
1330	13.492840
1331	12.988591
1332	13.461471
1333	14.688645
1334	16.201298
1335	13.896490
1336	13.980018
1337	14.317433
1338	13.561885
1339	14.525169
1340	13.048933
1341	13.971303
1342	11.075893
1343	13.873896
1344	12.789713
1345	12.092466
1346	12.661645
1347	14.611130
1348	14.115274
1349	13.682902
1350	13.609958
1351	14.231251
1352	13.730824
1353	13.859340
1354	14.129674
1355	14.558538
1356	15.171562
1357	14.953609
1358	15.569992
1359	14.580185
1360	13.514723
1361	15.065767
1362	14.722727
1363	15.099335
1364	14.699664
1365	14.907536
1366	14.970239
1367	16.154562
1368	15.159118
1369	15.219685
1370	13.964108
1371	13.941094
1372	14.372743
1373	13.970329
1374	14.446403
1375	15.507123
1376	15.688571
1377	13.807556
1378	13.135362
1379	13.178612
1380	15.712961
1381	13.927792
1382	14.293102
1383	13.595421
1384	13.828298
1385	14.752526
1386	15.000911
1387	14.329915
1388	14.315567
1389	13.542995
1390	12.500296
1391	13.894320
1392	14.068320
1393	11.693726
1394	12.507575
1395	13.939960
1396	13.147734
1397	12.908948
1398	13.468772
1399	13.176407
1400	13.650957
1401	12.785644
1402	14.214592
1403	12.988800
1404	12.952543
1405	12.189360
1406	13.207734
1407	13.886173
1408	14.432448
1409	14.388866
1410	14.219090
1411	13.411366
1412	13.249768
1413	13.405389
1414	13.683671
1415	13.165767
1416	14.256461
1417	13.994813
1418	13.521529
1419	13.440245
1420	13.583196
1421	13.379343
1422	12.560628
1423	13.319718
1424	13.526763
1425	13.531628
1426	13.490973
1427	13.022732
1428	14.574073
1429	13.335298
1430	12.471902
1431	12.215985
1432	12.833594
1433	13.689492
1434	13.677461
1435	14.637604
1436	13.703793
1437	12.816887
1438	12.594954
1439	14.108750
1440	13.635911
1441	13.375102
1442	14.123476
1443	13.178937
1444	13.190240
1445	14.583749
1446	14.855920
1447	12.436885
1448	15.196145
1449	13.554002
1450	13.092207
1451	12.173413
1452	14.423249
1453	12.672874
1454	13.759730
1455	14.291341
1456	14.488552
1457	14.174754
1458	14.078103
1459	13.708112
1460	13.028574
1461	12.937394
1462	12.421279
1463	12.931590
1464	12.425034
1465	13.573837
1466	12.393283
1467	13.000466
1468	12.448495
1469	12.369296
1470	14.137023
1471	12.301208
1472	13.806365
1473	11.678016
1474	12.233500
1475	12.820349
1476	13.530655
1477	12.601055
1478	13.622534
1479	13.365520
1480	13.106496
1481	12.695586
1482	13.281374
1483	13.642237
1484	13.202677
1485	12.262664
1486	13.339783
1487	12.896900
1488	12.259934
1489	14.118037
1490	10.720243
1491	13.275933
1492	13.422561
1493	12.322283
1494	12.216043
1495	12.172647
1496	15.138605
1497	12.965529
1498	13.045057
1499	13.026872
1500	11.184520
1501	13.287474
1502	11.703583
1503	11.585491
1504	13.569589
1505	10.863121
1506	12.644701
1507	14.041346
1508	14.663943
1509	12.199515
1510	10.481668
1511	14.417020
1512	11.472556
1513	13.701536
1514	13.937723
1515	12.721279
1516	13.409313
1517	14.496184
1518	13.626405
1519	12.344608
1520	14.318173
1521	13.854411
1522	13.208162
1523	13.210739
1524	14.193946
1525	12.346505
1526	13.523206
1527	12.977385
1528	12.064746
1529	13.480576
1530	11.381133
1531	13.357149
1532	13.429074
1533	12.619689
1534	12.074006
1535	14.541352
1536	12.403311
1537	11.117270
1538	12.809989
1539	14.191917
1540	12.347980
1541	11.665455
1542	12.486879
1543	13.996655
1544	12.373701
1545	12.325984
1546	13.031331
1547	13.409029
1548	13.620349
1549	12.594659
1550	13.582742
1551	14.295056
1552	12.529203
1553	11.705486
1554	12.869364
1555	13.109975
1556	11.705683
1557	11.950184
1558	13.344503
1559	12.485216
1560	12.910682
1561	13.417311
1562	12.065987
1563	12.430804
1564	10.345724
1565	12.014944
1566	13.195457
1567	13.801233
1568	12.382586
1569	12.607874
1570	11.673019
1571	11.994537
1572	12.479118
1573	11.924867
1574	11.706019
1575	12.267931
1576	12.095457
1577	11.339279
1578	12.443805
1579	12.284572
1580	12.018344
1581	12.020082
1582	13.698739
1583	13.056682
1584	12.596814
1585	12.040336
1586	13.214571
1587	11.961578
1588	10.820097
1589	12.612856
1590	11.764900
1591	11.236860
1592	11.195720
1593	12.040170
1594	11.100278
1595	11.965006
1596	12.542966
1597	12.521222
1598	11.423294
1599	12.273345
1600	12.975662
1601	11.591523
1602	11.986402
1603	12.918719
1604	11.734585
1605	12.807004
1606	12.822904
1607	11.985661
1608	12.982490
1609	11.978340
1610	13.566699
1611	12.385662
1612	12.848519
1613	11.790477
1614	11.702384
1615	11.748387
1616	11.879435
1617	12.274417
1618	12.865190
1619	12.757183
1620	12.339993
1621	11.644080
1622	11.814425
1623	12.017022
1624	12.222093
1625	12.078949
1626	12.286739
1627	11.237671
1628	12.572595
1629	12.623905
1630	12.743451
1631	13.466223
1632	12.072450
1633	12.551609
1634	13.433173
1635	12.875445
1636	11.303915
1637	11.780519
1638	11.842439
1639	11.860338
1640	12.845623
1641	13.353027
1642	11.716237
1643	11.326774
1644	11.386632
1645	13.375329
1646	11.630681
1647	12.129073
1648	11.853096
1649	13.338374
1650	12.418212
1651	12.356492
1652	10.536758
1653	11.775013
1654	11.689630
1655	11.928508
1656	11.603613
1657	11.646768
1658	13.062716
1659	11.690531
1660	9.596302
1661	9.543028
1662	11.969174
1663	9.486399
1664	10.757775
1665	9.875722
1666	10.507036
1667	11.011568
1668	10.485914
1669	9.858851
1670	10.599442
1671	11.056587
1672	10.578553
1673	10.051598
1674	11.022318
1675	9.381606
1676	10.482265
1677	11.181676
1678	11.697564
1679	10.435682
1680	11.580750
1681	11.759283
1682	12.576907
1683	13.452878
1684	11.139719
1685	12.695942
1686	11.785286
1687	10.545794
1688	11.137375
1689	11.594884
1690	11.211813
1691	12.544502
1692	14.125711
1693	13.951271
1694	13.818686
1695	13.973223
1696	13.207469
1697	11.885028
1698	11.671311
1699	12.662207
1700	12.873466
1701	13.304923
1702	11.934180
1703	11.473705
1704	11.536493
1705	12.786379
1706	13.789088
1707	11.892645
1708	13.901851
1709	12.126736
1710	12.611052
1711	13.503074
1712	12.774953
1713	11.596682
1714	11.694897
1715	13.109614
1716	11.809289
1717	12.066448
1718	11.102764
1719	11.518409
1720	11.107814
1721	11.901936
1722	10.699448
1723	11.862367
1724	11.660657
1725	12.513152
1726	11.876575
1727	12.808311
1728	11.924041
1729	11.831044
1730	12.820147
1731	12.677307
1732	11.491544
1733	12.769863
1734	11.163239
1735	11.211504
1736	11.398166
1737	10.957898
1738	11.056703
1739	13.197658
1740	11.863873
1741	10.651948
1742	10.964619
1743	10.960926
1744	11.479678
1745	11.569919
1746	10.992740
1747	11.058593
1748	10.831886
1749	11.071250
1750	12.994233
1751	11.359163
1752	10.951278
1753	11.459470
1754	11.989770
1755	10.736504
1756	12.205466
1757	12.460727
1758	12.223688
1759	11.968797
1760	12.442451
1761	11.696652
1762	11.877988
1763	12.382668
1764	11.851514
1765	12.358019
1766	12.719694
1767	12.705174
1768	12.115862
1769	11.794971
1770	11.888858
1771	11.699718
1772	11.585243
1773	12.553227
1774	11.943726
1775	13.182030
1776	11.736108
1777	11.342901
1778	12.196893
1779	11.415261
1780	11.393091
1781	11.992154
1782	12.309188
1783	11.723768
1784	12.405627
1785	11.530924
1786	11.740635
1787	11.158329
1788	11.130558
1789	11.786874
1790	12.321794
1791	12.644197
1792	11.179900
1793	11.602656
1794	11.392586
1795	12.550390
1796	11.226292
1797	11.830661
1798	13.056865
1799	12.825870
1800	13.693463
1801	11.177685
1802	11.266892
1803	11.370564
1804	12.557940
1805	13.198524
1806	12.916245
1807	14.016460
1808	12.207529
1809	12.047314
1810	13.827090
1811	12.216468
1812	11.362645
1813	14.188242
1814	12.957745
1815	13.351043
1816	12.390631
1817	10.625218
1818	13.222751
1819	12.234579
1820	12.068353
1821	11.809610
1822	13.772041
1823	13.001122
1824	10.829385
1825	13.642306
1826	13.479882
1827	12.386403
1828	13.411254
1829	12.574932
1830	13.341638
1831	11.977588
1832	12.245363
1833	12.927507
1834	12.899209
1835	13.500908
1836	11.549701
1837	13.595049
1838	14.172809
1839	12.247992
1840	13.945888
1841	13.631176
1842	14.077733
1843	12.161272
1844	10.584686
1845	11.840308
1846	13.941215
1847	12.547290
1848	12.596913
1849	13.225165
1850	12.023565
1851	13.774707
1852	12.531744
1853	11.723289
1854	12.232359
1855	11.414248
1856	12.895168
1857	10.843493
1858	12.805101
1859	11.937073
1860	12.192367
1861	14.705342
1862	12.113348
1863	14.013689
1864	16.286739
1865	12.060730
1866	11.301395
1867	13.524396
1868	13.913461
1869	13.094423
1870	13.400476
1871	12.337600
