0	3.194541
1	4.353699
2	4.668756
3	4.343766
4	5.260276
5	4.374197
6	3.812951
7	4.219741
8	5.841445
9	5.879633
10	5.368706
11	4.593483
12	4.461850
13	4.103475
14	4.729545
15	3.646203
16	4.231241
17	4.359657
18	4.563944
19	4.357109
20	3.981370
21	5.461988
22	3.757778
23	3.814406
24	4.744217
25	3.837186
26	5.040486
27	4.027281
28	3.992230
29	4.015944
30	4.294564
31	4.158967
32	4.081189
33	4.057314
34	3.533919
35	4.222533
36	3.760969
37	3.358215
38	4.030013
39	4.391081
40	4.214605
41	4.277735
42	4.963648
43	4.460818
44	4.185449
45	3.866548
46	3.188181
47	3.772586
48	4.278094
49	4.114231
50	4.045084
51	4.846083
52	4.426522
53	3.870476
54	5.356809
55	3.934171
56	4.003114
57	5.056966
58	3.997613
59	5.234358
60	3.614427
61	4.011759
62	3.908568
63	4.791010
64	3.706573
65	3.847406
66	4.009988
67	4.031054
68	4.181315
69	4.961942
70	3.901664
71	3.708560
72	3.980951
73	4.724786
74	4.277491
75	2.813771
76	5.188968
77	4.064996
78	4.528544
79	3.755343
80	4.524091
81	4.510200
82	5.986469
83	5.021564
84	5.156530
85	4.594411
86	5.687495
87	4.902379
88	4.294776
89	3.767042
90	3.725721
91	2.786146
92	4.382078
93	4.936811
94	3.975147
95	3.884892
96	3.797510
97	5.052464
98	3.479511
99	4.335541
100	5.492586
101	4.116625
102	2.256325
103	5.395211
104	5.669578
105	4.792015
106	6.877283
107	4.883050
108	5.098610
109	3.996835
110	3.737768
111	5.188961
112	5.302557
113	4.556061
114	4.324776
115	3.858536
116	4.066103
117	4.393655
118	4.729756
119	4.691843
120	3.908786
121	3.830169
122	3.997437
123	4.429750
124	4.014611
125	4.203533
126	4.205486
127	4.553000
128	5.583806
129	4.984344
130	3.443313
131	3.886362
132	4.826800
133	4.452337
134	4.563069
135	4.849423
136	3.874506
137	4.536408
138	4.757868
139	5.102597
140	4.811664
141	3.996824
142	5.403305
143	5.208128
144	5.302170
145	5.539278
146	4.841270
147	4.449057
148	4.859414
149	6.853627
150	6.583540
151	6.959059
152	5.518360
153	7.670208
154	5.935343
155	8.132133
156	5.077687
157	6.626167
158	4.808429
159	5.516829
160	5.665051
161	5.047138
162	3.730683
163	4.131186
164	3.941205
165	3.827518
166	3.707950
167	4.517279
168	6.033722
169	4.777038
170	3.061471
171	4.392323
172	4.021851
173	4.959012
174	5.015228
175	3.776853
176	5.049326
177	5.335221
178	5.019352
179	6.809801
180	5.730673
181	5.169556
182	4.035666
183	4.754083
184	4.196165
185	5.350991
186	4.796310
187	4.543534
188	4.276927
189	4.620314
190	4.463878
191	5.463371
192	5.188632
193	5.169111
194	4.662960
195	5.096557
196	4.634503
197	4.494730
198	6.194279
199	4.357260
200	6.191492
201	5.555331
202	5.492448
203	6.056063
204	5.601055
205	6.053281
206	7.304862
207	5.112825
208	6.465796
209	4.948595
210	4.519412
211	5.014721
212	4.704775
213	4.113855
214	5.329138
215	5.143627
216	5.585239
217	4.443343
218	3.887286
219	5.606328
220	4.562434
221	4.908035
222	5.234024
223	4.299430
224	4.418551
225	5.438408
226	5.972175
227	5.843365
228	3.370741
229	4.996169
230	4.090046
231	6.703679
232	5.562357
233	5.133527
234	4.192875
235	3.486058
236	4.567988
237	4.450046
238	5.541552
239	4.942318
240	5.007623
241	5.468656
242	5.545518
243	5.813684
244	4.806933
245	5.644306
246	5.154850
247	4.842738
248	3.997798
249	4.672271
250	4.065597
251	5.294698
252	4.750896
253	4.100780
254	4.970130
255	4.806612
256	5.178929
257	4.834637
258	5.210267
259	5.303818
260	4.260516
261	5.274951
262	4.985629
263	4.852328
264	5.241107
265	5.483066
266	6.035636
267	6.474945
268	5.091347
269	5.109097
270	6.391722
271	6.529152
272	5.068539
273	6.245997
274	6.097721
275	4.708651
276	5.490155
277	5.277961
278	4.765678
279	5.172583
280	5.153823
281	6.898847
282	5.701666
283	5.883063
284	6.295993
285	7.203409
286	6.040513
287	5.069774
288	4.964484
289	5.309285
290	6.073292
291	6.980410
292	4.897214
293	4.818403
294	6.144241
295	6.249290
296	6.285715
297	4.783313
298	5.383932
299	4.757373
300	6.348213
301	4.696914
302	5.868588
303	4.422678
304	6.132282
305	5.725321
306	3.908272
307	6.029246
308	4.590394
309	5.622010
310	5.775414
311	7.242333
312	5.589791
313	5.077990
314	5.593729
315	6.920613
316	7.021232
317	4.176172
318	5.640082
319	5.290775
320	4.588793
321	5.386373
322	5.639583
323	5.281950
324	5.095495
325	4.330383
326	5.912090
327	6.083294
328	6.243094
329	6.290224
330	4.820406
331	5.090961
332	3.976798
333	4.649128
334	4.967202
335	5.524235
336	5.694302
337	4.988046
338	5.608593
339	5.540633
340	5.871440
341	5.092953
342	5.145620
343	6.214668
344	4.861009
345	6.144794
346	5.662051
347	4.560646
348	4.306865
349	4.389462
350	5.138725
351	4.936276
352	5.669020
353	5.764426
354	5.544555
355	6.056250
356	5.504444
357	5.877593
358	5.746355
359	5.095813
360	6.234460
361	5.723443
362	5.834791
363	4.840041
364	4.670010
365	5.484687
366	5.577758
367	5.499610
368	6.053774
369	6.760394
370	5.713642
371	5.499465
372	4.890093
373	5.304649
374	5.630779
375	5.719100
376	6.628222
377	5.331072
378	5.247141
379	5.527555
380	4.361570
381	4.340550
382	5.178705
383	6.008221
384	6.653825
385	5.038413
386	5.743628
387	6.069227
388	6.686546
389	6.172860
390	5.393682
391	5.159126
392	4.843974
393	5.591789
394	5.330899
395	6.603227
396	4.900257
397	4.858128
398	6.926218
399	5.382137
400	5.092083
401	4.682991
402	6.086330
403	5.668414
404	5.900805
405	6.148169
406	6.427668
407	4.841261
408	4.656210
409	5.868637
410	5.491237
411	5.774782
412	5.558895
413	5.177047
414	5.172523
415	5.508702
416	4.161166
417	5.267343
418	4.907972
419	5.767989
420	5.208107
421	5.739941
422	5.485426
423	5.950983
424	6.167609
425	6.210879
426	5.264809
427	5.993037
428	4.189295
429	6.276025
430	4.803687
431	6.698193
432	5.984337
433	4.164997
434	6.444757
435	5.760355
436	5.512540
437	5.142354
438	6.311980
439	5.597794
440	4.849268
441	6.086779
442	5.288498
443	5.431519
444	5.209204
445	4.620974
446	4.850092
447	5.440983
448	6.039899
449	5.906895
450	5.250494
451	5.175721
452	6.601743
453	5.011038
454	4.926023
455	6.436683
456	6.031568
457	5.520968
458	6.200791
459	6.302451
460	5.935099
461	5.833772
462	5.998182
463	5.662516
464	4.941802
465	5.053137
466	6.895049
467	5.696358
468	5.664963
469	6.511351
470	5.848898
471	6.119377
472	5.251533
473	6.899798
474	6.605415
475	7.391244
476	5.061494
477	6.377225
478	6.106232
479	5.774407
480	6.174862
481	6.252119
482	6.201661
483	7.006539
484	6.889950
485	5.821631
486	4.417171
487	5.249714
488	4.959535
489	5.477306
490	7.158506
491	6.225840
492	6.117278
493	6.179361
494	5.578789
495	6.280040
496	6.451806
497	5.692541
498	7.113064
499	6.818132
500	5.657032
501	4.462599
502	4.470021
503	5.295338
504	4.791077
505	5.184322
506	5.271281
507	5.590384
508	4.845243
509	5.137014
510	5.182799
511	4.046727
512	5.337359
513	5.889254
514	5.306271
515	5.520381
516	4.620189
517	5.902905
518	5.042439
519	4.793368
520	5.279583
521	5.136351
522	5.754429
523	5.161593
524	4.716532
525	5.212573
526	7.170363
527	5.007843
528	5.186609
529	6.911359
530	4.630095
531	5.110031
532	4.050519
533	4.451079
534	4.987996
535	5.694285
536	5.096539
537	5.692046
538	4.829006
539	5.630277
540	5.057951
541	5.556672
542	5.176338
543	4.561810
544	4.518560
545	5.932865
546	5.398296
547	5.366649
548	5.488880
549	5.278380
550	5.388357
551	5.482864
552	5.398019
553	5.463490
554	5.708827
555	7.104330
556	7.549478
557	5.231308
558	5.339073
559	5.430985
560	5.461813
561	5.057906
562	5.496417
563	5.223006
564	5.572620
565	4.480948
566	4.691899
567	5.850427
568	5.440266
569	6.026856
570	5.512577
571	7.515837
572	6.492688
573	5.218555
574	6.931233
575	5.066884
576	5.141391
577	7.074858
578	6.072897
579	5.287496
580	4.424691
581	5.542545
582	5.104998
583	5.645821
584	5.640950
585	6.220659
586	6.361777
587	6.531570
588	6.057180
589	5.413244
590	6.851080
591	6.692600
592	4.611182
593	6.749327
594	6.294195
595	6.284338
596	4.827608
597	6.000815
598	5.595382
599	5.913079
600	4.982228
601	6.080246
602	5.650646
603	5.114773
604	5.558013
605	5.204324
606	5.560025
607	6.030897
608	6.851834
609	6.102957
610	5.010170
611	4.442994
612	5.369117
613	4.753589
614	6.291791
615	6.974529
616	5.500273
617	4.921808
618	6.505756
619	5.111328
620	5.912455
621	6.586453
622	4.800012
623	6.962710
624	7.668335
625	5.741117
626	5.589974
627	5.938249
628	4.952868
629	6.554663
630	6.866919
631	5.557067
632	7.397641
633	5.515452
634	6.441893
635	6.275844
636	6.472911
637	7.279767
638	7.493337
639	6.006414
640	5.037348
641	5.059654
642	6.615202
643	7.344971
644	6.770325
645	5.838295
646	7.401715
647	6.103213
648	6.459056
649	4.461401
650	6.001475
651	6.065468
652	5.369124
653	5.495862
654	6.336252
655	5.502663
656	5.365389
657	5.441067
658	4.491113
659	6.524763
660	4.712741
661	5.598150
662	5.699975
663	5.837756
664	5.338258
665	5.593399
666	6.501901
667	4.770786
668	6.026857
669	6.925990
670	5.932789
671	7.366045
672	4.581810
673	5.735323
674	6.373587
675	5.674998
676	5.617589
677	4.625688
678	5.128248
679	5.009041
680	5.513166
681	5.223966
682	4.659041
683	5.263564
684	4.498098
685	5.442326
686	4.799094
687	5.512947
688	5.359040
689	5.534935
690	4.502199
691	5.376477
692	7.648089
693	5.467414
694	6.069223
695	6.694907
696	6.735854
697	7.148895
698	6.826231
699	6.717920
700	6.222057
701	6.377468
702	5.091359
703	6.955992
704	7.014058
705	6.855400
706	6.859811
707	6.606451
708	6.611217
709	5.358340
710	5.859366
711	4.888274
712	7.149279
713	5.912739
714	4.913676
715	7.339329
716	5.645004
717	5.434301
718	5.950603
719	6.276186
720	6.337420
721	5.737715
722	5.913263
723	6.247004
724	5.704541
725	5.433318
726	6.041991
727	5.706487
728	5.288531
729	4.930539
730	6.117109
731	6.267109
732	5.662162
733	5.414521
734	5.364877
735	5.535924
736	6.926615
737	5.701209
738	5.261131
739	5.818827
740	5.858313
741	6.783658
742	5.977727
743	6.511390
744	4.789854
745	5.188989
746	4.813170
747	5.192157
748	4.693704
749	5.799628
750	5.263714
751	5.428525
752	5.414371
753	5.690748
754	5.774514
755	5.232591
756	5.300093
757	6.277578
758	5.193544
759	5.191434
760	6.309818
761	4.761773
762	5.110243
763	5.103519
764	5.124413
765	5.268653
766	5.079035
767	7.384538
768	6.078569
769	4.186573
770	5.274447
771	5.261236
772	5.661501
773	5.207428
774	4.844357
775	5.127222
776	5.833026
777	3.057501
778	4.610998
779	5.577320
780	5.713969
781	6.486258
782	3.737272
783	5.856949
784	4.974786
785	5.724921
786	5.214413
787	5.228156
788	5.877261
789	5.268595
790	6.359944
791	5.172476
792	5.358926
793	5.473546
794	6.383454
795	5.340439
796	5.410536
797	4.304811
798	5.208396
799	5.337650
800	5.877015
801	5.249658
802	4.988868
803	5.644325
804	3.817918
805	5.687425
806	6.014625
807	7.276442
808	6.575492
809	5.297479
810	4.985780
811	5.095191
812	5.306431
813	6.284975
814	5.415654
815	5.140944
816	3.938545
817	4.737699
818	6.446772
819	6.549878
820	5.577408
821	5.866933
822	5.587721
823	7.701954
824	5.816624
825	5.538905
826	5.751921
827	6.245070
828	5.559550
829	5.601866
830	5.642817
831	6.941391
832	6.389320
833	4.970777
834	5.491394
835	5.640471
836	6.669468
837	6.515375
838	5.418348
839	5.994115
840	6.307213
841	4.881845
842	6.030538
843	4.926964
844	5.930694
845	5.971508
846	5.930619
847	5.244043
848	5.695287
849	5.789827
850	5.622891
851	5.084644
852	6.574442
853	4.893027
854	6.184270
855	6.097744
856	5.549964
857	6.333032
858	5.341788
859	5.624189
860	6.072643
861	5.532323
862	4.917571
863	4.912575
864	4.759928
865	5.076375
866	5.148360
867	4.780522
868	4.028723
869	5.811410
870	5.777379
871	6.948671
872	6.554029
873	4.966122
874	6.007169
875	6.349193
876	6.869023
877	6.485838
878	5.578073
879	5.678406
880	5.534491
881	5.495689
882	5.137635
883	5.891765
884	5.724972
885	6.044047
886	6.272812
887	5.299403
888	4.355829
889	7.025285
890	6.457494
891	5.855641
892	6.554355
893	6.308319
894	5.533923
895	5.058467
896	5.666340
897	4.332817
898	5.473509
899	4.564832
900	5.076357
901	4.786572
902	5.161519
903	5.642985
904	4.846121
905	7.274868
906	6.258355
907	5.012433
908	5.927910
909	6.019776
910	5.182240
911	5.670846
912	4.701574
913	5.812987
914	5.781877
915	5.931434
916	6.051495
917	5.019201
918	6.653255
919	4.566936
920	5.085686
921	6.333947
922	5.826234
923	5.923150
924	6.906966
925	5.134831
926	6.021661
927	5.495883
928	5.495170
929	4.440934
930	4.661514
931	4.968800
932	4.909279
933	4.909066
934	5.692494
935	6.511713
936	5.527043
937	5.370076
938	4.521072
939	4.589047
940	5.072702
941	5.285386
942	5.241625
943	5.319052
944	4.822676
945	6.027454
946	6.207891
947	5.407816
948	6.157536
949	5.116217
950	5.428304
951	5.890907
952	5.801215
953	5.079735
954	5.107074
955	5.634048
956	6.632511
957	5.830584
958	5.474177
959	4.744388
960	6.177592
961	5.958104
962	4.995008
963	4.902277
964	6.217524
965	5.533915
966	7.222250
967	5.879627
968	6.526830
969	5.976780
970	6.599796
971	4.511431
972	6.348680
973	4.864030
974	7.047481
975	5.202204
976	6.175996
977	5.989976
978	5.199777
979	4.389556
980	6.158037
981	6.015250
982	5.725425
983	6.675222
984	7.143432
985	4.938471
986	4.903774
987	5.285273
988	4.811766
989	4.454009
990	6.474458
991	6.229115
992	5.971743
993	6.181443
994	5.968617
995	6.389453
996	6.138814
997	6.745568
998	6.559781
999	7.022525
1000	5.808668
1001	6.492369
1002	6.080155
1003	4.767906
1004	5.476276
1005	5.652759
1006	6.309813
1007	5.118652
1008	5.475575
1009	4.864873
1010	5.450453
1011	5.653484
1012	6.363183
1013	5.912037
1014	5.817673
1015	6.007082
1016	6.484891
1017	4.757121
1018	5.465755
1019	5.115265
1020	5.112836
1021	3.952389
1022	5.295082
1023	5.686982
1024	6.060870
1025	5.660144
1026	4.744988
1027	5.747950
1028	5.314325
1029	6.099798
1030	5.346122
1031	4.997770
1032	5.717438
1033	4.746763
1034	4.568633
1035	6.730274
1036	5.142627
1037	5.400354
1038	5.738518
1039	5.748636
1040	5.461617
1041	5.112239
1042	6.234847
1043	5.100877
1044	4.984039
1045	5.059184
1046	4.537994
1047	5.363233
1048	5.666374
1049	6.107408
1050	4.861092
1051	4.978363
1052	5.691164
1053	6.581191
1054	6.962253
1055	4.893487
1056	6.513685
1057	5.169545
1058	7.041881
1059	4.705074
1060	5.614013
1061	5.534955
1062	5.014506
1063	5.195736
1064	5.094919
1065	4.938774
1066	4.926071
1067	4.802271
1068	4.771230
1069	6.002605
1070	6.363815
1071	7.023495
1072	5.133605
1073	5.142491
1074	4.857583
1075	5.476140
1076	4.874390
1077	5.693457
1078	6.776472
1079	5.501873
1080	5.856703
1081	4.934472
1082	5.337643
1083	4.585197
1084	4.616861
1085	5.048383
1086	3.740175
1087	5.844731
1088	5.105342
1089	5.038224
1090	6.396549
1091	6.833482
1092	6.331071
1093	7.219775
1094	5.937413
1095	6.723474
1096	7.261168
1097	6.137980
1098	6.375864
1099	6.434199
1100	6.624398
1101	6.967108
1102	5.196934
1103	6.995095
1104	5.294800
1105	5.370745
1106	5.635792
1107	4.720939
1108	5.879636
1109	6.051077
1110	6.821764
1111	5.640364
1112	5.542582
1113	6.079146
1114	6.829567
1115	6.161985
1116	5.861107
1117	6.087698
1118	6.957627
1119	4.855242
1120	5.417199
1121	6.643290
1122	5.747242
1123	5.562706
1124	5.853776
1125	5.738647
1126	5.660466
1127	6.874794
1128	5.097431
1129	6.289148
1130	6.020244
1131	4.707675
1132	5.832843
1133	5.396905
1134	4.906992
1135	5.843095
1136	5.471982
1137	5.333646
1138	5.118095
1139	4.787912
1140	6.053202
1141	4.583981
1142	6.303698
1143	4.966907
1144	4.637906
1145	6.020505
1146	6.397550
1147	6.886785
1148	5.330320
1149	6.588142
1150	5.477534
1151	5.108737
1152	6.514975
1153	5.453706
1154	6.702436
1155	6.572040
1156	6.156257
1157	5.710221
1158	6.700822
1159	6.292828
1160	7.121332
1161	6.406779
1162	5.866563
1163	5.238664
1164	5.657014
1165	6.479575
1166	5.588784
1167	6.769356
1168	5.909012
1169	8.355632
1170	5.023671
1171	4.393018
1172	7.186038
1173	5.871555
1174	5.664814
1175	5.332742
1176	4.337152
1177	5.348249
1178	4.885824
1179	5.280634
1180	5.083797
1181	5.922377
1182	5.533081
1183	5.929073
1184	5.013664
1185	5.064515
1186	6.435230
1187	5.188431
1188	4.982318
1189	5.722397
1190	4.709940
1191	6.390365
1192	5.020770
1193	5.529682
1194	6.298615
1195	4.507036
1196	4.868972
1197	5.200731
1198	4.745339
1199	7.855634
1200	5.853655
1201	4.301781
1202	4.780150
1203	5.782187
1204	5.578620
1205	5.485174
1206	5.369705
1207	5.783659
1208	5.727339
1209	6.433178
1210	6.344646
1211	6.485439
1212	6.519532
1213	5.609919
1214	6.292925
1215	5.651191
1216	6.626554
1217	5.640195
1218	5.699737
1219	5.463305
1220	6.421123
1221	5.257727
1222	7.099052
1223	5.187253
1224	5.485478
1225	5.733630
1226	6.008611
1227	5.568133
1228	5.527512
1229	5.578512
1230	5.650521
1231	5.511343
1232	4.920018
1233	5.966682
1234	5.967464
1235	5.584997
1236	5.634733
1237	5.932572
1238	5.762715
1239	6.085727
1240	4.860805
1241	5.721904
1242	5.046842
1243	6.305202
1244	5.309974
1245	5.209540
1246	4.409421
1247	5.076109
1248	4.918559
1249	4.856746
1250	6.059777
1251	5.154038
1252	4.907037
1253	5.659800
1254	6.251574
1255	6.447598
1256	7.278620
1257	6.297079
1258	5.544585
1259	6.099783
1260	7.155785
1261	6.106853
1262	5.402225
1263	6.014894
1264	5.630885
1265	4.064138
1266	5.707724
1267	5.693417
1268	4.757024
1269	5.115261
1270	5.715950
1271	5.126688
1272	5.597046
1273	4.694302
1274	5.927324
1275	5.673236
1276	5.592906
1277	5.775298
1278	5.223970
1279	6.182326
1280	5.194010
1281	5.694814
1282	6.583138
1283	5.892808
1284	5.416077
1285	6.553879
1286	5.642571
1287	5.717788
1288	3.628391
1289	5.529503
1290	4.704521
1291	5.339637
1292	4.442185
1293	4.814032
1294	5.175871
1295	4.999572
1296	7.234055
1297	6.848960
1298	5.022240
1299	4.174171
1300	5.214780
1301	4.073153
1302	7.000839
1303	6.035577
1304	5.878460
1305	4.201831
1306	4.997311
1307	6.276886
1308	5.406847
1309	4.872272
1310	4.667848
1311	5.965072
1312	5.936378
1313	4.592623
1314	5.514464
1315	4.161572
1316	4.824502
1317	5.643084
1318	5.251332
1319	6.216776
1320	4.898551
1321	5.591146
1322	8.361269
1323	6.233562
1324	5.678565
1325	5.165716
1326	6.223964
1327	5.720821
1328	5.076719
1329	5.613385
1330	4.247470
1331	6.614973
1332	6.186834
1333	4.874351
1334	6.137514
1335	6.085176
1336	6.636581
1337	5.606237
1338	6.452047
1339	5.294647
1340	6.257434
1341	5.280101
1342	7.140455
1343	5.583272
1344	6.185499
1345	6.225213
1346	6.672584
1347	6.814827
1348	6.245014
1349	5.470413
1350	6.728483
1351	5.931489
1352	6.282239
1353	5.576113
1354	4.337141
1355	4.813458
1356	6.943489
1357	6.276026
1358	5.020624
1359	6.873466
1360	5.815428
1361	4.921443
1362	6.048507
1363	5.365554
1364	4.576092
1365	5.827604
1366	4.637909
1367	4.723742
1368	5.990458
1369	6.666881
1370	5.434381
1371	6.639020
1372	4.790836
1373	5.533389
1374	6.031234
1375	6.167166
1376	5.459429
1377	5.497705
1378	5.921196
1379	6.258570
1380	6.496337
1381	6.714509
1382	5.216799
1383	5.583793
1384	5.305411
1385	6.231504
1386	5.069220
1387	5.791578
1388	6.641795
1389	5.784754
1390	5.143481
1391	5.108474
1392	5.623823
1393	5.638604
1394	5.210228
1395	4.833696
1396	5.508277
1397	5.632560
1398	5.182476
1399	6.625987
1400	5.339288
1401	4.719849
1402	6.868340
1403	5.671287
1404	5.673773
1405	5.538555
1406	5.486493
1407	6.125844
1408	6.311814
1409	5.362965
1410	5.729792
1411	5.246389
1412	6.428888
1413	7.348803
1414	6.470812
1415	6.097327
1416	7.331908
1417	5.891088
1418	4.627548
1419	4.911781
1420	5.083405
1421	6.478721
1422	6.021461
1423	5.724595
1424	6.610084
1425	6.275396
1426	6.037226
1427	6.911099
1428	6.067536
1429	6.112791
1430	5.579482
1431	4.965542
1432	5.909061
1433	4.567780
1434	5.700185
1435	6.837800
1436	5.532965
1437	6.709825
1438	6.406035
1439	5.759102
1440	7.280178
1441	5.198020
1442	6.018023
1443	5.939739
1444	5.595665
1445	5.467095
1446	5.282010
1447	6.369937
1448	5.375175
1449	6.216340
1450	5.695710
1451	4.108602
1452	6.742084
1453	6.067535
1454	6.683412
1455	5.359757
1456	5.656378
1457	4.891922
1458	5.323853
1459	5.890441
1460	5.861484
1461	6.035014
1462	5.555655
1463	4.893630
1464	4.597935
1465	5.467403
1466	6.310895
1467	6.100870
1468	6.660547
1469	4.936698
1470	6.882122
1471	4.613459
1472	5.960754
1473	5.195661
1474	4.954817
1475	5.718829
1476	5.502481
1477	5.765711
1478	6.218521
1479	6.250064
1480	5.766730
1481	5.066212
1482	4.466162
1483	5.802672
1484	5.249161
1485	5.241125
1486	5.317385
1487	4.361020
1488	5.358602
1489	5.567726
1490	4.671325
1491	5.584738
1492	4.168117
1493	5.175269
1494	6.717186
1495	5.167291
1496	4.936396
1497	6.014534
1498	6.003407
1499	6.599674
1500	7.025624
1501	6.069893
1502	7.375974
1503	6.060734
1504	6.367653
1505	6.098032
1506	6.322452
1507	6.971543
1508	6.432117
1509	6.715355
1510	5.031322
1511	6.538849
1512	6.497839
1513	7.177772
1514	6.832765
1515	6.742054
1516	6.666977
1517	5.790553
1518	5.500772
1519	5.426474
1520	5.802492
1521	5.649408
1522	6.252472
1523	6.714388
1524	6.110285
1525	6.113273
1526	6.647293
1527	5.750522
1528	5.750381
1529	6.635932
1530	5.108403
1531	4.755313
1532	5.041168
1533	7.337696
1534	7.558268
1535	6.040006
1536	5.569153
1537	5.981946
1538	6.333220
1539	5.033199
1540	5.448575
1541	5.324001
1542	6.238268
1543	5.865362
1544	5.032463
1545	6.274508
1546	5.648555
1547	4.602689
1548	6.156706
1549	5.378151
1550	6.648836
1551	5.318058
1552	5.326547
1553	6.693054
1554	5.237833
1555	5.287826
1556	4.786276
1557	5.297373
1558	4.269393
1559	5.908706
1560	4.906630
1561	6.253276
1562	6.510382
1563	4.981980
1564	7.200469
1565	5.685446
1566	5.886705
1567	5.215024
1568	6.036571
1569	5.966083
1570	5.193320
1571	5.487653
1572	5.316713
1573	5.693667
1574	5.129937
1575	5.192155
1576	5.878201
1577	5.886264
1578	4.436101
1579	4.969768
1580	5.783033
1581	5.074385
1582	5.956991
1583	5.394014
1584	5.190574
1585	4.775870
1586	5.682120
1587	6.169521
1588	5.270418
1589	5.955721
1590	5.339934
1591	5.050008
1592	3.826264
1593	5.285371
1594	4.805786
1595	5.310558
1596	6.209465
1597	5.325500
1598	6.479454
1599	5.241053
1600	6.016276
1601	5.574313
1602	6.948289
1603	5.615017
1604	4.257111
1605	4.960680
1606	6.456361
1607	6.264777
1608	5.614854
1609	5.199774
1610	5.407075
1611	5.148487
1612	5.831734
1613	6.733464
1614	6.408667
1615	6.658896
1616	6.179608
1617	6.092750
1618	5.199169
1619	5.420298
1620	5.030090
1621	4.997571
1622	4.865142
1623	5.623837
1624	5.337101
1625	6.714675
1626	6.715462
1627	4.933287
1628	5.402034
1629	5.542104
1630	4.616526
1631	5.602385
1632	4.793442
1633	4.966543
1634	5.225994
1635	6.564712
1636	5.339941
1637	6.728811
1638	6.674313
1639	5.792321
1640	6.624569
1641	6.983225
1642	7.170286
1643	6.820711
1644	6.261323
1645	5.845923
1646	5.282310
1647	5.487426
1648	5.360122
1649	5.725571
1650	4.511442
1651	6.198393
1652	4.607020
1653	4.701267
1654	4.459481
1655	4.997799
1656	4.813169
1657	5.709753
1658	6.296954
1659	6.220490
1660	5.411480
1661	5.701885
1662	5.226809
1663	6.046868
1664	5.777224
1665	6.565683
1666	6.989978
1667	7.390218
1668	5.874316
1669	5.117705
1670	5.160778
1671	4.966478
1672	5.161726
1673	5.625947
1674	4.993634
1675	5.284451
1676	5.862054
1677	5.807150
1678	4.571782
1679	5.764140
1680	6.360731
1681	5.115437
1682	6.444418
1683	5.866966
1684	4.446223
1685	6.567479
1686	5.586199
1687	4.617814
1688	4.883247
1689	5.805746
1690	5.311431
1691	6.018571
1692	5.750166
1693	4.837770
1694	4.260623
1695	5.444392
1696	5.525948
1697	5.006096
1698	5.522364
1699	6.706363
1700	5.816364
1701	5.145153
1702	5.679030
1703	6.769683
1704	5.698474
1705	6.664016
1706	6.204078
1707	6.295759
1708	6.738686
1709	6.970256
1710	5.117470
1711	5.851000
1712	4.941044
1713	4.574634
1714	4.667227
1715	5.840172
1716	4.960679
1717	5.531238
1718	5.327646
1719	4.326549
1720	4.693176
1721	4.145709
1722	5.352025
1723	6.965208
1724	5.874565
1725	4.971731
1726	6.309597
1727	4.906383
1728	6.561019
1729	4.963595
1730	4.605530
1731	4.766111
1732	5.340536
1733	5.630523
1734	6.041128
1735	5.620581
1736	6.518562
1737	6.493962
1738	5.156992
1739	5.724199
1740	5.182941
1741	7.207114
1742	5.102166
1743	5.420538
1744	6.027920
1745	6.279963
1746	4.551727
1747	5.061328
1748	5.776245
1749	5.166456
1750	4.827928
1751	6.020579
1752	5.524364
1753	5.575538
1754	5.587087
1755	5.983465
1756	5.435153
1757	5.567531
1758	5.618149
1759	6.783312
1760	6.050207
1761	6.411230
1762	6.459808
1763	6.027092
1764	6.539796
1765	5.467229
1766	4.856016
1767	4.113853
1768	6.315899
1769	6.660376
1770	5.278913
1771	4.972865
1772	6.299002
1773	4.908217
1774	5.737247
1775	6.433355
1776	6.875237
1777	5.662292
1778	5.103853
1779	7.111128
1780	5.775415
1781	5.436591
1782	5.376473
1783	5.014358
1784	6.468538
1785	6.349944
1786	6.358911
1787	6.185121
1788	5.314583
1789	5.653726
1790	6.364167
1791	4.721279
1792	4.540572
0	4.061194
1	4.233805
2	4.042944
3	4.357121
4	4.717681
5	4.485399
6	5.163535
7	4.730581
8	5.452825
9	6.344275
10	5.512911
11	5.610206
12	5.128997
13	5.869291
14	5.248188
15	6.371090
16	5.499136
17	5.610507
18	4.526323
19	5.925209
20	6.432901
21	6.178454
22	5.029770
23	6.869513
24	5.511824
25	6.178009
26	6.389947
27	4.175392
28	4.860309
29	4.726660
30	6.436297
31	6.015273
32	4.804934
33	6.172038
34	5.727390
35	3.831566
36	5.160029
37	5.210490
38	5.317473
39	4.881588
40	5.827178
41	4.704242
42	5.583242
43	4.463509
44	5.510044
45	5.853222
46	4.398841
47	4.260541
48	6.592677
49	4.906546
50	5.467099
51	4.972453
52	4.792599
53	5.133156
54	5.054472
55	4.709225
56	4.836124
57	5.035494
58	4.850163
59	4.869641
60	5.225331
61	6.270646
62	5.007513
63	5.022759
64	3.736643
65	3.492778
66	4.381359
67	4.204629
68	5.393458
69	4.868861
70	4.284459
71	3.720833
72	4.875499
73	4.354709
74	5.095988
75	4.425313
76	3.358407
77	3.661503
78	5.240631
79	4.863066
80	4.236804
81	4.325434
82	4.531411
83	4.825619
84	4.479062
85	5.230734
86	4.807555
87	2.667152
88	3.328020
89	4.654501
90	4.738366
91	3.725079
92	3.613100
93	3.808138
94	3.916387
95	5.178598
96	5.104479
97	4.366577
98	4.135831
99	4.911475
100	4.941802
101	4.754512
102	4.415812
103	4.114195
104	4.687229
105	5.227486
106	4.045391
107	5.449734
108	4.462710
109	4.129916
110	4.715974
111	5.109000
112	4.341394
113	4.521734
114	4.802509
115	4.641402
116	3.862239
117	3.745075
118	5.129261
119	3.755875
120	5.545469
121	4.505616
122	4.962751
123	4.232612
124	5.770530
125	5.219159
126	4.393052
127	5.400157
128	5.616353
129	3.893031
130	5.335251
131	4.961783
132	4.692601
133	3.544036
134	4.797197
135	4.025282
136	5.242320
137	4.379554
138	5.491428
139	2.970537
140	3.860336
141	4.113525
142	5.170261
143	4.632496
144	5.205471
145	5.086736
146	4.320439
147	4.936699
148	4.584679
149	5.156326
150	4.321572
151	3.367700
152	4.602012
153	4.352162
154	3.655817
155	4.447515
156	5.274901
157	4.538832
158	4.662625
159	3.833040
160	5.531231
161	5.454265
162	6.242708
163	6.615958
164	4.761229
165	4.628241
166	4.725030
167	4.526579
168	3.937230
169	4.843088
170	4.719628
171	4.447448
172	6.270901
173	4.861049
174	4.829711
175	6.659438
176	4.676174
177	4.503889
178	5.594944
179	5.471215
180	2.991154
181	5.335672
182	4.883860
183	4.632807
184	4.770934
185	5.468647
186	5.551656
187	5.395376
188	5.470585
189	5.978568
190	5.764761
191	4.030844
192	4.088555
193	4.712399
194	4.251225
195	5.580770
196	5.134636
197	4.008564
198	4.011959
199	3.643994
200	3.609486
201	4.468447
202	5.076278
203	5.582705
204	5.535574
205	5.066688
206	5.203614
207	4.844007
208	5.523706
209	4.249530
210	5.477306
211	5.796208
212	4.484685
213	4.700361
214	4.893229
215	5.529493
216	4.502055
217	4.964233
218	4.943288
219	4.581234
220	4.651644
221	4.410542
222	5.201971
223	5.682305
224	4.741316
225	5.744060
226	4.505708
227	5.744633
228	5.590430
229	5.468774
230	5.215227
231	4.366887
232	5.048613
233	5.581999
234	4.697467
235	5.777500
236	4.747399
237	4.178864
238	4.368318
239	5.176301
240	4.915170
241	4.632548
242	4.579148
243	4.757626
244	5.135114
245	5.832890
246	5.084054
247	4.940737
248	5.175645
249	4.244160
250	4.686427
251	5.202211
252	4.114972
253	5.084918
254	3.945555
255	4.846174
256	3.985448
257	5.019054
258	4.511730
259	4.545551
260	5.361325
261	4.962790
262	5.135464
263	6.366442
264	5.215880
265	6.163976
266	5.956174
267	3.892532
268	5.030249
269	3.431326
270	5.805084
271	5.399213
272	5.170850
273	6.858045
274	4.562753
275	5.675280
276	4.843583
277	5.715786
278	5.856006
279	5.838606
280	6.650453
281	5.300208
282	4.761880
283	6.792318
284	6.514861
285	4.773478
286	5.730185
287	4.723442
288	5.231472
289	4.803548
290	4.028708
291	5.667743
292	3.983943
293	5.406912
294	5.907190
295	5.800233
296	6.137899
297	5.926795
298	6.249680
299	4.778035
300	4.800144
301	5.397379
302	6.103712
303	5.068579
304	5.827230
305	5.652512
306	6.800571
307	5.647337
308	4.706772
309	4.328627
310	5.788927
311	5.725575
312	5.190962
313	5.790041
314	5.906541
315	5.398350
316	5.928000
317	4.860352
318	4.989810
319	4.090539
320	5.669258
321	5.546934
322	5.544629
323	5.970846
324	6.647727
325	5.421597
326	6.051917
327	6.889294
328	7.222981
329	8.001117
330	7.652687
331	6.392574
332	6.519227
333	6.565676
334	5.867358
335	6.125757
336	6.704037
337	5.198096
338	5.244378
339	5.528663
340	6.180856
341	5.622595
342	6.211514
343	4.562850
344	6.512364
345	6.531684
346	5.795845
347	6.208979
348	5.424196
349	5.999714
350	5.993345
351	6.339535
352	5.500472
353	6.448726
354	5.863490
355	4.256256
356	5.287438
357	6.360351
358	5.919948
359	6.737405
360	6.158092
361	5.888769
362	4.796521
363	5.215065
364	5.446070
365	4.786742
366	6.310584
367	6.865987
368	4.872708
369	5.733211
370	4.465758
371	5.857002
372	6.937046
373	6.145388
374	5.896218
375	6.974935
376	6.134573
377	5.982952
378	5.832830
379	5.420674
380	5.511015
381	6.009400
382	5.673137
383	4.526556
384	6.202533
385	6.342509
386	5.703280
387	5.696392
388	5.767616
389	6.012105
390	6.222805
391	6.095416
392	5.575634
393	6.054132
394	6.406355
395	6.465610
396	5.757517
397	6.071787
398	5.258726
399	6.566681
400	5.686246
401	5.722431
402	6.273540
403	5.109295
404	5.716107
405	5.472422
406	5.828773
407	5.573626
408	5.734745
409	5.791442
410	4.669143
411	4.269871
412	5.360699
413	4.957852
414	4.951182
415	6.610665
416	5.988731
417	7.038644
418	6.059191
419	7.054595
420	5.174505
421	4.944199
422	6.526017
423	4.939160
424	4.768029
425	6.413081
426	5.552063
427	5.448256
428	4.689178
429	6.129682
430	5.206121
431	5.223801
432	5.534519
433	5.301179
434	5.524147
435	5.082372
436	6.448341
437	5.759349
438	5.903939
439	6.629110
440	4.532307
441	4.193769
442	6.019917
443	6.435192
444	6.321464
445	5.474175
446	5.139426
447	4.528906
448	6.972467
449	7.018048
450	4.834967
451	5.026988
452	5.971515
453	6.883893
454	5.183136
455	5.762890
456	5.813105
457	5.883112
458	6.946315
459	5.841584
460	5.209126
461	4.758403
462	5.732199
463	6.239343
464	6.519824
465	5.151397
466	6.262314
467	5.410407
468	5.244092
469	4.977983
470	5.154076
471	6.630355
472	5.254417
473	4.646267
474	4.082511
475	5.770424
476	4.715167
477	5.251372
478	6.128793
479	6.209476
480	4.772284
481	5.963733
482	4.810042
483	4.108942
484	5.087171
485	4.636325
486	4.583690
487	6.913762
488	4.731607
489	6.520262
490	5.302237
491	5.565564
492	5.047078
493	5.324780
494	6.270214
495	6.202170
496	5.795506
497	6.312330
498	4.368398
499	6.124156
500	5.621743
501	5.117873
502	5.381133
503	5.592932
504	5.360270
505	4.732229
506	4.809792
507	4.632473
508	5.470082
509	6.365727
510	5.381180
511	6.348968
512	5.138056
513	5.091472
514	5.432320
515	6.289627
516	5.842654
517	5.837062
518	5.974287
519	5.828190
520	6.329124
521	5.334999
522	5.880485
523	5.561906
524	5.391376
525	6.879709
526	6.085392
527	5.443400
528	6.397861
529	5.577329
530	6.283421
531	5.444153
532	5.886850
533	5.719668
534	4.857592
535	5.609282
536	6.416307
537	5.524726
538	5.953024
539	4.775961
540	7.341990
541	4.952140
542	5.772816
543	6.102000
544	6.357492
545	4.331583
546	5.552855
547	5.639051
548	5.162451
549	4.013090
550	5.604952
551	5.610071
552	3.966988
553	6.936584
554	4.437860
555	5.149893
556	5.499628
557	6.918079
558	4.514300
559	6.202233
560	6.110982
561	5.951344
562	5.541381
563	6.238670
564	5.856262
565	6.873434
566	6.445618
567	5.568295
568	5.977065
569	5.766047
570	6.681752
571	5.093309
572	6.394473
573	4.528250
574	5.445367
575	5.124713
576	7.303075
577	7.179667
578	6.089745
579	5.649257
580	6.558025
581	5.223361
582	5.537376
583	5.710744
584	5.153610
585	5.046088
586	4.312726
587	5.902163
588	4.244750
589	5.213003
590	4.357075
591	5.401639
592	4.544837
593	5.222643
594	6.087101
595	6.631527
596	5.166312
597	4.437790
598	5.727643
599	6.741336
600	6.017578
601	6.728942
602	5.726838
603	4.308004
604	5.181167
605	5.647486
606	7.056869
607	5.258755
608	5.025826
609	4.973148
610	5.198548
611	6.130717
612	5.812589
613	5.009691
614	4.581756
615	5.372711
616	5.085768
617	4.850288
618	6.663278
619	6.175613
620	5.734850
621	5.635065
622	4.966160
623	5.939958
624	6.719530
625	4.951807
626	5.421296
627	6.596443
628	5.150708
629	6.594581
630	5.970528
631	5.928303
632	5.377964
633	6.095728
634	5.802443
635	4.347707
636	7.334126
637	5.061156
638	6.368446
639	5.659055
640	6.828661
641	6.670832
642	5.665802
643	6.245448
644	5.022937
645	5.068037
646	6.348606
647	5.685799
648	5.937525
649	6.381835
650	5.194324
651	5.540559
652	6.600046
653	5.581550
654	5.836958
655	7.132811
656	6.119771
657	4.850011
658	5.821590
659	6.580988
660	5.839607
661	6.135210
662	4.906996
663	6.127292
664	6.100828
665	6.059216
666	5.935338
667	5.673077
668	5.835844
669	6.691919
670	3.240078
671	5.061077
672	6.371922
673	4.308004
674	4.406729
675	6.599311
676	5.499328
677	6.085526
678	6.635985
679	6.820381
680	5.553315
681	6.028001
682	5.850068
683	5.884097
684	6.546946
685	5.817302
686	6.670067
687	5.305290
688	6.424204
689	5.141381
690	5.596480
691	4.953342
692	5.771006
693	5.572995
694	5.822700
695	6.620279
696	5.192119
697	6.078313
698	5.351214
699	5.097610
700	5.118088
701	6.579230
702	4.388439
703	5.970759
704	4.610662
705	5.826737
706	6.717820
707	5.291401
708	6.014727
709	5.970102
710	6.530748
711	5.881275
712	4.716927
713	5.914034
714	4.000550
715	4.536970
716	4.661685
717	6.693048
718	4.584692
719	6.845991
720	4.806433
721	6.324121
722	5.108005
723	5.439154
724	6.479329
725	6.683151
726	5.472951
727	5.341584
728	6.170089
729	6.120583
730	6.149926
731	5.016243
732	5.361995
733	6.174957
734	6.849133
735	6.198516
736	5.561159
737	5.234039
738	6.873645
739	4.859165
740	5.771283
741	5.781159
742	4.841137
743	4.825714
744	4.217432
745	5.578023
746	4.824832
747	5.939495
748	6.404256
749	5.374736
750	5.459433
751	5.732451
752	6.574808
753	6.854757
754	6.300206
755	5.256405
756	6.362617
757	6.841213
758	5.825641
759	4.775825
760	6.751873
761	6.352975
762	6.107553
763	5.821074
764	4.898868
765	5.992486
766	5.427705
767	6.735477
768	5.212763
769	5.558736
770	6.218945
771	5.154377
772	6.773300
773	4.591100
774	5.654361
775	5.494998
776	5.235513
777	4.336704
778	6.764050
779	5.732722
780	5.980111
781	5.516822
782	5.071727
783	6.253463
784	5.565061
785	4.924236
786	5.548432
787	4.989799
788	4.223103
789	4.654212
790	4.680652
791	4.244208
792	5.205468
793	4.196915
794	5.321536
795	4.890337
796	5.858217
797	4.898270
798	4.144013
799	5.148983
800	4.945109
801	6.275211
802	4.534440
803	4.557832
804	4.473186
805	4.724764
806	4.897526
807	6.178638
808	4.257641
809	6.562104
810	6.070948
811	4.943388
812	6.604922
813	4.829265
814	5.124674
815	5.641091
816	6.294910
817	5.239266
818	6.033868
819	5.749672
820	6.790074
821	4.602611
822	4.891335
823	6.605763
824	5.964690
825	5.766835
826	4.768634
827	5.595085
828	5.454814
829	5.461488
830	5.798752
831	6.552595
832	4.790261
833	5.798624
834	5.138856
835	5.346479
836	5.106640
837	5.266220
838	5.289427
839	4.817437
840	4.922814
841	5.590009
842	6.670150
843	5.250688
844	5.837297
845	6.315742
846	5.427200
847	6.558910
848	6.152959
849	5.735581
850	6.533774
851	5.807659
852	4.302487
853	5.734571
854	5.996665
855	5.971298
856	6.336564
857	6.571704
858	5.136350
859	4.516846
860	6.367088
861	5.339147
862	5.404034
863	5.829597
864	5.326012
865	5.187765
866	5.811592
867	5.450340
868	5.051861
869	5.629858
870	6.858899
871	6.126801
872	5.894896
873	4.692036
874	5.843167
875	5.323082
876	6.560350
877	7.061600
878	5.339795
879	6.452573
880	6.812833
881	4.501000
882	4.995228
883	6.305156
884	5.781514
885	5.138822
886	5.098528
887	5.426804
888	6.987195
889	5.835109
890	5.234892
891	6.448178
892	6.792246
893	5.856534
894	4.224441
895	6.294928
896	5.741942
897	5.692987
898	6.179903
899	6.499454
900	5.513574
901	4.685755
902	4.468859
903	5.514037
904	5.782820
905	5.196988
906	5.002908
907	5.987751
908	5.911565
909	5.841730
910	6.189362
911	5.720926
912	5.915835
913	5.903082
914	5.529114
915	5.215500
916	5.408595
917	6.069118
918	7.845261
919	7.150624
920	6.213254
921	8.252450
922	4.339008
923	5.627382
924	5.539079
925	6.639774
926	5.378073
927	5.219070
928	7.209813
929	5.189508
930	5.679270
931	5.393156
932	5.660398
933	3.318442
934	6.809742
935	5.454632
936	4.419774
937	4.228428
938	5.576791
939	5.547225
940	6.433103
941	5.709316
942	6.631757
943	5.395350
944	6.500593
945	5.421559
946	5.755548
947	6.744355
948	5.279905
949	6.581955
950	6.590140
951	5.624064
952	5.667548
953	4.721833
954	4.866508
955	5.701869
956	4.566957
957	5.108483
958	5.432449
959	5.833302
960	5.461775
961	4.834086
962	6.378095
963	5.825093
964	5.366011
965	6.991024
966	4.648967
967	5.085882
968	6.150862
969	7.011341
970	6.701566
971	4.957791
972	5.386147
973	6.062969
974	6.474875
975	6.029609
976	5.554036
977	5.915624
978	5.846567
979	3.702783
980	5.189006
981	6.063735
982	5.352252
983	5.791450
984	5.956294
985	6.034741
986	6.219478
987	5.716311
988	4.370914
989	5.610882
990	4.021256
991	4.081813
992	4.440113
993	4.596715
994	5.547377
995	5.029294
996	4.658947
997	4.766666
998	4.440057
999	5.308239
1000	4.547856
1001	4.536938
1002	5.049892
1003	4.580798
1004	4.983030
1005	6.849329
1006	4.355021
1007	5.327929
1008	6.004042
1009	5.078554
1010	5.987796
1011	5.815747
1012	6.377413
1013	6.105449
1014	4.462343
1015	5.500427
1016	4.769969
1017	5.997742
1018	4.595096
1019	5.992869
1020	6.029047
1021	4.874444
1022	5.425818
1023	4.563256
1024	4.963396
1025	4.662561
1026	4.310695
1027	5.298707
1028	4.881845
1029	4.739346
1030	5.693935
1031	4.414226
1032	5.245245
1033	5.630116
1034	5.266896
1035	4.695954
1036	4.312099
1037	4.816493
1038	4.298347
1039	4.735095
1040	4.523329
1041	7.123546
1042	6.510646
1043	4.918439
1044	5.534774
1045	5.880644
1046	5.252129
1047	6.582381
1048	6.444765
1049	5.334801
1050	4.804484
1051	5.467795
1052	7.569831
1053	5.436536
1054	4.954070
1055	4.259871
1056	5.717595
1057	6.323685
1058	7.614131
1059	4.633768
1060	6.329344
1061	6.066976
1062	3.548494
1063	5.324462
1064	4.650602
1065	4.316642
1066	4.288181
1067	6.015421
1068	4.743638
1069	4.371521
1070	5.826182
1071	4.868850
1072	5.112583
1073	4.327978
1074	4.709968
1075	5.475134
1076	5.345709
1077	6.025487
1078	6.137149
1079	5.328321
1080	5.845529
1081	6.141996
1082	5.440074
1083	4.859846
1084	5.662827
1085	5.009331
1086	4.177944
1087	4.565633
1088	4.877091
1089	3.990363
1090	5.624954
1091	4.185523
1092	5.036379
1093	6.814872
1094	4.328349
1095	5.434685
1096	5.203979
1097	5.771099
1098	5.111134
1099	5.796465
1100	4.990129
1101	4.927170
1102	5.184488
1103	4.459719
1104	4.517664
1105	4.691802
1106	4.532836
1107	4.534555
1108	5.880960
1109	6.159490
1110	6.225134
1111	6.298342
1112	5.492046
1113	5.398703
1114	5.427882
1115	4.440552
1116	4.223612
1117	5.998310
1118	4.180621
1119	4.771782
1120	6.536917
1121	6.453286
1122	5.053353
1123	5.370493
1124	4.626109
1125	4.723608
1126	4.287202
1127	6.213454
1128	4.690137
1129	5.213857
1130	4.460953
1131	4.294797
1132	4.636183
1133	4.697467
1134	4.411552
1135	5.350747
1136	4.206103
1137	5.872077
1138	4.839205
1139	4.176721
1140	4.501921
1141	5.936623
1142	6.248008
1143	5.244768
1144	5.771916
1145	4.381610
1146	3.753078
1147	5.672302
1148	5.502701
1149	4.942731
1150	4.985037
1151	5.878235
1152	4.776662
1153	3.943271
1154	5.535954
1155	4.444244
1156	5.233756
1157	4.555404
1158	4.100500
1159	4.911018
1160	4.581681
1161	4.792359
1162	3.733498
1163	5.498819
1164	3.974998
1165	4.871858
1166	4.574167
1167	4.660182
1168	5.545828
1169	4.175897
1170	5.209270
1171	3.745465
1172	4.101330
1173	6.034392
1174	5.776816
1175	4.739842
1176	5.601768
1177	3.803539
1178	5.463423
1179	4.043834
1180	5.658657
1181	5.397603
1182	4.915944
1183	4.458934
1184	4.085206
1185	5.242109
1186	5.220450
1187	4.606908
1188	4.627775
1189	3.809356
1190	4.768416
1191	5.447256
1192	4.823962
1193	5.051466
1194	4.874217
1195	6.038917
1196	5.245674
1197	5.249953
1198	4.621699
1199	4.740337
1200	4.449876
1201	4.950364
1202	4.798177
1203	5.207773
1204	4.931633
1205	4.496588
1206	5.038550
1207	4.878951
1208	5.250391
1209	4.735916
1210	4.642047
1211	6.900630
1212	5.322283
1213	5.547855
1214	5.070078
1215	3.771405
1216	6.109091
1217	5.117431
1218	3.609460
1219	5.894311
1220	3.613046
1221	4.417567
1222	4.997089
1223	2.876821
1224	3.939924
1225	3.968791
1226	4.142523
1227	6.057549
1228	5.700841
1229	6.692758
1230	3.875822
1231	5.815041
1232	5.040793
1233	3.888817
1234	4.719799
1235	5.923158
1236	5.204853
1237	5.770598
1238	4.052098
1239	5.203634
1240	5.047781
1241	4.703648
1242	4.633843
1243	4.352045
1244	4.622413
1245	3.518323
1246	3.894458
1247	4.380965
1248	4.449013
1249	5.492586
1250	3.826717
1251	4.675425
1252	3.923851
1253	5.078399
1254	4.051110
1255	5.246338
1256	3.142833
1257	3.724634
1258	4.291438
1259	4.589652
1260	4.004922
1261	3.798749
1262	4.464594
1263	5.339888
1264	3.778214
1265	3.568487
1266	3.765754
1267	3.993357
1268	3.758325
1269	3.919362
1270	3.541200
1271	4.235233
1272	4.153228
1273	6.718073
1274	4.131464
1275	4.938461
1276	4.962076
1277	5.899398
1278	4.646654
1279	4.287808
1280	3.932912
1281	4.044032
1282	4.279111
1283	5.332645
1284	5.474038
1285	4.011596
1286	5.052623
1287	4.727462
1288	4.374254
1289	4.594790
1290	4.041806
1291	4.300535
1292	3.942537
1293	4.222463
1294	4.323390
1295	4.246105
1296	4.230756
1297	4.110705
1298	3.918380
1299	4.793746
1300	6.138648
1301	4.537510
1302	4.194413
1303	5.249428
1304	4.766697
1305	4.206495
1306	3.538841
1307	4.806090
1308	2.407571
1309	1.972765
1310	4.319942
1311	3.432899
1312	4.213241
1313	3.732586
1314	3.674630
1315	3.273454
1316	3.197968
1317	4.022113
1318	3.238688
1319	3.970605
1320	4.093141
1321	4.473399
1322	4.620920
1323	3.806323
1324	2.562596
1325	3.156596
1326	4.320521
1327	2.968181
1328	4.666412
1329	3.828864
1330	4.261314
1331	3.996024
1332	4.087799
1333	4.605660
1334	4.080061
1335	4.657187
1336	4.669743
1337	3.720672
1338	3.797012
1339	3.695971
1340	3.505796
1341	4.017798
1342	3.920778
1343	4.278049
1344	3.603152
1345	3.326650
1346	3.862875
1347	3.876764
1348	3.568837
1349	5.033846
1350	5.075123
1351	4.111082
1352	4.828789
1353	5.643873
1354	5.057796
1355	4.359369
1356	4.069464
1357	1.968883
1358	3.788575
1359	3.981030
1360	4.568074
1361	3.881108
1362	3.520983
1363	3.514214
1364	3.946681
1365	3.960631
1366	4.369325
1367	3.822701
1368	3.881160
1369	4.237747
1370	5.043075
1371	4.772652
1372	5.177664
1373	4.286560
1374	3.923302
1375	3.231069
1376	4.431263
1377	3.790581
1378	4.689616
1379	4.170095
1380	4.166114
1381	4.347908
1382	4.384564
1383	4.683706
1384	4.957469
1385	3.057794
1386	4.401034
1387	4.555703
1388	3.755542
1389	3.545842
1390	4.078369
1391	4.998734
1392	4.348551
1393	4.327993
1394	3.997851
1395	4.793829
1396	4.670857
1397	4.609037
1398	3.832944
1399	4.569191
1400	4.667612
1401	4.440778
1402	4.624803
1403	4.275769
1404	4.077855
1405	3.928116
1406	3.931730
1407	4.135239
1408	4.297325
1409	3.917601
1410	4.507716
1411	4.153242
1412	4.204449
1413	4.280154
1414	4.191647
1415	3.924460
1416	4.125846
1417	4.037039
1418	3.959618
1419	3.934744
1420	4.222665
1421	4.136521
1422	3.916338
1423	3.892362
1424	3.885804
1425	4.186907
1426	4.840214
1427	4.531160
1428	3.847363
1429	3.079108
1430	4.992454
1431	4.273006
1432	4.489765
1433	4.916239
1434	4.839070
1435	4.698053
1436	4.416800
1437	5.447817
1438	4.471307
1439	5.035136
1440	3.985612
1441	5.023551
1442	5.244628
1443	5.100568
1444	5.196566
1445	4.422873
1446	5.754000
1447	5.462335
1448	4.904115
1449	3.744436
1450	2.717424
1451	3.758802
1452	2.515890
1453	2.654165
1454	5.162964
1455	4.142898
1456	4.706775
1457	4.531354
1458	5.015119
1459	4.603229
1460	4.373237
1461	4.740983
1462	2.641098
1463	3.930979
1464	5.111025
1465	3.657582
1466	1.856045
1467	4.429810
1468	4.080110
1469	4.658949
1470	4.118189
1471	3.014233
1472	4.030124
1473	3.779218
1474	3.824748
1475	4.321240
1476	4.867533
1477	4.750105
1478	4.263685
1479	4.335573
1480	4.174613
1481	4.599249
1482	3.998637
1483	4.964576
1484	4.338713
1485	4.376435
1486	5.041449
1487	4.667912
1488	3.576702
1489	4.294416
1490	6.020407
1491	4.373317
1492	5.973759
1493	5.021134
1494	4.722234
1495	4.374884
1496	3.492534
1497	7.129622
1498	5.200499
1499	5.158857
1500	5.631217
1501	3.720348
1502	4.658153
1503	7.375215
1504	4.771844
1505	4.709065
1506	4.349552
1507	4.741700
1508	3.446982
1509	3.156201
1510	3.090081
1511	6.472983
1512	5.198211
1513	6.215241
1514	3.831488
1515	4.461573
1516	4.045712
1517	4.308025
1518	5.658215
1519	3.625963
1520	4.986135
1521	3.384450
1522	3.509332
1523	4.146578
1524	3.547067
1525	5.028123
1526	3.870271
1527	4.119117
1528	4.665289
1529	4.459142
1530	3.846583
1531	5.353885
1532	1.678808
1533	4.416856
1534	4.161575
1535	3.948103
1536	4.915046
1537	1.921275
1538	4.997809
1539	4.799134
1540	1.872593
1541	4.204308
1542	4.933293
1543	4.260002
1544	4.010462
1545	3.488194
1546	2.690905
1547	5.648912
1548	4.407955
1549	4.956955
1550	4.915750
1551	6.113773
1552	4.682571
1553	5.120707
1554	4.430368
1555	5.002229
1556	4.337615
1557	4.203739
1558	4.497756
1559	4.231701
1560	3.863962
1561	4.896559
1562	4.541276
1563	4.174171
1564	4.774231
1565	5.656466
1566	3.894507
1567	2.833798
1568	3.571694
1569	4.082853
1570	4.530940
1571	2.039093
1572	2.915905
1573	5.091334
1574	4.366933
1575	4.328845
1576	3.839245
1577	4.581844
1578	5.057281
1579	4.610736
1580	4.763947
1581	4.349034
1582	4.031513
1583	4.250588
1584	4.487639
1585	4.693465
1586	3.877755
1587	4.086270
1588	4.164144
1589	5.336121
1590	1.904051
1591	5.003900
1592	4.490535
1593	4.966246
1594	4.562367
1595	5.387198
1596	1.598938
1597	5.649796
1598	5.084301
1599	4.628098
1600	5.570541
1601	3.820497
1602	5.223923
1603	4.907443
1604	5.432292
1605	5.625094
1606	4.931802
1607	5.273973
1608	4.129516
1609	4.223670
1610	5.143821
1611	5.554385
1612	5.059229
1613	5.163499
1614	4.570055
1615	4.780825
1616	4.525934
1617	3.644447
1618	3.412696
1619	3.843516
1620	4.096023
1621	4.813824
1622	4.368648
1623	4.826242
1624	4.222360
1625	4.716111
1626	5.081201
1627	2.164118
1628	3.538207
1629	4.026835
1630	5.734335
1631	2.040319
1632	3.755981
1633	3.013468
1634	3.943819
1635	4.011919
1636	3.016954
1637	4.257924
1638	4.291634
1639	3.873357
1640	5.044425
1641	4.571760
1642	4.992987
1643	5.763512
1644	5.082549
1645	4.808845
1646	4.788831
1647	5.262177
1648	3.721036
1649	4.074285
1650	5.332973
1651	3.799214
1652	3.564233
1653	4.336105
1654	4.112907
1655	4.307690
1656	5.054286
1657	3.830522
1658	5.142344
1659	3.811955
1660	4.334732
1661	4.522534
1662	4.001375
1663	4.482343
1664	4.358785
1665	3.912288
1666	5.438935
1667	3.802115
1668	2.400875
1669	4.042413
1670	4.041398
1671	3.845582
1672	3.735077
1673	2.664977
1674	5.107251
1675	4.609957
1676	4.532704
1677	3.983238
1678	3.962333
1679	3.901230
1680	4.521504
1681	4.110730
1682	3.929046
1683	4.184389
1684	4.226040
1685	4.246539
1686	3.804076
1687	3.654504
1688	4.721715
1689	2.115563
1690	4.776693
1691	4.543889
1692	4.930982
1693	4.688050
1694	5.385732
1695	4.512540
1696	4.784154
1697	4.767916
1698	4.340268
1699	4.236060
1700	4.629998
1701	4.746903
1702	5.173760
1703	4.140460
1704	3.682199
1705	4.252412
1706	4.226971
1707	3.867094
1708	4.901533
1709	3.968199
1710	3.707047
1711	4.013638
1712	3.560744
1713	4.151600
1714	6.126057
1715	5.853299
1716	4.859681
1717	4.933498
1718	4.590480
1719	5.348624
1720	4.380776
1721	4.945108
1722	4.721124
1723	5.183250
1724	4.040324
1725	5.542753
1726	5.845076
1727	4.188293
1728	4.150145
1729	4.641961
1730	3.856124
1731	4.833758
1732	4.317546
1733	3.767241
1734	4.024698
1735	4.612742
1736	4.228546
1737	5.654714
1738	4.704192
1739	4.840083
1740	4.158713
1741	4.458385
1742	5.167987
1743	3.800275
1744	4.226241
1745	4.463743
1746	4.211722
1747	4.863477
1748	4.160382
1749	5.642357
1750	5.358555
1751	4.492815
1752	4.976766
1753	5.202173
1754	5.903811
1755	5.864591
1756	3.988948
1757	5.317416
1758	4.423777
1759	3.859390
1760	5.780814
1761	5.726717
1762	5.539001
1763	5.548241
1764	4.175847
1765	5.454804
1766	5.130625
1767	4.689309
1768	4.432223
1769	3.886361
1770	4.166222
1771	5.115086
1772	5.339074
1773	4.498956
1774	4.636475
1775	4.618105
1776	4.727049
1777	6.180793
1778	3.461459
1779	5.008643
1780	4.964051
1781	5.660680
1782	4.736465
1783	4.698202
1784	4.259138
1785	2.359873
1786	4.348667
1787	5.263810
1788	5.901129
1789	4.564996
1790	5.778789
1791	5.266241
1792	4.812151
1793	4.163664
1794	5.106525
1795	4.876690
1796	4.569584
1797	3.963686
1798	4.174912
1799	4.259483
1800	3.643349
1801	3.932289
1802	5.000579
1803	5.842635
1804	4.716926
1805	4.967031
1806	4.152506
1807	4.750547
1808	5.031262
1809	4.622327
1810	4.388200
1811	4.546165
1812	4.350965
1813	4.273113
1814	5.081516
1815	5.334576
1816	5.136077
1817	4.181614
1818	3.836835
1819	4.363783
1820	4.555205
1821	4.119137
1822	4.036941
1823	5.083336
1824	5.502408
1825	3.782342
1826	5.483695
1827	4.338091
1828	4.166354
1829	5.864693
1830	3.679359
1831	4.479774
1832	4.001363
1833	5.109464
1834	4.569156
1835	4.722988
1836	4.466701
1837	4.910415
1838	4.043837
1839	4.750640
1840	5.158072
1841	4.192160
1842	5.226853
1843	4.489645
1844	4.585838
1845	4.054673
1846	4.897264
1847	3.874261
1848	4.458676
1849	5.576100
1850	3.890822
1851	4.349414
1852	4.475232
1853	5.280341
1854	4.255984
1855	4.099635
1856	4.439967
1857	4.756698
1858	4.278574
1859	4.774291
1860	4.731236
1861	5.562267
1862	4.503432
1863	4.306147
1864	4.536726
1865	3.762739
1866	4.434139
1867	4.145420
1868	5.154007
0	3.899988
1	4.384164
2	5.520082
3	4.790084
4	5.268587
5	4.868614
6	4.269546
7	4.160299
8	5.084821
9	4.111071
10	4.114438
11	5.231214
12	6.775433
13	3.692669
14	5.785403
15	5.108512
16	5.629966
17	5.987010
18	7.557044
19	7.036321
20	6.819427
21	6.006604
22	5.607620
23	6.911699
24	5.709833
25	4.740950
26	7.440841
27	6.681926
28	6.073762
29	5.523648
30	6.221647
31	7.393166
32	5.768894
33	5.766460
34	6.153154
35	6.704934
36	5.433055
37	5.119387
38	6.307645
39	5.147194
40	6.114557
41	4.920264
42	5.662693
43	4.682254
44	5.258620
45	3.862164
46	5.286597
47	4.870655
48	4.829607
49	4.621311
50	4.336278
51	6.071596
52	5.625663
53	5.576538
54	3.916605
55	4.890448
56	6.494907
57	4.233615
58	4.662885
59	4.431130
60	5.666488
61	4.479919
62	5.527369
63	5.104254
64	5.419317
65	6.047551
66	3.969306
67	5.521504
68	5.639228
69	4.256970
70	6.182518
71	4.825980
72	5.508800
73	4.533731
74	7.119910
75	5.100087
76	5.805792
77	5.658029
78	4.910837
79	5.309369
80	5.234980
81	5.900763
82	4.283153
83	5.158071
84	5.444318
85	6.141154
86	4.776451
87	4.386525
88	5.034659
89	5.754036
90	5.151562
91	4.191811
92	4.493295
93	4.207660
94	5.795455
95	6.303569
96	5.207051
97	6.270165
98	5.563352
99	7.205701
100	6.640684
101	5.556555
102	4.396523
103	7.981841
104	5.721966
105	5.060247
106	5.979190
107	5.608065
108	4.485109
109	6.192949
110	5.823250
111	5.862023
112	5.159205
113	5.474404
114	5.104753
115	6.883146
116	5.631722
117	6.681662
118	6.645818
119	6.511919
120	7.241068
121	7.743735
122	6.005221
123	7.223611
124	6.864600
125	5.414478
126	5.301422
127	7.760399
128	5.796309
129	7.638069
130	6.310822
131	7.362941
132	5.650991
133	6.598312
134	6.036036
135	5.895024
136	5.613805
137	6.691527
138	6.116358
139	5.096480
140	4.831455
141	5.543045
142	6.754717
143	6.728390
144	4.849989
145	5.891440
146	8.088734
147	6.912490
148	7.125694
149	8.038991
150	7.683026
151	4.541430
152	7.525251
153	6.962219
154	5.677934
155	6.165033
156	5.340708
157	4.885840
158	5.822460
159	3.752786
160	5.616275
161	5.053576
162	5.809965
163	4.973752
164	5.366374
165	4.075676
166	4.732337
167	3.438619
168	3.781761
169	2.730514
170	3.195700
171	4.942074
172	5.272487
173	5.470971
174	5.673222
175	3.734929
176	6.150214
177	5.685442
178	3.902828
179	4.433561
180	4.563270
181	4.585190
182	4.568869
183	4.845443
184	5.249998
185	5.123613
186	4.376534
187	4.549560
188	4.890067
189	5.560943
190	4.689704
191	4.710773
192	5.327456
193	4.643515
194	4.554127
195	4.636101
196	3.920297
197	4.486829
198	4.840454
199	4.999601
200	4.985123
201	4.557269
202	4.873959
203	4.503418
204	4.414203
205	4.981786
206	5.343116
207	4.945642
208	5.767228
209	4.695564
210	4.558889
211	5.319348
212	4.101931
213	4.719390
214	4.100888
215	5.135343
216	4.473722
217	4.571624
218	5.105426
219	5.408840
220	4.249775
221	5.744752
222	5.302835
223	4.895837
224	4.344718
225	3.947416
226	4.564126
227	4.179034
228	4.615650
229	5.646034
230	4.644178
231	5.051930
232	4.527049
233	6.422817
234	5.927573
235	4.547684
236	4.974159
237	4.982898
238	5.311671
239	4.632715
240	4.761198
241	5.526900
242	4.587477
243	3.825835
244	5.796422
245	5.511165
246	5.194333
247	4.205677
248	4.356568
249	4.472198
250	6.322517
251	6.045182
252	6.213836
253	6.299112
254	6.011472
255	5.750321
256	4.489728
257	4.980947
258	6.198092
259	3.721771
260	5.226896
261	4.826126
262	4.650125
263	4.805844
264	6.016393
265	5.571954
266	3.883016
267	5.336872
268	6.154358
269	5.056463
270	4.339091
271	4.592525
272	5.307907
273	3.645671
274	6.102493
275	3.881754
276	6.163684
277	5.325872
278	4.526189
279	4.055091
280	4.502098
281	4.886861
282	3.481660
283	3.852870
284	5.211085
285	5.966910
286	4.118153
287	5.966213
288	5.590796
289	4.277113
290	6.682285
291	6.874017
292	7.267698
293	5.247864
294	6.217848
295	5.604175
296	6.937709
297	5.315506
298	6.413636
299	5.035918
300	5.513571
301	6.318971
302	4.628531
303	4.295230
304	5.123913
305	4.951414
306	4.519180
307	7.466737
308	5.630009
309	5.339150
310	4.603326
311	4.727565
312	6.258184
313	4.263205
314	6.360864
315	6.934219
316	5.227784
317	5.748530
318	6.023022
319	4.404193
320	6.250703
321	5.143627
322	5.404270
323	5.389783
324	4.758630
325	4.650312
326	7.730854
327	4.362981
328	5.720281
329	3.991827
330	5.511370
331	5.151783
332	5.395278
333	5.855980
334	5.302187
335	6.443896
336	4.325655
337	4.003023
338	5.323797
339	4.451662
340	4.199691
341	3.815939
342	5.702220
343	4.752293
344	4.716524
345	4.817430
346	3.800332
347	4.918587
348	4.955657
349	4.326231
350	6.132414
351	4.452246
352	5.450562
353	5.115059
354	6.211387
355	6.300961
356	5.720165
357	5.564367
358	4.827483
359	4.693253
360	6.251880
361	3.877064
362	5.090226
363	4.834304
364	4.990810
365	4.915048
366	4.572703
367	4.443083
368	5.375705
369	4.371749
370	5.979172
371	5.864988
372	3.857368
373	5.237414
374	5.616528
375	5.136936
376	4.122936
377	5.861606
378	4.244962
379	4.982468
380	3.882602
381	5.354578
382	3.949454
383	6.061185
384	5.887309
385	5.324670
386	5.826196
387	4.906517
388	5.186039
389	5.689087
390	6.036406
391	6.323504
392	6.821479
393	5.976227
394	6.029885
395	6.627126
396	6.912676
397	6.361454
398	5.752147
399	7.370170
400	7.908749
401	5.894150
402	6.545248
403	6.017074
404	5.125819
405	5.032803
406	5.967587
407	5.574850
408	6.751644
409	6.324729
410	3.836209
411	5.444940
412	5.624890
413	4.831356
414	5.653035
415	4.673093
416	4.892391
417	5.564251
418	5.496081
419	4.815662
420	4.187480
421	4.862561
422	6.421098
423	4.263437
424	6.058300
425	5.451138
426	5.239141
427	4.456120
428	5.090177
429	5.044789
430	4.381711
431	5.384301
432	6.166441
433	5.574415
434	5.033944
435	5.231873
436	6.108732
437	5.429713
438	5.536035
439	5.670424
440	5.329700
441	6.158904
442	6.513401
443	8.068495
444	7.536510
445	6.013727
446	5.655026
447	6.406356
448	4.386273
449	4.952878
450	6.312282
451	5.359059
452	6.878875
453	5.724728
454	5.722735
455	7.467248
456	4.211662
457	6.441302
458	5.858164
459	5.783588
460	4.707792
461	4.759349
462	5.499692
463	4.138816
464	6.094891
465	5.820636
466	5.466171
467	5.977981
468	6.234211
469	4.235727
470	5.055856
471	5.341891
472	3.722980
473	4.929564
474	5.385434
475	5.168684
476	4.417715
477	4.386492
478	6.575236
479	5.829458
480	5.770763
481	5.734265
482	6.457756
483	7.321536
484	6.362501
485	6.016063
486	5.162663
487	5.813114
488	6.122442
489	7.580468
490	6.191784
491	5.754468
492	6.040083
493	7.378487
494	5.171983
495	5.174177
496	6.842587
497	5.540976
498	4.517887
499	4.911872
500	4.924529
501	4.564713
502	5.159854
503	6.455555
504	5.303969
505	6.721918
506	5.710007
507	5.550953
508	6.448365
509	7.329483
510	7.321490
511	7.464590
512	6.186188
513	7.389929
514	7.105791
515	6.162295
516	5.492882
517	7.465956
518	6.928823
519	5.712566
520	6.591550
521	7.143934
522	6.168908
523	6.535297
524	6.220829
525	6.790833
526	6.856560
527	5.477273
528	6.941046
529	7.235559
530	7.365956
531	5.365901
532	5.162268
533	5.217863
534	7.288552
535	6.267106
536	8.022679
537	5.522979
538	5.422861
539	6.533154
540	7.322576
541	7.963346
542	6.542892
543	6.503374
544	6.851315
545	5.667768
546	7.254481
547	6.602675
548	6.401860
549	7.123806
550	6.332978
551	6.232501
552	6.552390
553	5.670140
554	6.478624
555	6.639193
556	8.117007
557	6.535998
558	5.823906
559	7.008467
560	7.963029
561	6.143604
562	5.549635
563	4.425952
564	5.129761
565	8.659514
566	6.708761
567	6.151342
568	6.424272
569	7.718122
570	5.842992
571	5.603331
572	6.091134
573	6.426080
574	4.176995
575	5.131042
576	5.701395
577	5.838800
578	5.937012
579	5.287894
580	6.283133
581	5.954045
582	5.003236
583	5.080959
584	4.996496
585	5.203565
586	6.044225
587	5.274283
588	4.452933
589	5.214401
590	4.350733
591	4.196344
592	5.941870
593	6.596319
594	6.871079
595	5.953334
596	6.405982
597	5.757762
598	7.432669
599	7.039739
600	5.594711
601	7.030869
602	6.305340
603	7.397500
604	6.403235
605	5.547665
606	8.179034
607	4.727217
608	5.429189
609	4.631761
610	5.030260
611	6.151384
612	4.234770
613	6.134933
614	6.374088
615	7.336308
616	6.612610
617	5.272325
618	6.243827
619	6.859169
620	4.293272
621	4.543614
622	4.383924
623	5.853767
624	4.791543
625	4.928212
626	4.272010
627	4.655522
628	5.560414
629	4.045876
630	4.317927
631	6.102736
632	6.650134
633	7.716462
634	6.367243
635	8.086247
636	4.275255
637	4.510709
638	3.986943
639	4.302802
640	7.367951
641	4.693879
642	4.301418
643	5.065074
644	5.445714
645	5.292986
646	5.192170
647	5.550865
648	5.785092
649	4.684848
650	4.634879
651	4.475766
652	4.818310
653	5.022779
654	4.341713
655	4.957345
656	3.830211
657	7.930275
658	6.071360
659	5.719871
660	6.131324
661	5.838708
662	5.149380
663	6.601515
664	5.925089
665	4.529160
666	4.706305
667	7.031500
668	6.428568
669	5.181736
670	5.243922
671	4.730811
672	4.809274
673	3.825243
674	6.063992
675	5.015925
676	5.275697
677	3.741254
678	4.064813
679	4.792930
680	4.805186
681	3.959812
682	4.731406
683	4.216693
684	4.906835
685	5.493863
686	5.155084
687	4.332814
688	4.543020
689	4.714410
690	4.524582
691	4.127153
692	5.115601
693	4.966456
694	4.650601
695	4.305509
696	4.601675
697	4.788593
698	4.565192
699	4.715655
700	4.526744
701	4.790783
702	4.218984
703	5.421127
704	4.358830
705	4.538634
706	4.132191
707	5.065897
708	3.842056
709	5.210267
710	5.307709
711	4.276144
712	4.668160
713	3.772638
714	4.412199
715	4.134016
716	4.445256
717	4.385170
718	4.190762
719	3.050411
720	4.559058
721	5.322839
722	5.130780
723	4.818345
724	5.519611
725	5.626241
726	4.737946
727	6.031270
728	5.885209
729	5.859898
730	5.749305
731	5.025913
732	6.996148
733	6.089640
734	4.932689
735	5.177269
736	4.563290
737	5.057174
738	4.969245
739	5.259761
740	5.620623
741	6.302976
742	6.363427
743	7.036313
744	4.351850
745	6.303277
746	5.251037
747	4.985282
748	6.282446
749	5.099472
750	3.865412
751	6.041227
752	4.789769
753	4.187278
754	5.122842
755	3.956399
756	7.630329
757	7.450917
758	5.494333
759	5.490085
760	5.004539
761	5.679730
762	6.388654
763	5.412752
764	6.038578
765	6.495331
766	7.567225
767	7.258961
768	6.320340
769	7.614686
770	6.405073
771	6.566315
772	5.282462
773	6.135967
774	4.683688
775	4.278248
776	5.016225
777	4.995709
778	4.642273
779	3.465674
780	4.328765
781	3.973486
782	4.630659
783	5.620275
784	4.065761
785	4.107177
786	4.806391
787	4.490179
788	4.505919
789	5.828019
790	6.860538
791	6.935321
792	7.725867
793	6.449483
794	5.902209
795	6.209009
796	5.815205
797	5.990067
798	6.596653
799	6.781370
800	6.161468
801	6.219404
802	7.226236
803	4.851690
804	4.591166
805	5.239093
806	4.871561
807	5.794349
808	5.052073
809	4.643930
810	4.892853
811	4.988364
812	4.782333
813	4.251355
814	4.611790
815	4.693634
816	4.879438
817	4.548119
818	5.638412
819	6.563316
820	5.268414
821	5.817431
822	6.422812
823	6.235552
824	5.323816
825	4.599522
826	6.058936
827	3.689795
828	4.284694
829	4.742300
830	5.881524
831	5.545635
832	5.285269
833	5.158460
834	4.513560
835	5.867216
836	5.335063
837	4.825984
838	4.199394
839	3.705686
840	4.514666
841	5.474540
842	4.634373
843	4.478181
844	4.620886
845	5.806767
846	4.510454
847	4.685150
848	5.116803
849	4.952181
850	4.768983
851	5.346084
852	5.069792
853	5.106084
854	4.773979
855	4.671821
856	5.496780
857	5.785162
858	5.147195
859	4.992335
860	5.106086
861	4.981494
862	3.909287
863	5.031442
864	5.299254
865	5.928244
866	4.702863
867	4.248223
868	4.540461
869	5.543258
870	5.472084
871	4.740527
872	4.874979
873	5.859813
874	6.064702
875	3.801719
876	4.217145
877	5.586064
878	6.107938
879	7.239743
880	6.570516
881	5.370111
882	4.489477
883	5.795394
884	5.347849
885	4.657445
886	4.532705
887	6.081867
888	6.662140
889	6.026119
890	5.579721
891	4.612105
892	5.980910
893	5.194792
894	5.657455
895	5.897069
896	7.184713
897	6.976575
898	4.767012
899	7.084483
900	5.545197
901	5.537853
902	6.988061
903	6.173079
904	5.683179
905	5.943758
906	5.864442
907	6.225925
908	5.697183
909	6.224574
910	7.161003
911	5.921173
912	6.158937
913	6.067855
914	7.293683
915	7.422760
916	4.784026
917	5.298029
918	4.420881
919	5.147855
920	4.333994
921	4.901980
922	5.572298
923	5.978034
924	5.261236
925	3.978300
926	5.121280
927	3.961629
928	4.569387
929	5.660405
930	4.546417
931	4.600063
932	5.193947
933	4.087552
934	5.944461
935	5.421706
936	4.373786
937	5.159509
938	3.574758
939	3.640522
940	3.742791
941	4.672152
942	4.759422
943	5.440535
944	6.310040
945	5.007303
946	4.354104
947	4.973379
948	5.888617
949	4.840136
950	4.147735
951	7.751239
952	4.455042
953	6.284633
954	5.027962
955	4.473412
956	5.667266
957	5.998543
958	6.095089
959	5.740609
960	5.120254
961	4.788798
962	5.001228
963	7.169890
964	6.188707
965	5.322208
966	5.197952
967	5.403796
968	5.181141
969	4.023753
970	5.519010
971	5.815359
972	3.907032
973	4.335227
974	4.145611
975	4.987442
976	4.812370
977	5.806073
978	4.953032
979	5.269509
980	5.410361
981	4.654065
982	5.349595
983	5.597247
984	5.063051
985	5.214225
986	5.041247
987	4.706373
988	4.495263
989	6.361529
990	4.030560
991	4.344608
992	4.265230
993	4.934105
994	4.790855
995	4.166219
996	5.373685
997	5.524036
998	5.624887
999	4.430594
1000	5.205406
1001	6.391541
1002	5.626945
1003	5.657541
1004	4.221970
1005	5.112190
1006	4.489655
1007	4.280120
1008	5.511714
1009	5.016015
1010	6.818717
1011	7.506826
1012	4.503121
1013	5.515515
1014	5.249133
1015	4.982260
1016	4.456377
1017	5.460495
1018	5.590151
1019	7.069519
1020	6.394232
1021	6.394756
1022	6.027786
1023	5.590117
1024	5.535711
1025	4.992685
1026	6.948913
1027	7.462928
1028	5.467733
1029	7.348667
1030	6.479491
1031	5.116112
1032	5.129036
1033	4.621029
1034	4.775866
1035	6.891866
1036	5.786760
1037	5.902076
1038	6.052983
1039	5.408338
1040	6.122696
1041	5.502953
1042	6.725430
1043	6.412465
1044	6.025687
1045	5.699894
1046	6.436257
1047	5.536795
1048	5.695059
1049	5.466280
1050	6.205571
1051	6.961595
1052	6.674093
1053	6.396921
1054	5.663879
1055	5.429052
1056	5.447357
1057	7.468694
1058	5.326819
1059	6.060205
1060	5.485264
1061	6.594311
1062	5.888184
1063	5.053731
1064	5.261283
1065	4.582335
1066	5.210076
1067	4.699030
1068	3.500699
1069	5.197788
1070	5.708379
1071	5.495033
1072	6.139341
1073	5.605744
1074	5.361018
1075	5.773992
1076	5.439898
1077	4.037043
1078	4.279662
1079	5.615880
1080	4.726628
1081	5.676097
1082	4.637466
1083	5.339542
1084	6.234372
1085	5.826954
1086	5.913346
1087	7.446744
1088	5.748478
1089	6.783899
1090	6.623617
1091	6.005673
1092	6.684616
1093	5.914266
1094	7.035260
1095	6.830228
1096	7.087240
1097	6.389126
1098	7.311367
1099	5.792210
1100	6.993168
1101	5.679137
1102	5.850308
1103	6.847513
1104	5.123028
1105	5.136868
1106	4.686716
1107	4.959395
1108	4.258675
1109	4.659893
1110	5.506979
1111	5.610226
1112	5.909827
1113	6.136303
1114	5.810547
1115	6.614385
1116	5.312669
1117	6.468038
1118	5.277358
1119	5.224183
1120	5.162457
1121	5.245350
1122	6.173526
1123	5.034647
1124	5.522950
1125	4.232184
1126	5.295595
1127	5.655962
1128	5.149734
1129	4.511950
1130	4.535466
1131	5.281902
1132	4.197487
1133	5.402354
1134	5.556099
1135	6.928638
1136	7.450916
1137	6.767754
1138	6.367805
1139	6.860073
1140	7.500305
1141	4.588307
1142	3.617746
1143	4.475424
1144	4.360095
1145	5.360683
1146	5.023478
1147	4.197217
1148	5.050747
1149	4.382483
1150	6.191329
1151	4.769341
1152	4.375660
1153	5.151834
1154	3.792254
1155	5.520782
1156	4.536230
1157	5.356954
1158	4.583034
1159	5.387504
1160	5.245447
1161	5.203788
1162	4.999428
1163	4.970849
1164	4.950369
1165	5.322208
1166	5.007215
1167	4.903716
1168	4.545209
1169	5.085213
1170	5.062913
1171	4.664474
1172	5.713711
1173	3.973065
1174	4.631079
1175	4.506052
1176	4.343483
1177	4.648540
1178	5.617052
1179	4.784320
1180	4.102817
1181	3.895560
1182	5.049206
1183	5.888387
1184	5.528925
1185	5.542904
1186	5.078950
1187	6.028350
1188	5.847016
1189	4.315564
1190	5.046234
1191	4.351749
1192	5.018657
1193	6.092134
1194	5.485811
1195	5.354418
1196	4.865068
1197	5.956090
1198	4.791756
1199	6.636778
1200	5.298273
1201	4.405748
1202	4.402453
1203	5.572331
1204	5.343238
1205	5.833055
1206	6.447312
1207	5.963360
1208	6.485586
1209	5.208701
1210	5.995148
1211	7.198865
1212	5.205892
1213	6.193555
1214	5.792703
1215	5.667564
1216	5.552235
1217	6.760910
1218	5.579912
1219	4.130532
1220	5.925177
1221	5.583153
1222	4.756666
1223	4.536672
1224	4.746672
1225	3.951100
1226	3.814629
1227	3.660683
1228	4.608743
1229	4.175909
1230	4.529527
1231	4.624867
1232	4.317189
1233	4.497554
1234	4.452471
1235	4.265561
1236	3.927163
1237	3.777259
1238	4.256498
1239	3.618410
1240	4.096083
1241	4.230768
1242	3.945948
1243	4.435471
1244	4.675912
1245	3.629172
1246	4.166784
1247	3.891011
1248	4.481469
1249	4.331065
1250	3.677226
1251	4.175098
1252	4.378657
1253	4.470760
1254	4.420619
1255	4.212557
1256	5.082183
1257	4.417296
1258	4.245245
1259	3.898124
1260	4.118929
1261	4.473576
1262	4.022341
1263	3.641496
1264	5.664287
1265	5.727489
1266	6.897211
1267	6.757897
1268	6.381111
1269	4.963723
1270	5.943711
1271	6.408903
1272	5.643150
1273	6.455043
1274	7.173234
1275	6.761256
1276	6.259229
1277	4.999222
1278	4.042896
1279	4.375423
1280	5.833231
1281	6.046410
1282	4.984586
1283	5.754747
1284	4.012632
1285	4.592218
1286	4.754819
1287	6.483281
1288	4.580052
1289	4.520422
1290	4.426702
1291	4.182365
1292	4.609396
1293	4.748563
1294	5.461264
1295	5.031601
1296	4.815851
1297	4.127579
1298	4.649024
1299	3.603910
1300	4.638073
1301	3.945388
1302	3.628581
1303	4.131706
1304	4.543190
1305	6.552632
1306	4.347716
1307	4.743857
1308	4.525682
1309	3.795127
1310	3.559904
1311	4.282825
1312	3.859858
1313	4.455400
1314	4.532041
1315	4.077525
1316	3.436190
1317	4.258792
1318	5.254959
1319	5.241298
1320	5.070710
1321	3.552466
1322	4.085533
1323	4.063804
1324	4.683107
1325	4.666059
1326	4.109365
1327	5.032241
1328	4.348541
1329	5.055899
1330	4.638307
1331	4.067542
1332	4.031847
1333	5.142309
1334	3.711145
1335	5.412263
1336	4.387722
1337	4.229967
1338	5.663116
1339	5.988665
1340	5.587925
1341	7.241882
1342	6.622468
1343	5.232838
1344	6.013958
1345	5.919298
1346	6.266269
1347	7.358399
1348	6.752954
1349	6.311053
1350	5.354736
1351	6.168986
1352	6.883613
1353	6.116324
1354	6.554246
1355	7.145535
1356	5.514761
1357	4.436881
1358	5.303621
1359	6.522494
1360	5.138230
1361	5.167533
1362	4.619504
1363	4.591798
1364	6.289975
1365	5.908074
1366	5.607647
1367	6.269870
1368	5.094635
1369	5.235895
1370	4.091527
1371	4.323259
1372	4.525547
1373	4.999737
1374	5.152338
1375	6.342598
1376	6.803887
1377	4.935684
1378	5.223411
1379	4.856554
1380	4.310288
1381	5.154814
1382	6.165948
1383	4.707667
1384	5.306926
1385	6.050502
1386	4.146672
1387	4.958648
1388	4.824262
1389	5.486674
1390	5.187711
1391	4.918804
1392	5.395133
1393	5.886417
1394	5.963556
1395	4.125112
1396	4.704432
1397	4.521187
1398	4.676567
1399	5.419462
1400	5.642145
1401	6.576503
1402	6.222364
1403	4.937265
1404	5.179326
1405	4.857737
1406	4.787965
1407	5.728612
1408	4.926641
1409	4.084557
1410	4.563969
1411	5.145463
1412	5.067178
1413	4.761828
1414	4.310765
1415	4.699818
1416	6.050030
1417	5.476805
1418	5.849737
1419	4.085244
1420	4.246101
1421	4.145130
1422	4.319746
1423	4.389396
1424	4.633404
1425	4.288800
1426	3.994870
1427	4.446585
1428	3.789509
1429	4.390539
1430	3.948110
1431	4.411042
1432	3.847519
1433	4.284706
1434	4.482465
1435	5.149591
1436	3.906228
1437	4.282966
1438	5.529610
1439	4.227967
1440	4.239261
1441	5.151951
1442	3.654627
1443	4.177870
1444	4.518285
1445	6.065723
1446	5.651630
1447	6.169612
1448	7.430714
1449	6.729376
1450	6.647302
1451	6.327195
1452	6.274113
1453	7.453383
1454	6.321344
1455	5.715995
1456	6.454105
1457	4.750526
1458	6.089546
1459	6.571049
1460	8.589836
1461	4.917094
1462	4.965369
1463	3.794535
1464	5.214654
1465	4.473073
1466	4.345213
1467	4.513772
1468	4.261336
1469	4.209548
1470	4.399379
1471	4.782198
1472	5.121350
1473	4.451793
1474	5.426990
1475	4.856483
1476	4.679358
1477	5.618766
1478	5.652160
1479	4.371571
1480	5.373814
1481	4.533197
1482	5.586530
1483	4.583731
1484	4.661137
1485	5.326103
1486	7.649438
1487	5.733175
1488	7.276462
1489	5.462964
1490	7.018475
1491	6.783576
1492	6.247856
1493	6.831873
1494	6.315197
1495	6.813410
1496	6.535116
1497	7.266491
1498	6.716101
1499	5.284060
1500	5.203895
1501	6.775668
1502	6.898731
1503	7.231582
1504	6.724945
1505	6.089676
1506	5.443575
1507	7.827445
1508	4.742870
1509	6.626267
1510	6.764569
1511	5.415023
1512	6.474772
1513	7.057373
1514	7.127155
1515	7.275041
1516	7.175639
1517	5.925581
1518	6.571005
1519	6.759947
1520	5.800049
1521	5.481331
1522	4.298022
1523	4.332702
1524	4.686780
1525	5.216523
1526	7.347525
1527	5.765489
1528	5.943049
1529	5.706822
1530	4.569182
1531	7.257894
1532	6.116779
1533	7.143282
1534	4.959889
1535	4.950644
1536	6.037390
1537	6.117865
1538	5.309285
1539	5.853793
1540	5.186577
1541	5.038393
1542	5.251713
1543	5.984403
1544	6.265019
1545	4.503159
1546	6.883515
1547	5.024013
1548	4.691034
1549	4.989852
1550	5.853248
1551	6.592993
1552	5.709036
1553	7.535909
1554	4.667999
1555	6.004046
1556	6.088771
1557	5.617026
1558	4.686433
1559	5.246942
1560	5.255960
1561	6.128346
1562	6.947958
1563	7.303521
1564	7.081437
1565	7.914613
1566	5.758429
1567	5.458394
1568	8.237046
1569	6.883704
1570	6.915302
1571	6.404850
1572	7.045887
1573	6.647572
1574	7.913551
1575	6.600644
1576	7.401857
1577	8.074834
1578	7.624239
1579	7.309125
1580	8.420666
1581	7.018647
1582	8.510904
1583	9.548718
1584	8.677210
1585	5.437297
1586	8.273866
1587	7.069124
1588	6.490645
1589	5.573727
1590	6.702520
1591	6.132646
1592	6.116014
1593	8.504593
1594	5.414693
1595	8.185269
1596	8.803754
1597	7.179503
1598	6.833632
1599	5.483367
1600	8.050371
1601	6.464223
1602	6.577766
1603	5.085956
1604	7.445428
1605	7.501585
1606	6.996128
1607	7.395944
1608	7.659464
1609	7.074671
1610	8.376277
1611	6.804181
1612	7.069242
1613	6.342727
1614	6.988519
1615	6.387337
1616	7.737459
1617	8.178138
1618	7.514416
1619	7.299437
1620	6.756793
1621	5.341476
1622	7.641704
1623	7.208548
1624	6.000999
1625	7.725505
1626	7.057777
1627	7.611901
1628	8.369284
1629	7.221704
1630	7.321439
1631	5.134724
1632	5.434307
1633	5.405941
1634	5.271234
1635	5.364789
1636	7.360093
1637	6.890004
1638	7.256866
1639	6.781257
1640	7.557028
1641	7.146061
1642	7.002036
1643	7.401638
1644	7.008577
1645	7.764392
1646	6.507025
1647	6.752223
1648	7.952213
1649	7.216800
1650	7.590236
1651	7.001922
1652	7.269555
1653	5.832031
1654	7.713830
1655	7.308354
1656	6.714178
1657	7.823054
1658	5.994940
1659	5.158392
1660	5.979603
1661	4.502510
1662	5.626738
1663	5.194651
1664	6.210974
1665	5.485410
1666	5.514181
1667	5.709125
1668	4.330486
1669	4.586983
1670	4.351205
1671	4.668286
1672	4.315343
1673	4.599346
1674	4.601317
1675	4.544589
1676	4.507879
1677	6.750661
1678	6.931472
1679	5.645017
1680	6.540747
1681	8.050122
1682	6.436985
1683	4.380993
1684	5.016353
1685	5.253305
1686	7.366038
1687	6.144004
1688	7.265569
1689	5.499264
1690	6.857777
1691	5.663443
1692	4.388449
1693	5.047781
1694	3.967695
1695	4.077192
1696	4.253328
1697	5.210078
1698	5.241001
1699	4.143988
1700	4.443841
1701	4.382796
1702	4.242426
1703	3.814682
1704	3.665037
1705	4.260985
1706	4.389225
1707	4.833746
1708	3.620345
1709	4.824190
1710	4.162320
1711	4.471434
1712	7.554218
1713	5.863523
1714	5.511643
1715	7.057126
1716	4.140013
1717	4.471699
1718	5.892993
1719	4.412652
1720	4.311266
1721	5.026302
1722	4.393120
1723	4.942593
1724	5.048019
1725	4.089364
1726	4.449396
1727	4.213217
1728	5.167143
1729	4.449471
1730	3.811627
1731	4.165164
1732	4.991362
1733	4.912739
1734	5.589106
1735	4.173968
1736	4.934722
1737	4.637705
1738	4.799113
1739	4.549517
1740	4.432304
1741	5.550740
1742	4.671657
1743	5.563837
1744	4.673724
1745	4.652250
1746	5.340130
1747	4.097475
1748	4.404158
1749	3.140924
1750	3.790910
1751	4.332910
1752	3.920469
1753	3.971914
1754	4.727472
1755	5.237998
1756	4.602271
1757	4.149651
1758	4.271499
1759	4.258336
1760	4.891882
1761	4.726709
1762	3.992169
1763	4.692741
1764	3.954580
1765	4.278155
1766	4.322603
1767	4.115201
1768	4.169722
1769	3.894176
1770	5.195229
1771	5.795039
1772	4.286968
1773	5.028857
1774	3.841771
1775	3.877500
1776	4.578612
1777	4.125470
1778	3.780660
1779	4.431173
1780	5.082657
1781	4.560592
1782	4.166475
1783	4.558620
1784	5.314341
1785	6.632052
1786	4.145976
1787	4.515462
1788	3.805446
1789	4.089449
1790	4.094216
1791	4.601367
1792	4.584343
1793	4.025839
1794	4.420350
1795	6.173194
1796	4.464226
1797	3.962941
1798	5.424002
1799	6.162344
1800	4.602584
1801	6.294871
1802	7.883782
1803	6.476373
1804	6.468665
1805	5.515968
1806	5.888574
1807	8.185946
1808	7.804268
1809	5.315291
1810	4.833642
1811	4.506737
1812	7.164195
1813	6.874516
1814	6.841680
1815	6.259048
1816	6.652264
1817	6.360038
1818	6.034455
1819	6.066985
1820	5.330903
1821	5.440642
1822	7.232449
1823	6.402702
1824	7.368979
1825	6.377133
1826	7.527826
1827	7.260655
1828	7.201501
1829	6.903339
1830	7.787914
1831	6.153511
1832	6.182638
1833	5.788757
1834	6.173670
1835	6.163512
1836	6.165072
1837	5.877859
1838	5.029602
1839	6.253869
1840	6.723576
1841	6.895584
1842	7.274407
1843	5.645723
1844	5.052713
1845	5.078690
1846	5.126770
1847	5.619439
1848	5.607941
1849	6.904569
1850	8.339659
1851	5.130050
1852	6.358720
1853	7.034015
1854	7.006836
1855	6.544806
1856	5.100798
1857	5.645619
1858	5.860766
1859	7.482421
1860	7.134009
1861	5.263973
1862	6.051973
1863	7.771175
1864	5.919899
1865	5.814122
1866	6.512332
1867	7.467302
1868	6.213475
1869	5.707035
1870	6.454488
1871	4.905456
